0.002190
0.000837
0.002130
0.000835
0.000784
0.000819
0.000821
0.002146
0.002323
0.002013
0.000833
0.000837
0.000808
0.001270
0.002002
0.000832
0.000834
0.002143
0.000836
0.001894
0.001807
0.000820
0.002013
0.001992
0.000835
0.000852
0.002113
0.000850
0.002003
0.000850
0.002030
0.002017
0.000780
0.000832
0.000834
0.002012
0.000859
0.000829
0.002042
0.002048
0.002064
0.002049
0.002340
0.000786
0.001213
0.002025
0.000841
0.000829
0.001715
0.000817
0.000781
0.001132
0.002443
0.001990
0.000770
0.000893
0.002093
0.001145
0.000837
0.002029
0.002070
0.001260
0.000822
0.001999
0.000832
0.002012
0.002017
0.000780
0.002030
0.002023
0.001999
0.001410
0.001721
0.000828
0.000831
0.001996
0.001255
0.002022
0.002017
0.001934
0.000771
0.001499
0.000829
0.001206
0.000856
0.000988
0.001053
0.000819
0.002025
0.001402
0.001408
0.002041
0.000828
0.002017
0.001345
0.000828
0.000835
0.000836
0.000834
0.002049
0.002226
0.002017
0.000831
0.002031
0.002002
0.002018
0.000845
0.000825
0.002012
0.001987
0.001867
0.001977
0.000818
0.001967
0.001999
0.001997
0.000783
0.002023
0.002037
0.000835
0.002023
0.000780
0.002089
0.002054
0.000781
0.000836
0.001485
0.001998
0.000768
0.002021
0.002003
0.000763
0.002005
0.000809
0.002015
0.000826
0.002011
0.000822
0.001990
0.000818
0.000769
0.000768
0.001994
0.000821
0.000772
0.001995
0.002010
0.001999
0.000825
0.002199
0.000826
0.000878
0.001986
0.000822
0.001346
0.002262
0.002086
0.001350
0.000779
0.000833
0.002000
0.001990
0.001970
0.000814
0.000815
0.002073
0.002296
0.002030
0.002126
0.000846
0.001997
0.000776
0.001097
0.001991
0.002054
0.002181
0.001980
0.001981
0.000775
0.002048
0.000839
0.001015
0.002034
0.002011
0.001992
0.001989
0.001983
0.000773
0.000827
0.002351
0.000769
0.000929
0.001990
0.001995
0.001993
0.001995
0.001964
0.001969
0.001180
0.002016
0.000850
0.001964
0.000829
0.000831
0.002005
0.001991
0.002038
0.001113
0.002040
0.002008
0.002006
0.000829
0.000808
0.001936
0.001993
0.000814
0.001997
0.002020
0.002256
0.001987
0.000826
0.000821
0.001053
0.000824
0.000872
0.002034
0.001401
0.001357
0.000832
0.001639
0.002134
0.000775
0.002008
0.002012
0.002077
0.000838
0.002110
0.002041
0.000815
0.001243
0.001973
0.001709
0.001983
0.001986
0.001947
0.002011
0.001985
0.001347
0.002045
0.002025
0.002038
0.000836
0.001437
0.002036
0.002027
0.000839
0.001984
0.000826
0.001195
0.001996
0.000828
0.000775
0.000826
0.002000
0.001996
0.002211
0.000835
0.000836
0.000833
0.000835
0.001992
0.001999
0.000776
0.000833
0.002023
0.001977
0.002016
0.000767
0.000832
0.002007
0.002015
0.001327
0.000824
0.002016
0.000782
0.000829
0.001201
0.002010
0.002088
0.002000
0.000822
0.000816
0.000825
0.001999
0.002025
0.001978
0.000822
0.000824
0.000823
0.000824
0.000770
0.002004
0.000819
0.002029
0.001998
0.001333
0.000832
0.000822
0.002024
0.001008
0.000819
0.000825
0.002059
0.001988
0.001995
0.001979
0.002068
0.002005
0.001995
0.000825
0.000835
0.000827
0.000841
0.000798
0.000776
0.002010
0.001296
0.000835
0.000827
0.000832
0.002207
0.002012
0.002029
0.002014
0.002034
0.000768
0.001991
0.000822
0.002040
0.001141
0.000772
0.000765
0.001492
0.000831
0.000766
0.000841
0.002025
0.000768
0.002010
0.002070
0.001989
0.001989
0.000821
0.000825
0.001986
0.000809
0.001983
0.001960
0.001732
0.001997
0.002055
0.000877
0.001992
0.002002
0.001974
0.001354
0.001263
0.002212
0.001012
0.000785
0.001755
0.001965
0.000759
0.000816
0.002004
0.000829
0.001294
0.002186
0.002081
0.000826
0.000960
0.000828
0.001516
0.000772
0.000828
0.000851
0.002036
0.000822
0.000828
0.001346
0.001982
0.000845
0.001315
0.002122
0.002016
0.001928
0.002010
0.002143
0.000899
0.000822
0.000834
0.001401
0.002136
0.001212
0.002185
0.001996
0.001991
0.002016
0.001985
0.001345
0.000797
0.000778
0.001982
0.001977
0.000766
0.001994
0.000775
0.000829
0.002034
0.002004
0.002008
0.002010
0.000828
0.000825
0.000835
0.002018
0.000775
0.001934
0.001997
0.002002
0.002006
0.001997
0.001093
0.001605
0.000822
0.000829
0.001999
0.002001
0.001999
0.000828
0.000772
0.002001
0.000858
0.000767
0.000820
0.002000
0.002106
0.000840
0.002006
0.000823
0.000824
0.000845
0.000825
0.000834
0.000964
0.001132
0.000822
0.000820
0.002154
0.002220
0.002014
0.000764
0.001916
0.001979
0.002014
0.000848
0.000841
0.000819
0.000767
0.001538
0.001333
0.002050
0.002004
0.000824
0.001382
0.000841
0.000825
0.001978
0.002013
0.001734
0.001856
0.001990
0.002008
0.000828
0.001996
0.000831
0.002006
0.002007
0.000779
0.000778
0.000832
0.000835
0.002017
0.000880
0.002056
0.001439
0.002061
0.002010
0.000864
0.002032
0.001039
0.000768
0.000828
0.002055
0.002011
0.002002
0.001988
0.002061
0.002067
0.000825
0.001306
0.002074
0.001992
0.000773
0.000831
0.000824
0.000825
0.001449
0.000831
0.001990
0.000825
0.001993
0.000793
0.002015
0.001995
0.001988
0.000832
0.000830
0.000775
0.000829
0.002063
0.001600
0.000832
0.002002
0.002018
0.002012
0.002011
0.002041
0.002016
0.002090
0.002002
0.000833
0.000831
0.000874
0.001279
0.002005
0.001145
0.000775
0.000821
0.000818
0.001879
0.000834
0.001344
0.002018
0.001989
0.002028
0.000824
0.002030
0.000832
0.001022
0.000829
0.000829
0.001419
0.002023
0.001983
0.000827
0.002035
0.002042
0.001975
0.000869
0.002269
0.001989
0.001148
0.001474
0.002000
0.000829
0.002054
0.000828
0.001392
0.002380
0.002194
0.001977
0.000777
0.000836
0.002206
0.000807
0.000833
0.001438
0.001095
0.002016
0.002009
0.000828
0.000830
0.001208
0.002003
0.000829
0.001954
0.001978
0.000870
0.001967
0.000873
0.001710
0.002012
0.001995
0.002139
0.001999
0.001996
0.001411
0.001960
0.002038
0.000817
0.001249
0.000767
0.002008
0.000765
0.002059
0.000775
0.000767
0.000834
0.000821
0.001994
0.001358
0.002217
0.000765
0.000836
0.001167
0.002274
0.000769
0.000832
0.000828
0.000870
0.001462
0.000825
0.002009
0.000823
0.001982
0.001974
0.002071
0.001980
0.001979
0.002004
0.002032
0.001993
0.000812
0.000773
0.000878
0.001999
0.002010
0.000825
0.000770
0.000774
0.001607
0.002001
0.000830
0.001443
0.002022
0.000786
0.000847
0.001252
0.001970
0.001964
0.001977
0.000846
0.002005
0.001976
0.002012
0.002048
0.002044
0.002032
0.002013
0.000948
0.000820
0.001986
0.000773
0.002020
0.000827
0.002021
0.000822
0.001087
0.001992
0.001997
0.000827
0.001995
0.002077
0.002046
0.000830
0.000780
0.002007
0.002016
0.000782
0.002018
0.001504
0.002007
0.000821
0.000768
0.000825
0.001646
0.000837
0.000832
0.000837
0.000858
0.000819
0.000767
0.000819
0.000816
0.000828
0.001260
0.001912
0.000819
0.002034
0.000827
0.000840
0.001389
0.000840
0.000861
0.000831
0.001411
0.001976
0.001989
0.000823
0.001059
0.001961
0.000767
0.001026
0.000818
0.000817
0.001215
0.000950
0.000765
0.001133
0.002007
0.001983
0.002002
0.002004
0.002006
0.000826
0.001726
0.001885
0.000829
0.001011
0.000814
0.002005
0.001988
0.000824
0.002044
0.002096
0.002020
0.002039
0.002007
0.000778
0.001195
0.001990
0.002059
0.001975
0.001994
0.002105
0.001493
0.001506
0.001795
0.001393
0.001998
0.001988
0.000830
0.002004
0.002073
0.002027
0.002002
0.002014
0.000794
0.001987
0.001986
0.002243
0.000825
0.001988
0.002247
0.000818
0.001990
0.000845
0.000824
0.000837
0.000771
0.001271
0.001264
0.001996
0.001951
0.001951
0.000830
0.000778
0.001999
0.000823
0.000826
0.002161
0.001433
0.000836
0.002012
0.002004
0.000830
0.000810
0.000819
0.001490
0.000823
0.002015
0.002051
0.001992
0.002021
0.000827
0.002030
0.002011
0.002052
0.000763
0.001321
0.000817
0.000822
0.001312
0.000814
0.001256
0.001974
0.001994
0.000831
0.000947
0.001497
0.000962
0.000776
0.001269
0.000849
0.000858
0.000812
0.000849
0.002013
0.000819
0.002010
0.000821
0.001827
0.000987
0.000822
0.001186
0.000832
0.000774
0.001997
0.000781
0.001400
0.002027
0.002021
0.002038
0.000832
0.002017
0.001187
0.001969
0.000766
0.000820
0.002023
0.002012
0.000832
0.000828
0.000825
0.000827
0.001608
0.001184
0.001185
0.002011
0.000820
0.001190
0.000833
0.002057
0.000847
0.002007
0.000822
0.001250
0.000781
0.001846
0.002000
0.002122
0.000831
0.001262
0.001039
0.000823
0.000823
0.000769
0.000768
0.000821
0.002012
0.000825
0.000828
0.000827
0.002024
0.002046
0.002037
0.000778
0.001384
0.001145
0.000774
0.001834
0.000771
0.001997
0.001999
0.002064
0.002008
0.000828
0.001999
0.000831
0.000827
0.002031
0.000827
0.000824
0.001998
0.001098
0.002005
0.002100
0.000830
0.000782
0.000814
0.000821
0.002029
0.002011
0.002051
0.002046
0.000835
0.000824
0.001258
0.002037
0.000846
0.000847
0.000850
0.002078
0.002084
0.000819
0.001989
0.001987
0.000822
0.002041
0.001980
0.001993
0.000768
0.002248
0.000800
0.000822
0.000766
0.001698
0.002008
0.000859
0.000831
0.000899
0.001719
0.000822
0.001994
0.000765
0.000771
0.001838
0.001999
0.002021
0.002035
0.002039
0.000831
0.000777
0.002010
0.000823
0.000819
0.002021
0.000822
0.000826
0.001985
0.000823
0.000817
0.001705
0.000824
0.001993
0.000828
0.000786
0.001356
0.000843
0.000834
0.000795
0.000844
0.000837
0.001211
0.000772
0.000827
0.000809
0.000851
0.002079
0.002000
0.000778
0.001522
0.000873
0.000992
0.000767
0.001995
0.001976
0.000884
0.000855
0.001173
0.002081
0.002069
0.000860
0.000763
0.001580
0.000819
0.000835
0.000840
0.001587
