0.112464
0.112165
0.131963
0.071226
0.071141
0.109864
0.140262
0.095390
0.093802
0.094143
0.039610
0.035228
0.034765
0.069854
0.105913
0.041894
0.088358
0.133389
0.050141
0.115010
0.059876
0.068049
0.125055
0.116212
0.031289
0.085525
0.120594
0.084016
0.088146
0.100153
0.090006
0.098386
0.045446
0.132141
0.074406
0.070244
0.030522
0.073143
0.083538
0.074723
0.063434
0.069225
0.079540
0.037083
0.106204
0.088755
0.043434
0.063586
0.104643
0.148795
0.070394
0.058824
0.097071
0.134474
0.058664
0.046667
0.137568
0.096836
0.062524
0.148653
0.143178
0.105152
0.048305
0.111478
0.026014
0.061036
0.052134
0.023109
0.052014
0.046005
0.073335
0.049766
0.081692
0.052102
0.111182
0.111513
0.079471
0.116800
0.085577
0.092085
0.048392
0.146023
0.050956
0.107975
0.075092
0.057401
0.076478
0.072388
0.126829
0.056387
0.114014
0.137769
0.090568
0.112871
0.052214
0.027631
0.031406
0.032777
0.058344
0.084795
0.107383
0.111925
0.099275
0.130149
0.127267
0.141149
0.117106
0.080508
0.143953
0.112141
0.142785
0.129314
0.068320
0.130781
0.132414
0.138961
0.058035
0.119824
0.120384
0.051942
0.121936
0.060670
0.146980
0.134333
0.063292
0.124949
0.096914
0.135867
0.047478
0.086516
0.144221
0.064397
0.127071
0.039249
0.096252
0.042608
0.097248
0.078051
0.056563
0.109719
0.033532
0.035345
0.067392
0.036088
0.031871
0.075026
0.074039
0.065872
0.099485
0.131110
0.059164
0.107160
0.124687
0.063829
0.059198
0.119231
0.139883
0.107078
0.032404
0.032902
0.105985
0.112077
0.098661
0.044173
0.102338
0.124948
0.127414
0.104789
0.101546
0.111281
0.128313
0.046331
0.045526
0.105590
0.140832
0.164929
0.142103
0.053358
0.057343
0.108640
0.091631
0.082823
0.114580
0.109900
0.115503
0.136920
0.133948
0.072418
0.082182
0.125103
0.083065
0.074987
0.125560
0.132034
0.141290
0.073269
0.073138
0.074221
0.076214
0.033990
0.070336
0.080791
0.059443
0.072353
0.127856
0.137873
0.089794
0.045079
0.095693
0.100099
0.099391
0.076657
0.055236
0.096570
0.081175
0.046990
0.128850
0.084498
0.077801
0.101976
0.041115
0.033759
0.135040
0.058593
0.052580
0.122297
0.053255
0.108249
0.051758
0.121372
0.100086
0.048022
0.107067
0.119949
0.130000
0.096348
0.102894
0.112003
0.061143
0.097161
0.100589
0.142123
0.125882
0.132565
0.064674
0.126461
0.131452
0.101425
0.096414
0.090626
0.075427
0.035157
0.075817
0.086378
0.080883
0.061747
0.067884
0.037987
0.067340
0.037422
0.043697
0.056182
0.051411
0.090195
0.088446
0.064292
0.035588
0.062497
0.075406
0.032440
0.119929
0.101206
0.103125
0.104384
0.134682
0.095865
0.105175
0.039547
0.051708
0.091846
0.120524
0.094419
0.062558
0.145941
0.038166
0.069009
0.053920
0.083966
0.099592
0.132777
0.064534
0.065486
0.069786
0.121843
0.121621
0.133816
0.058824
0.060554
0.066751
0.065219
0.069847
0.133526
0.061259
0.108633
0.114822
0.081752
0.042590
0.068018
0.132008
0.077448
0.125932
0.142899
0.110052
0.141820
0.106575
0.139631
0.145915
0.084377
0.086788
0.038888
0.048854
0.031485
0.029751
0.028518
0.056853
0.080756
0.099055
0.140135
0.036357
0.074458
0.089893
0.079487
0.081807
0.074220
0.085898
0.064284
0.114615
0.059130
0.031930
0.068052
0.036786
0.068458
0.060594
0.100973
0.083015
0.101531
0.115830
0.065266
0.141555
0.119620
0.083820
0.110799
0.048340
0.073576
0.151470
0.113865
0.146110
0.071194
0.120911
0.144754
0.138670
0.121752
0.111851
0.127299
0.137467
0.068730
0.067392
0.100045
0.070753
0.048883
0.097488
0.058634
0.023247
0.023425
0.096643
0.089221
0.097149
0.114793
0.111978
0.108610
0.084694
0.058851
0.106276
0.062100
0.071963
0.091228
0.141162
0.071446
0.053736
0.075394
0.077478
0.033409
0.066608
0.068999
0.113429
0.139131
0.153301
0.137862
0.079892
0.083087
0.065688
0.135862
0.118680
0.090608
0.116983
0.121483
0.143723
0.112622
0.131329
0.054142
0.044182
0.048381
0.096809
0.097390
0.062227
0.068086
0.039570
0.053374
0.106986
0.071426
0.067750
0.069191
0.066625
0.046345
0.030455
0.147599
0.045048
0.118458
0.132230
0.097154
0.092353
0.092419
0.123851
0.041967
0.104339
0.055645
0.108403
0.123414
0.129417
0.122938
0.062052
0.123577
0.083120
0.064347
0.111630
0.134758
0.062257
0.062166
0.109785
0.129518
0.070809
0.097981
0.039924
0.044782
0.048307
0.060785
0.097516
0.109159
0.110538
0.134336
0.123197
0.061756
0.041437
0.120472
0.057659
0.042004
0.065828
0.076424
0.041463
0.104015
0.134607
0.154560
0.129077
0.051146
0.101291
0.056095
0.074989
0.127289
0.140320
0.121173
0.093751
0.111410
0.122142
0.059961
0.140516
0.102956
0.124994
0.097675
0.056695
0.075730
0.064043
0.056244
0.101662
0.061687
0.122709
0.120648
0.135808
0.123155
0.057113
0.100873
0.111209
0.065366
0.057973
0.137655
0.110092
0.114223
0.134270
0.131930
0.118020
0.018235
0.037025
0.044526
0.038436
0.016727
0.019270
0.020045
0.021803
0.091635
0.051517
0.107716
0.047853
0.099335
0.066162
0.110685
0.125399
0.108961
0.047975
0.084841
0.053613
0.066790
0.094804
0.096998
0.069139
0.126523
0.132746
0.103156
0.115547
0.064813
0.092312
0.068576
0.068950
0.070301
0.027215
0.028473
0.051480
0.063574
0.064860
0.028149
0.094365
0.113812
0.052313
0.059388
0.120515
0.133878
0.111728
0.132078
0.079078
0.143296
0.071693
0.056925
0.113850
0.050017
0.070530
0.089519
0.144632
0.057535
0.079044
0.074861
0.091382
0.062233
0.112417
0.106918
0.103371
0.074499
0.151846
0.114059
0.124218
0.053685
0.031687
0.092181
0.101265
0.090926
0.074191
0.142182
0.101419
0.060818
0.072336
0.114122
0.057021
0.143459
0.084198
0.058030
0.044127
0.089730
0.112904
0.075071
0.141844
0.141334
0.118360
0.150418
0.060104
0.145694
0.143337
0.129053
0.136443
0.121229
0.105775
0.066958
0.094432
0.102342
0.043092
0.085032
0.068346
0.089730
0.051271
0.098776
0.055814
0.047421
0.058235
0.050678
0.117204
0.087997
0.099280
0.032451
0.037229
0.068401
0.075950
0.031207
0.030035
0.035826
0.032882
0.035618
0.085368
0.115529
0.061420
0.075344
0.078907
0.075949
0.083063
0.087437
0.085138
0.084995
0.143153
0.108429
0.058799
0.065551
0.131292
0.097206
0.053741
0.048951
0.078345
0.120385
0.157892
0.050282
0.127387
0.097053
0.045119
0.043040
0.107014
0.117138
0.115373
0.109308
0.070756
0.143353
0.133098
0.157636
0.072965
0.066109
0.075745
0.076980
0.027205
0.057280
0.059906
0.058940
0.142063
0.059437
0.122338
0.038577
0.087432
0.131784
0.127868
0.101867
0.148759
0.154122
0.145443
0.096110
0.037682
0.101774
0.094021
0.067305
0.131460
0.124047
0.149933
0.062661
0.059834
0.068624
0.062164
0.042158
0.062994
0.043457
0.102218
0.031817
0.040875
0.035230
0.039670
0.063497
0.104617
0.058957
0.065734
0.156718
0.053572
0.047481
0.142342
0.062481
0.095852
0.104656
0.102002
0.078516
0.061843
0.037474
0.064649
0.072338
0.095133
0.094965
0.046753
0.116774
0.110675
0.078247
0.046506
0.114861
0.130569
0.147491
0.092722
0.109479
0.123434
0.044028
0.036252
0.072381
0.041841
0.047418
0.061531
0.117723
0.112977
0.102079
0.091544
0.079907
0.084677
0.085202
0.078290
0.030735
0.110402
0.113955
0.118268
0.111844
0.107797
0.120600
0.063740
0.067687
0.145739
0.080573
0.105268
0.118854
0.063393
0.124154
0.135445
0.151331
0.119741
0.111188
0.085830
0.118469
0.137960
0.128263
0.132369
0.134866
0.131039
0.082177
0.128683
0.062820
0.050752
0.121822
0.068225
0.104696
0.106674
0.133047
0.049205
0.058247
0.058273
0.061008
0.098848
0.055244
0.117465
0.103030
0.045848
0.089942
0.117119
0.126748
0.118534
0.052744
0.052204
0.052893
0.082316
0.134488
0.110947
0.144335
0.129782
0.075794
0.139638
0.125728
0.131325
0.051597
0.054498
0.085763
0.043921
0.118721
0.041000
0.102714
0.114700
0.130846
0.022720
0.023359
0.084805
0.038252
0.037666
0.058524
0.031328
0.049284
0.057973
0.067422
0.086295
0.086315
0.085111
0.067044
0.106640
0.064938
0.048839
0.134255
0.070047
0.086841
0.147008
0.043251
0.081157
0.089215
0.074684
0.085911
0.111142
0.095540
0.112331
0.112442
0.052468
0.116271
0.151520
0.089538
0.040121
0.052325
0.055224
0.046892
0.119471
0.065599
0.055743
0.112360
0.045439
0.092080
0.056831
0.084912
0.094265
0.082534
0.042025
0.105495
0.050697
0.127479
0.127749
0.144503
0.050636
0.087628
0.050372
0.042829
0.081558
0.068786
0.063390
0.081878
0.131019
0.040190
0.117688
0.083467
0.096219
0.121443
0.127074
0.058426
0.121530
0.120746
0.054066
0.113557
0.046075
0.136408
0.117657
0.126210
0.137238
0.060648
0.105977
0.052773
0.067065
0.132879
0.086311
0.038283
0.123042
0.129113
0.136422
0.113977
0.065868
0.063097
0.054018
0.075765
0.063642
0.071669
0.071513
0.069361
0.029823
0.093855
0.110480
0.112202
0.063299
0.049287
0.085888
0.100079
0.099891
0.115390
0.145088
0.112426
0.108622
0.099515
0.130581
0.131522
0.059578
0.143382
0.043734
0.049449
0.042025
0.130196
0.110141
0.055907
0.045508
0.101959
0.062167
0.074763
0.072459
0.037259
0.045027
0.077542
0.085195
0.145005
0.120316
0.109527
0.071364
0.062056
0.139618
0.070975
0.080428
0.120200
0.059187
0.102404
0.130475
0.062628
0.055950
0.115816
0.097628
0.130080
0.069861
0.040324
0.077080
0.047330
0.035208
0.047631
0.028001
0.034806
0.035032
0.060449
0.068638
0.079733
0.110235
0.117141
0.157549
0.065296
0.055870
0.108589
0.067342
0.091338
0.133494
0.083477
0.035454
0.027497
0.067292
0.077029
0.073851
0.033084
0.063482
0.148963
0.118716
0.085688
0.041516
0.115528
