0.000255
0.000381
0.000387
0.000179
0.000203
0.000176
0.000380
0.000177
0.000382
0.000179
0.000380
0.000378
0.000177
0.000176
0.000381
0.000385
0.000183
0.000177
0.000235
0.000177
0.000413
0.000180
0.000174
0.000174
0.000300
0.000384
0.000380
0.000385
0.000177
0.000384
0.000429
0.000176
0.000179
0.000543
0.000185
0.000174
0.000333
0.000385
0.000390
0.000372
0.000178
0.000380
0.000379
0.000387
0.000177
0.000176
0.000382
0.000381
0.000381
0.000392
0.000357
0.000379
0.000479
0.000384
0.000386
0.000403
0.000383
0.000181
0.000387
0.000380
0.000385
0.000391
0.000398
0.000179
0.000259
0.000372
0.000248
0.000380
0.000377
0.000380
0.000375
0.000177
0.000379
0.000266
0.000178
0.000176
0.000387
0.000377
0.000179
0.000383
0.000378
0.000359
0.000177
0.000412
0.000175
0.000354
0.000176
0.000177
0.000201
0.000178
0.000175
0.000178
0.000174
0.000174
0.000223
0.000176
0.000228
0.000231
0.000396
0.000175
0.000378
0.000384
0.000378
0.000178
0.000380
0.000384
0.000378
0.000197
0.000176
0.000174
0.000385
0.000378
0.000387
0.000174
0.000173
0.000434
0.000416
0.000176
0.000177
0.000386
0.000178
0.000386
0.000177
0.000379
0.000368
0.000178
0.000377
0.000176
0.000387
0.000175
0.000177
0.000175
0.000379
0.000382
0.000380
0.000388
0.000381
0.000178
0.000379
0.000388
0.000389
0.000384
0.000386
0.000382
0.000384
0.000381
0.000176
0.000374
0.000379
0.000176
0.000388
0.000390
0.000375
0.000175
0.000179
0.000416
0.000183
0.000388
0.000177
0.000380
0.000175
0.000179
0.000175
0.000393
0.000403
0.000177
0.000174
0.000290
0.000177
0.000177
0.000177
0.000378
0.000382
0.000383
0.000173
0.000428
0.000173
0.000383
0.000386
0.000380
0.000386
0.000177
0.000383
0.000386
0.000173
0.000346
0.000376
0.000378
0.000178
0.000214
0.000172
0.000383
0.000375
0.000382
0.000275
0.000380
0.000176
0.000381
0.000387
0.000223
0.000378
0.000376
0.000386
0.000387
0.000385
0.000382
0.000384
0.000388
0.000394
0.000382
0.000177
0.000224
0.000485
0.000384
0.000384
0.000253
0.000387
0.000382
0.000405
0.000228
0.000191
0.000378
0.000381
0.000386
0.000382
0.000178
0.000173
0.000386
0.000181
0.000313
0.000177
0.000176
0.000380
0.000379
0.000384
0.000495
0.000373
0.000381
0.000390
0.000380
0.000383
0.000247
0.000178
0.000379
0.000252
0.000181
0.000177
0.000179
0.000250
0.000388
0.000395
0.000384
0.000377
0.000177
0.000392
0.000266
0.000385
0.000382
0.000383
0.000383
0.000386
0.000385
0.000262
0.000385
0.000408
0.000176
0.000179
0.000178
0.000177
0.000379
0.000174
0.000177
0.000400
0.000386
0.000414
0.000377
0.000386
0.000179
0.000393
0.000382
0.000380
0.000177
0.000387
0.000176
0.000455
0.000177
0.000177
0.000183
0.000197
0.000391
0.000189
0.000379
0.000383
0.000380
0.000174
0.000235
0.000398
0.000384
0.000172
0.000178
0.000178
0.000253
0.000176
0.000178
0.000175
0.000378
0.000388
0.000387
0.000236
0.000379
0.000381
0.000239
0.000381
0.000382
0.000383
0.000175
0.000381
0.000177
0.000386
0.000395
0.000378
0.000392
0.000380
0.000383
0.000178
0.000174
0.000403
0.000385
0.000180
0.000241
0.000382
0.000176
0.000215
0.000174
0.000262
0.000175
0.000386
0.000180
0.000313
0.000378
0.000380
0.000378
0.000177
0.000172
0.000380
0.000378
0.000384
0.000176
0.000262
0.000379
0.000445
0.000177
0.000176
0.000387
0.000175
0.000174
0.000175
0.000382
0.000177
0.000173
0.000175
0.000186
0.000379
0.000388
0.000178
0.000385
0.000176
0.000391
0.000382
0.000177
0.000277
0.000176
0.000384
0.000379
0.000382
0.000180
0.000176
0.000384
0.000181
0.000174
0.000196
0.000178
0.000374
0.000388
0.000180
0.000177
0.000393
0.000183
0.000177
0.000182
0.000440
0.000248
0.000402
0.000388
0.000186
0.000182
0.000178
0.000280
0.000178
0.000380
0.000180
0.000184
0.000182
0.000386
0.000176
0.000513
0.000390
0.000410
0.000186
0.000389
0.000381
0.000373
0.000383
0.000178
0.000375
0.000384
0.000179
0.000383
0.000176
0.000191
0.000175
0.000384
0.000183
0.000380
0.000472
0.000416
0.000378
0.000378
0.000387
0.000386
0.000180
0.000389
0.000421
0.000385
0.000382
0.000413
0.000385
0.000486
0.000383
0.000380
0.000387
0.000217
0.000385
0.000217
0.000181
0.000176
0.000386
0.000381
0.000386
0.000187
0.000392
0.000183
0.000263
0.000380
0.000176
0.000457
0.000372
0.000384
0.000177
0.000381
0.000207
0.000377
0.000388
0.000188
0.000177
0.000383
0.000373
0.000252
0.000375
0.000379
0.000376
0.000185
0.000180
0.000384
0.000404
0.000378
0.000379
0.000383
0.000381
0.000172
0.000180
0.000380
0.000376
0.000382
0.000383
0.000383
0.000389
0.000178
0.000310
0.000186
0.000177
0.000177
0.000389
0.000429
0.000179
0.000335
0.000174
0.000177
0.000232
0.000381
0.000290
0.000405
0.000385
0.000385
0.000412
0.000417
0.000390
0.000382
0.000389
0.000176
0.000264
0.000386
0.000377
0.000377
0.000177
0.000355
0.000193
0.000320
0.000172
0.000173
0.000380
0.000175
0.000378
0.000176
0.000359
0.000202
0.000381
0.000374
0.000387
0.000384
0.000236
0.000185
0.000175
0.000381
0.000423
0.000237
0.000379
0.000380
0.000178
0.000175
0.000176
0.000178
0.000385
0.000203
0.000433
0.000379
0.000381
0.000390
0.000380
0.000386
0.000179
0.000417
0.000380
0.000392
0.000385
0.000177
0.000181
0.000178
0.000174
0.000224
0.000175
0.000178
0.000181
0.000180
0.000380
0.000384
0.000397
0.000184
0.000384
0.000196
0.000201
0.000384
0.000381
0.000199
0.000200
0.000379
0.000387
0.000383
0.000383
0.000186
0.000383
0.000202
0.000377
0.000383
0.000386
0.000254
0.000377
0.000388
0.000421
0.000384
0.000381
0.000399
0.000380
0.000182
0.000195
0.000383
0.000382
0.000195
0.000181
0.000198
0.000178
0.000184
0.000380
0.000428
0.000401
0.000378
0.000383
0.000180
0.000382
0.000379
0.000384
0.000392
0.000373
0.000379
0.000386
0.000210
0.000378
0.000176
0.000173
0.000197
0.000375
0.000173
0.000381
0.000381
0.000380
0.000381
0.000383
0.000182
0.000395
0.000176
0.000385
0.000382
0.000387
0.000389
0.000384
0.000378
0.000590
0.000379
0.000389
0.000176
0.000181
0.000175
0.000205
0.000189
0.000176
0.000203
0.000383
0.000381
0.000382
0.000385
0.000175
0.000177
0.000266
0.000180
0.000381
0.000177
0.000178
0.000399
0.000173
0.000378
0.000383
0.000176
0.000203
0.000176
0.000378
0.000232
0.000382
0.000194
0.000382
0.000176
0.000204
0.000358
0.000388
0.000178
0.000178
0.000312
0.000180
0.000186
0.000175
0.000177
0.000279
0.000504
0.000375
0.000374
0.000390
0.000378
0.000384
0.000382
0.000377
0.000384
0.000413
0.000382
0.000377
0.000177
0.000387
0.000177
0.000178
0.000388
0.000386
0.000374
0.000414
0.000387
0.000178
0.000387
0.000411
0.000382
0.000176
0.000387
0.000192
0.000390
0.000459
0.000403
0.000357
0.000181
0.000359
0.000385
0.000381
0.000383
0.000382
0.000390
0.000378
0.000265
0.000176
0.000181
0.000178
0.000176
0.000175
0.000378
0.000174
0.000177
0.000387
0.000178
0.000177
0.000385
0.000384
0.000390
0.000397
0.000177
0.000179
0.000400
0.000410
0.000177
0.000176
0.000178
0.000389
0.000384
0.000279
0.000388
0.000379
0.000177
0.000404
0.000177
0.000180
0.000186
0.000177
0.000177
0.000379
0.000380
0.000381
0.000386
0.000381
0.000383
0.000381
0.000384
0.000391
0.000180
0.000175
0.000379
0.000382
0.000377
0.000386
0.000383
0.000176
0.000177
0.000180
0.000382
0.000385
0.000384
0.000175
0.000280
0.000387
0.000200
0.000177
0.000173
0.000173
0.000353
0.000381
0.000172
0.000177
0.000261
0.000174
0.000384
0.000383
0.000382
0.000383
0.000384
0.000375
0.000369
0.000379
0.000378
0.000381
0.000381
0.000384
0.000382
0.000176
0.000382
0.000179
0.000397
0.000378
0.000402
0.000237
0.000381
0.000178
0.000382
0.000384
0.000381
0.000382
0.000177
0.000382
0.000378
0.000400
0.000176
0.000383
0.000388
0.000403
0.000382
0.000383
0.000173
0.000374
0.000178
0.000387
0.000175
0.000176
0.000383
0.000379
0.000423
0.000177
0.000380
0.000385
0.000381
0.000381
0.000379
0.000178
0.000411
0.000242
0.000178
0.000379
0.000388
0.000176
0.000382
0.000383
0.000177
0.000176
0.000179
0.000297
0.000383
0.000360
0.000179
0.000177
0.000177
0.000387
0.000176
0.000382
0.000177
0.000182
0.000177
0.000396
0.000178
0.000383
0.000377
0.000389
0.000376
0.000253
0.000174
0.000175
0.000388
0.000390
0.000384
0.000382
0.000382
0.000176
0.000376
0.000388
0.000377
0.000195
0.000410
0.000386
0.000176
0.000378
0.000373
0.000760
0.000266
0.000178
0.000175
0.000174
0.000177
0.000378
0.000386
0.000177
0.000178
0.000379
0.000384
0.000383
0.000412
0.000409
0.000379
0.000177
0.000175
0.000378
0.000239
0.000176
0.000378
0.000177
0.000388
0.000179
0.000382
0.000383
0.000376
0.000384
0.000374
0.000387
0.000377
0.000387
0.000403
0.000372
0.000179
0.000175
0.000349
0.000177
0.000388
0.000178
0.000377
0.000378
0.000392
0.000193
0.000216
0.000382
0.000466
0.000177
0.000389
0.000176
0.000386
0.000377
0.000387
0.000179
0.000179
0.000238
0.000383
0.000374
0.000378
0.000377
0.000176
0.000383
0.000382
0.000377
0.000381
0.000385
0.000382
0.000181
0.000177
0.000376
0.000381
0.000377
0.000584
0.000385
0.000179
0.000265
0.000176
0.000176
0.000320
0.000389
0.000382
0.000381
0.000384
0.000387
0.000179
0.000173
0.000376
0.000386
0.000384
0.000177
0.000325
0.000384
0.000378
0.000382
0.000176
0.000381
0.000385
0.000389
0.000404
0.000173
0.000291
0.000389
0.000382
0.000386
0.000380
0.000377
0.000177
0.000177
0.000386
