0.020136
0.009340
0.009236
0.011318
0.010263
0.015820
0.013326
0.017493
0.009263
0.018096
0.014851
0.014360
0.009896
0.011199
0.010042
0.018584
0.013672
0.013583
0.009285
0.018464
0.011253
0.015407
0.009449
0.015059
0.014449
0.011804
0.010385
0.009817
0.009287
0.009798
0.009806
0.019105
0.018822
0.012253
0.017558
0.014175
0.020581
0.009364
0.015825
0.017290
0.017996
0.009809
0.013488
0.009219
0.009214
0.014928
0.009255
0.010596
0.009887
0.012067
0.014094
0.020407
0.011198
0.018061
0.009163
0.014558
0.012829
0.016406
0.009271
0.009175
0.014447
0.019874
0.009676
0.017242
0.009426
0.014397
0.013746
0.020736
0.013062
0.019878
0.009302
0.015430
0.017291
0.018233
0.017995
0.009233
0.016282
0.009775
0.016431
0.009307
0.009571
0.013735
0.009291
0.020238
0.011334
0.017022
0.010873
0.019361
0.009370
0.017756
0.014005
0.013650
0.009343
0.015409
0.016516
0.011317
0.016447
0.011727
0.017646
0.011910
0.013998
0.009483
0.009154
0.011296
0.016508
0.017046
0.015265
0.009109
0.016847
0.009210
0.009236
0.012082
0.016949
0.009807
0.014340
0.015479
0.011273
0.011878
0.009243
0.019099
0.010204
0.013004
0.009649
0.009514
0.020490
0.017992
0.020135
0.019191
0.009534
0.009473
0.009802
0.009270
0.009394
0.020363
0.019070
0.009136
0.009568
0.016286
0.009659
0.019569
0.011255
0.011032
0.019440
0.009370
0.009195
0.015095
0.013007
0.013478
0.020013
0.015703
0.017558
0.016431
0.020632
0.013685
0.017518
0.018574
0.009738
0.017226
0.013233
0.009345
0.009325
0.011655
0.014652
0.011346
0.010134
0.018504
0.011226
0.011167
0.015554
0.009431
0.017367
0.014410
0.010979
0.009289
0.009459
0.012079
0.011058
0.009092
0.009337
0.018184
0.018146
0.009744
0.012619
0.018345
0.009403
0.014489
0.012163
0.019445
0.015004
0.009233
0.017596
0.009761
0.015386
0.009574
0.017377
0.009243
0.014399
0.011575
0.019777
0.012314
0.018850
0.014319
0.017571
0.018300
0.009140
0.015080
0.013193
0.010234
0.018820
0.009419
0.012167
0.009233
0.014877
0.009295
0.009881
0.012064
0.016278
0.013637
0.013819
0.020161
0.009160
0.017971
0.014567
0.009580
0.009650
0.013091
0.016891
0.009420
0.018763
0.010944
0.011871
0.010406
0.013370
0.013621
0.011513
0.013642
0.014218
0.009360
0.017853
0.016896
0.013785
0.013905
0.010271
0.009701
0.009602
0.014888
0.013092
0.015887
0.019369
0.014759
0.010770
0.015084
0.010536
0.014700
0.009126
0.018305
0.009226
0.009121
0.015840
0.009738
0.019205
0.009301
0.014318
0.017447
0.017412
0.009533
0.015205
0.012622
0.015346
0.014334
0.011554
0.009495
0.013109
0.015608
0.009172
0.015903
0.013689
0.011053
0.009791
0.017420
0.012211
0.014826
0.019282
0.009460
0.015112
0.020158
0.009324
0.019169
0.015264
0.018212
0.009273
0.018144
0.012665
0.009243
0.014435
0.016663
0.014078
0.017338
0.009380
0.018402
0.009315
0.009269
0.009440
0.012283
0.015663
0.009635
0.009295
0.015775
0.009808
0.016116
0.013452
0.009199
0.009187
0.017317
0.013567
0.015398
0.009181
0.010523
0.010134
0.017952
0.016739
0.017160
0.017422
0.015417
0.015942
0.019581
0.015481
0.009571
0.009744
0.015722
0.013522
0.011650
0.010100
0.012473
0.020346
0.011400
0.009238
0.009201
0.009372
0.015689
0.009728
0.009262
0.018016
0.009201
0.009208
0.011834
0.017706
0.009525
0.009281
0.009232
0.009192
0.012967
0.009286
0.009375
0.020330
0.009300
0.011911
0.013616
0.010106
0.009438
0.017355
0.013431
0.017107
0.010716
0.015236
0.015439
0.016094
0.010514
0.018358
0.014545
0.014356
0.011912
0.011815
0.011589
0.020569
0.011360
0.011780
0.018228
0.010517
0.010325
0.009238
0.019219
0.009602
0.009459
0.015869
0.014802
0.009197
0.012110
0.013807
0.010292
0.018160
0.009748
0.015274
0.014711
0.009581
0.009199
0.011776
0.014607
0.015450
0.013320
0.013885
0.018210
0.009673
0.016139
0.015403
0.009453
0.019669
0.011856
0.020002
0.016123
0.017003
0.014421
0.013658
0.016886
0.009704
0.011007
0.009415
0.009548
0.009615
0.013175
0.009327
0.012176
0.013321
0.009323
0.016167
0.009705
0.009259
0.019154
0.009531
0.011436
0.018499
0.014181
0.013550
0.016917
0.015641
0.009320
0.011907
0.017437
0.012531
0.009596
0.015295
0.016448
0.009288
0.009181
0.013675
0.014646
0.016173
0.009148
0.015634
0.015404
0.010276
0.009269
0.012472
0.009864
0.017395
0.009143
0.019189
0.009766
0.014503
0.009402
0.009498
0.012828
0.009408
0.016561
0.015491
0.020295
0.009325
0.014832
0.011124
0.015510
0.020814
0.009817
0.011831
0.009529
0.011721
0.009356
0.018642
0.011623
0.011712
0.011703
0.012974
0.018655
0.018404
0.010864
0.014546
0.009512
0.012057
0.018794
0.010968
0.016569
0.015499
0.009226
0.009622
0.009866
0.014262
0.014643
0.020305
0.015932
0.009120
0.019177
0.009641
0.009120
0.009659
0.011248
0.014113
0.013711
0.016475
0.018762
0.015706
0.013617
0.018260
0.013316
0.019084
0.009388
0.009788
0.016182
0.011152
0.012848
0.011751
0.009374
0.010374
0.015235
0.009434
0.017690
0.009155
0.013422
0.014059
0.015770
0.012010
0.016330
0.014014
0.014746
0.022372
0.013701
0.019003
0.009458
0.009222
0.017274
0.016557
0.009540
0.009239
0.009256
0.011628
0.011412
0.012690
0.013603
0.009273
0.009781
0.009305
0.019273
0.009208
0.016252
0.015410
0.009325
0.014021
0.019382
0.009173
0.016489
0.014323
0.009968
0.016106
0.015007
0.009228
0.012021
0.009704
0.019154
0.009349
0.019306
0.012427
0.010711
0.009518
0.017618
0.017097
0.016134
0.009566
0.009600
0.009439
0.016140
0.019693
0.009841
0.009332
0.013117
0.009130
0.012236
0.017124
0.011190
0.009610
0.014551
0.012423
0.010816
0.012771
0.011261
0.009848
0.016112
0.015547
0.011331
0.016537
0.009524
0.013741
0.012747
0.014439
0.009742
0.014997
0.010979
0.019216
0.013217
0.009354
0.015603
0.017029
0.012786
0.011589
0.016661
0.017690
0.014394
0.009669
0.012437
0.009460
0.009997
0.009723
0.009927
0.013775
0.009226
0.015373
0.009200
0.012760
0.013219
0.009803
0.016266
0.009322
0.011862
0.015852
0.009310
0.013174
0.012310
0.009325
0.020019
0.014397
0.009586
0.010467
0.018649
0.015396
0.013982
0.009301
0.016052
0.009241
0.015845
0.010442
0.015812
0.009524
0.016637
0.020514
0.017431
0.009229
0.017642
0.012208
0.013737
0.012258
0.009510
0.014369
0.009371
0.013738
0.009547
0.010433
0.010941
0.011229
0.014732
0.012012
0.011945
0.013210
0.009601
0.012417
0.012088
0.015332
0.016688
0.009444
0.015154
0.011217
0.017812
0.012129
0.010702
0.018630
0.017857
0.009438
0.009055
0.009055
0.015681
0.009390
0.011042
0.009127
0.013683
0.014501
0.017192
0.018671
0.009270
0.009417
0.009686
0.009225
0.013105
0.016034
0.009572
0.019586
0.014776
0.009265
0.018251
0.012410
0.016558
0.009061
0.013073
0.017769
0.020306
0.009537
0.009680
0.017459
0.009238
0.009220
0.009412
0.014554
0.015640
0.014562
0.009942
0.014828
0.016445
0.009161
0.013191
0.014321
0.009435
0.009383
0.014214
0.016739
0.012887
0.014606
0.017270
0.020128
0.012555
0.012984
0.009196
0.017233
0.009976
0.014460
0.019384
0.009206
0.015273
0.009398
0.009629
0.015490
0.011829
0.018160
0.013221
0.009302
0.020612
0.009872
0.014971
0.019533
0.012421
0.014512
0.018633
0.016795
0.015255
0.009206
0.020694
0.016529
0.011488
0.017572
0.011073
0.010754
0.013879
0.009444
0.012243
0.009834
0.011238
0.009717
0.010839
0.014333
0.009420
0.009560
0.014583
0.011446
0.017263
0.018253
0.017328
0.014563
0.009496
0.009169
0.009556
0.017031
0.016113
0.009242
0.018244
0.011812
0.017083
0.009387
0.011855
0.012643
0.020290
0.009331
0.014438
0.009242
0.015294
0.010308
0.018794
0.009307
0.012566
0.019443
0.011881
0.013843
0.015824
0.018893
0.009085
0.009319
0.010524
0.014831
0.009207
0.012236
0.009483
0.017718
0.013596
0.009420
0.015143
0.009289
0.009245
0.009266
0.014096
0.017764
0.016170
0.009660
0.020570
0.009094
0.009970
0.015701
0.009625
0.017129
0.017515
0.009397
0.017739
0.015186
0.015991
0.009372
0.017440
0.009280
0.014829
0.015005
0.020651
0.010954
0.017065
0.013864
0.017797
0.011841
0.018092
0.018741
0.015273
0.011921
0.019172
0.009144
0.009654
0.009076
0.016393
0.011799
0.011386
0.009211
0.009228
0.009189
0.009138
0.009194
0.009177
0.010298
0.009510
0.011709
0.020299
0.009377
0.010531
0.014223
0.009112
0.012256
0.009611
0.009472
0.012842
0.014014
0.011155
0.009136
0.009698
0.019402
0.018156
0.009152
0.009599
0.013707
0.019811
0.017987
0.014732
0.012028
0.009453
0.009499
0.020062
0.012768
0.013766
0.013798
0.015157
0.009954
0.016248
0.009444
0.011631
0.009714
0.010033
0.009301
0.012767
0.009727
0.016665
0.009587
0.009688
0.009720
0.014841
0.018243
0.016173
0.013246
0.009317
0.009907
0.017520
0.015308
0.009736
0.009526
0.012975
0.011904
0.018211
0.016707
0.010609
0.009398
0.020209
0.012046
0.013126
0.009323
0.009986
0.017848
0.009439
0.012921
0.009380
0.009457
0.009376
0.011791
0.009564
0.012893
0.014370
0.009189
0.018101
0.020176
0.009164
0.015807
0.009462
0.015059
0.009452
0.009624
0.009372
0.009373
0.017125
0.015879
0.010653
0.014689
0.009578
0.014744
0.009268
0.012150
0.009232
0.009148
0.009144
0.010396
0.009624
0.010338
0.010394
0.014804
0.009251
0.013003
0.009202
0.009133
0.009124
0.009116
0.009296
0.009147
0.009155
0.009093
0.009241
0.009101
0.009151
0.009196
0.009422
0.009166
0.009260
0.009085
0.009358
0.009096
0.009107
0.009160
0.009134
0.009220
0.009109
0.009092
0.009084
0.009216
0.009070
0.009275
0.009116
0.009104
0.009213
