0.075167
0.097075
0.085981
0.085183
0.060634
0.066962
0.083489
0.062368
0.117483
0.079344
0.095076
0.075800
0.075023
0.075540
0.126088
0.143210
0.088123
0.083637
0.089567
0.075237
0.069522
0.052649
0.137377
0.065999
0.047696
0.088530
0.078128
0.064336
0.144292
0.100371
0.074174
0.087721
0.075622
0.133428
0.087982
0.128110
0.132839
0.118119
0.087467
0.047166
0.054252
0.050034
0.052532
0.079326
0.075412
0.061697
0.130584
0.055355
0.073805
0.071183
0.059060
0.047158
0.053672
0.070490
0.063899
0.051737
0.061908
0.076135
0.118530
0.085449
0.136474
0.068161
0.056697
0.051113
0.047544
0.047909
0.057995
0.064164
0.110528
0.079819
0.069944
0.092933
0.086700
0.081717
0.082135
0.082584
0.158014
0.063537
0.075526
0.090669
0.069303
0.062054
0.040972
0.032275
0.033614
0.034962
0.035163
0.033432
0.032203
0.078519
0.086390
0.076835
0.126175
0.147164
0.049114
0.045308
0.060199
0.064380
0.066028
0.041637
0.139311
0.080426
0.097603
0.121234
0.062101
0.062660
0.063501
0.068300
0.059284
0.064676
0.079404
0.164080
0.089249
0.116807
0.074320
0.139860
0.088796
0.089568
0.089925
0.069127
0.069129
0.122201
0.143098
0.090195
0.072619
0.109455
0.106796
0.106418
0.100418
0.075148
0.073436
0.090339
0.078759
0.071504
0.078767
0.044394
0.043722
0.052056
0.061035
0.043548
0.068359
0.071475
0.070290
0.084655
0.115812
0.062987
0.079774
0.060227
0.103256
0.070112
0.061056
0.052898
0.097520
0.078951
0.159906
0.087018
0.089529
0.047308
0.050196
0.049554
0.046878
0.062654
0.047037
0.068060
0.091506
0.094195
0.096241
0.076102
0.062723
0.097994
0.090544
0.088423
0.104944
0.066671
0.050411
0.056070
0.081545
0.073835
0.045065
0.050375
0.051046
0.085282
0.063143
0.104965
0.084258
0.073455
0.115945
0.095319
0.051806
0.051086
0.108578
0.144634
0.176652
0.143201
0.117238
0.075083
0.067636
0.141554
0.088190
0.069815
0.090800
0.079140
0.068956
0.069322
0.099885
0.086061
0.089893
0.127595
0.100552
0.079024
0.136123
0.092408
0.093389
0.035483
0.037106
0.037513
0.030408
0.039705
0.087843
0.115985
0.068310
0.068374
0.081394
0.067537
0.072833
0.100608
0.081623
0.119729
0.091426
0.050549
0.102404
0.046098
0.113781
0.081213
0.082594
0.053170
0.053927
0.076797
0.053437
0.071090
0.071265
0.072279
0.056321
0.057564
0.068399
0.086268
0.105569
0.113179
0.078703
0.102525
0.132526
0.094933
0.134400
0.171300
0.077361
0.059530
0.052398
0.053110
0.095986
0.154373
0.120088
0.052690
0.065491
0.064895
0.054006
0.063392
0.076893
0.053149
0.046900
0.050678
0.063362
0.094219
0.046888
0.092260
0.089199
0.100789
0.087642
0.103289
0.091097
0.072190
0.077435
0.079373
0.071113
0.075627
0.043214
0.042111
0.076331
0.065928
0.081063
0.069872
0.083786
0.069308
0.102237
0.074323
0.096243
0.064337
0.051931
0.072286
0.055571
0.056823
0.072041
0.074350
0.103982
0.072485
0.102618
0.094207
0.097311
0.093852
0.141845
0.077452
0.067590
0.051449
0.088051
0.053780
0.141993
0.085723
0.147451
0.110163
0.096382
0.066264
0.090270
0.085281
0.069078
0.073886
0.128001
0.096370
0.135818
0.122952
0.103668
0.065805
0.072672
0.083150
0.042726
0.067260
0.079134
0.098443
0.085132
0.075097
0.138955
0.064255
0.049296
0.054700
0.046932
0.042896
0.050320
0.058126
0.055679
0.074034
0.099915
0.067002
0.072962
0.060966
0.083088
0.093298
0.109148
0.056439
0.087530
0.084635
0.107054
0.057731
0.066435
0.063712
0.091362
0.049909
0.106077
0.074528
0.081606
0.070093
0.076128
0.048287
0.074428
0.089160
0.056238
0.092375
0.083690
0.068692
0.041477
0.047912
0.049911
0.046738
0.050048
0.051053
0.097656
0.071237
0.049162
0.082638
0.085313
0.048864
0.079486
0.062024
0.064769
0.068455
0.051905
0.061522
0.138085
0.078415
0.072181
0.053487
0.041088
0.048405
0.047279
0.063521
0.067994
0.053113
0.083737
0.094209
0.115443
0.057818
0.128195
0.071255
0.051305
0.048327
0.119953
0.051750
0.080134
0.060546
0.056224
0.059449
0.058581
0.066316
0.049168
0.074383
0.083247
0.080851
0.067351
0.087996
0.092736
0.064495
0.063132
0.085695
0.063827
0.086764
0.093027
0.084469
0.057325
0.076532
0.054633
0.093123
0.082116
0.097083
0.067184
0.070032
0.082178
0.066047
0.061985
0.071743
0.142331
0.134047
0.054986
0.053540
0.077905
0.066249
0.055720
0.088226
0.087678
0.057321
0.112900
0.111559
0.081570
0.051201
0.049807
0.053145
0.072323
0.040228
0.038050
0.040529
0.035045
0.090590
0.078040
0.080261
0.107370
0.094279
0.092230
0.090866
0.088087
0.107759
0.060693
0.071869
0.071510
0.064310
0.055404
0.076554
0.068572
0.097392
0.080334
0.049543
0.072372
0.076968
0.099304
0.060011
0.089267
0.125843
0.087542
0.083641
0.076350
0.104149
0.111714
0.043522
0.049991
0.050399
0.051681
0.060060
0.063656
0.049613
0.076995
0.131963
0.071872
0.124896
0.040676
0.054719
0.043194
0.094364
0.083530
0.091322
0.104514
0.085542
0.069656
0.080043
0.057503
0.120504
0.080645
0.076983
0.132471
0.060787
0.058334
0.065086
0.049592
0.120054
0.100928
0.150660
0.100053
0.055469
0.150569
0.049961
0.068354
0.058187
0.055139
0.090799
0.096888
0.102116
0.051495
0.049976
0.047020
0.047375
0.049967
0.044118
0.053061
0.080905
0.141129
0.082377
0.127617
0.095793
0.089075
0.052503
0.060978
0.060694
0.072592
0.082556
0.050084
0.058819
0.050127
0.052736
0.113997
0.096015
0.064470
0.095540
0.082084
0.072231
0.130025
0.120534
0.069797
0.079709
0.060106
0.048711
0.100153
0.070604
0.081167
0.066053
0.135788
0.087104
0.124405
0.092974
0.091096
0.077065
0.066543
0.116803
0.072346
0.091697
0.096740
0.085902
0.067453
0.058331
0.085650
0.073748
0.077907
0.084614
0.047077
0.039452
0.049422
0.045766
0.046409
0.086771
0.061540
0.061065
0.071120
0.091276
0.088424
0.115087
0.053821
0.053964
0.064653
0.083769
0.069340
0.087432
0.079115
0.075471
0.068959
0.094257
0.076957
0.063081
0.061746
0.060202
0.086180
0.061428
0.074175
0.066453
0.130461
0.093353
0.074413
0.157981
0.096307
0.082347
0.085755
0.077952
0.105306
0.109798
0.101805
0.084431
0.069998
0.086677
0.056721
0.063028
0.054246
0.095747
0.058854
0.056875
0.060848
0.084888
0.065100
0.040799
0.039553
0.058978
0.087038
0.064497
0.074359
0.064560
0.073683
0.082812
0.086668
0.071658
0.081030
0.101084
0.065850
0.110920
0.080131
0.099660
0.144577
0.059050
0.056977
0.077470
0.053848
0.058099
0.077087
0.062568
0.071922
0.078659
0.067324
0.061808
0.083894
0.103218
0.074998
0.051679
0.065172
0.052675
0.060661
0.063805
0.064259
0.107836
0.112923
0.051918
0.069634
0.066740
0.101067
0.096022
0.139072
0.127519
0.079442
0.048341
0.057306
0.058456
0.060977
0.066921
0.071820
0.086019
0.119640
0.083247
0.059968
0.121223
0.073162
0.118131
0.068900
0.108494
0.082788
0.079337
0.074132
0.104808
0.084950
0.096620
0.175542
0.109882
0.055020
0.033745
0.035334
0.037911
0.035587
0.036491
0.034656
0.033149
0.091860
0.093051
0.083405
0.088758
0.055919
0.059266
0.064653
0.061568
0.073792
0.058546
0.081268
0.099016
0.078469
0.091902
0.081096
0.117950
0.111481
0.063205
0.060941
0.095948
0.082437
0.083191
0.083260
0.065510
0.071989
0.078030
0.120958
0.119620
0.063235
0.072888
0.092369
0.092743
0.052599
0.087629
0.090313
0.059069
0.081910
0.119694
0.074691
0.080415
0.076108
0.057414
0.050180
0.092176
0.068642
0.095222
0.118521
0.077688
0.069897
0.084953
0.075386
0.099591
0.079164
0.079077
0.113738
0.084623
0.080327
0.081976
0.142639
0.069746
0.085134
0.115837
0.068964
0.062114
0.050380
0.045810
0.064366
0.083404
0.100732
0.071398
0.075947
0.068002
0.068256
0.083717
0.100204
0.046920
0.076491
0.073870
0.092307
0.093152
0.080996
0.141926
0.059406
0.051697
0.059201
0.049524
0.047044
0.054930
0.084826
0.056568
0.057919
0.041026
0.083689
0.083996
0.086747
0.068115
0.055532
0.099687
0.065389
0.088543
0.111638
0.070726
0.097795
0.099942
0.129547
0.094781
0.077255
0.121919
0.064193
0.053210
0.053757
0.056000
0.077166
0.082612
0.076544
0.066927
0.069287
0.097209
0.090270
0.095041
0.055402
0.048888
0.062959
0.121668
0.062909
0.091562
0.078029
0.110975
0.103570
0.094638
0.087968
0.082409
0.091182
0.066130
0.069635
0.084652
0.166299
0.119398
0.101882
0.091589
0.073806
0.078855
0.092937
0.094972
0.087270
0.079439
0.133926
0.136261
0.063295
0.118289
0.083389
0.085135
0.055377
0.053577
0.066031
0.051614
0.091695
0.076753
0.124430
0.066276
0.090740
0.065615
0.127602
0.096077
0.127507
0.094498
0.139219
0.042507
0.048104
0.085486
0.102954
0.139973
0.077153
0.084425
0.080027
0.132474
0.090444
0.148593
0.080886
0.158824
0.114113
0.087374
0.033817
0.042387
0.042028
0.042524
0.038406
0.075742
0.086031
0.072295
0.077021
0.098952
0.083838
0.057995
0.079996
0.071106
0.079730
0.095908
0.094223
0.104007
0.072156
0.060571
0.051751
0.049792
0.068166
0.052321
0.092290
0.119456
0.110708
0.139615
0.078515
0.076919
0.147105
0.095803
0.143720
0.052804
0.066786
0.113189
0.091312
0.047329
0.045701
0.084708
0.079583
0.071071
0.077855
0.076848
0.071157
0.113306
0.075692
0.064730
0.103347
0.068076
0.074062
0.080621
0.077520
0.066506
0.085548
0.071203
0.108387
0.145510
0.081614
0.132593
0.081201
0.070568
0.059847
0.059221
0.055208
0.081138
0.079126
0.068893
0.068345
0.060126
0.075203
0.083972
0.089603
0.084457
0.083961
0.089575
0.085776
0.119799
0.053771
0.053891
0.050911
0.065194
0.051822
0.082017
0.117240
0.071703
0.087679
0.086457
0.085318
0.064039
