0.023431
0.022663
0.014686
0.018792
0.014131
0.018266
0.016681
0.019119
0.020700
0.014274
0.024980
0.019958
0.021293
0.018284
0.026529
0.026447
0.020014
0.017401
0.014572
0.014551
0.016330
0.017942
0.021537
0.014303
0.019238
0.014301
0.020843
0.014326
0.020728
0.021086
0.020746
0.014679
0.014572
0.019600
0.014459
0.019188
0.018904
0.020312
0.016875
0.015368
0.014265
0.014192
0.014502
0.014433
0.016899
0.014378
0.026941
0.017053
0.022118
0.014484
0.017764
0.014252
0.014200
0.018981
0.016571
0.014279
0.021543
0.018631
0.023169
0.019903
0.021377
0.017954
0.015764
0.017534
0.014292
0.014620
0.015438
0.019544
0.023705
0.022260
0.016450
0.026891
0.023206
0.017547
0.014453
0.026289
0.023568
0.015296
0.014696
0.024170
0.016898
0.017877
0.014263
0.017000
0.016527
0.021251
0.016085
0.016812
0.017484
0.014471
0.017590
0.014484
0.023242
0.022244
0.016825
0.014721
0.021548
0.014516
0.016834
0.016530
0.024551
0.016677
0.025096
0.014681
0.016658
0.014175
0.014412
0.014527
0.014188
0.019997
0.014264
0.022372
0.014498
0.022266
0.016808
0.016954
0.014386
0.023671
0.026958
0.014302
0.015387
0.019322
0.021829
0.025161
0.016687
0.024777
0.027322
0.027155
0.026542
0.014497
0.019833
0.026301
0.017853
0.014377
0.019493
0.015292
0.016310
0.014202
0.014510
0.017302
0.014494
0.016700
0.017351
0.018065
0.021492
0.019515
0.014535
0.016209
0.022183
0.014288
0.018909
0.014248
0.018370
0.018826
0.023107
0.024065
0.021559
0.014308
0.018241
0.017884
0.014215
0.020316
0.014498
0.014140
0.014421
0.019092
0.023202
0.014187
0.014542
0.022194
0.017231
0.021663
0.024984
0.014420
0.016342
0.016475
0.015977
0.020995
0.015271
0.014526
0.014724
0.024076
0.024907
0.020848
0.020065
0.022421
0.018934
0.019588
0.016556
0.015069
0.025054
0.019159
0.016536
0.022571
0.015796
0.015210
0.018670
0.021652
0.023747
0.020830
0.022054
0.014737
0.016429
0.019206
0.020446
0.020446
0.014476
0.018600
0.023186
0.018777
0.025131
0.018636
0.018945
0.016463
0.018025
0.014453
0.015466
0.014258
0.021831
0.021772
0.014210
0.018572
0.020387
0.014436
0.014545
0.024260
0.019412
0.021339
0.018987
0.017506
0.022204
0.018279
0.020472
0.017983
0.014256
0.014407
0.016406
0.021892
0.014215
0.014469
0.016327
0.019691
0.018352
0.016475
0.014253
0.023039
0.021628
0.021773
0.020403
0.020588
0.022419
0.027209
0.018523
0.026245
0.014358
0.014829
0.014775
0.014431
0.025123
0.022129
0.026161
0.015787
0.017231
0.014258
0.014219
0.017571
0.014396
0.015413
0.015491
0.018326
0.017560
0.021871
0.014106
0.019961
0.014505
0.021804
0.016118
0.024961
0.014632
0.016232
0.014505
0.017842
0.016867
0.014504
0.017226
0.014501
0.017989
0.022124
0.019126
0.020508
0.014396
0.016447
0.021910
0.018328
0.024201
0.017096
0.014230
0.020661
0.014390
0.020442
0.014489
0.018521
0.023532
0.020366
0.020925
0.021861
0.021949
0.026302
0.021246
0.021678
0.014522
0.017843
0.023164
0.016622
0.025147
0.014474
0.027393
0.022904
0.022172
0.019277
0.021313
0.014437
0.014250
0.021514
0.020213
0.026122
0.022374
0.026904
0.021668
0.016966
0.017342
0.024212
0.016114
0.022162
0.021966
0.021660
0.021660
0.014247
0.021153
0.014483
0.017056
0.016585
0.016004
0.016286
0.017091
0.015567
0.017483
0.021672
0.027047
0.014522
0.021421
0.014398
0.025227
0.026059
0.018938
0.018759
0.016806
0.017731
0.020673
0.015234
0.016548
0.014281
0.021608
0.016395
0.019188
0.022712
0.014459
0.014240
0.014492
0.017860
0.014452
0.021126
0.014295
0.017303
0.019476
0.020959
0.014302
0.014753
0.018038
0.016429
0.014514
0.021699
0.023747
0.018402
0.018377
0.017796
0.020793
0.016110
0.021295
0.021150
0.014247
0.021799
0.018000
0.014134
0.025239
0.018331
0.014146
0.016988
0.017786
0.019558
0.017078
0.018523
0.016892
0.014452
0.024493
0.023739
0.021728
0.016539
0.021300
0.017229
0.018545
0.016336
0.016964
0.016549
0.018421
0.014517
0.014471
0.014437
0.015407
0.014475
0.014452
0.015779
0.015879
0.014429
0.015810
0.015568
0.019237
0.018843
0.017881
0.014438
0.014376
0.020545
0.018629
0.016452
0.016438
0.027611
0.016264
0.027192
0.018044
0.021537
0.017528
0.015305
0.014268
0.016844
0.014144
0.015869
0.018690
0.027360
0.014255
0.014241
0.023315
0.017088
0.014477
0.018260
0.021908
0.016314
0.020286
0.021162
0.020540
0.016650
0.014471
0.015557
0.020787
0.014484
0.014444
0.015834
0.015411
0.014319
0.015639
0.016626
0.019791
0.024147
0.026339
0.027306
0.014401
0.021486
0.025659
0.016626
0.022337
0.016864
0.014415
0.020527
0.018430
0.024963
0.026994
0.018147
0.015877
0.021174
0.024054
0.020356
0.014158
0.023287
0.022375
0.024697
0.019981
0.014232
0.024362
0.016235
0.017636
0.016760
0.014533
0.015930
0.014444
0.016978
0.021225
0.023869
0.014284
0.022521
0.014307
0.019275
0.016059
0.025984
0.014504
0.019665
0.020128
0.023877
0.014626
0.018125
0.014403
0.021823
0.018337
0.015817
0.018979
0.014521
0.014708
0.014328
0.015882
0.024723
0.021252
0.020856
0.023939
0.016152
0.023568
0.014253
0.017825
0.016828
0.015288
0.021303
0.014247
0.021376
0.019462
0.017146
0.019030
0.015577
0.019011
0.014083
0.017662
0.016598
0.016153
0.020082
0.024259
0.016719
0.018953
0.015482
0.023160
0.014423
0.020506
0.018865
0.014591
0.016931
0.018767
0.016229
0.022555
0.015749
0.014508
0.026205
0.017362
0.014511
0.022918
0.022904
0.019245
0.020946
0.014433
0.014345
0.024043
0.014296
0.023305
0.017179
0.024033
0.020296
0.015488
0.025355
0.026966
0.014405
0.017260
0.021224
0.016923
0.019906
0.018508
0.014188
0.019807
0.019679
0.020689
0.019611
0.017032
0.016538
0.018821
0.014441
0.018844
0.014446
0.017110
0.026888
0.015916
0.014504
0.014560
0.023299
0.018226
0.021682
0.017484
0.014417
0.014507
0.024830
0.014478
0.021932
0.017975
0.014398
0.015919
0.023651
0.020919
0.018706
0.014380
0.015831
0.022851
0.016815
0.016544
0.014566
0.021473
0.026851
0.014462
0.019732
0.025419
0.015814
0.016747
0.014534
0.020710
0.025550
0.015593
0.016931
0.014515
0.024416
0.020727
0.014270
0.016152
0.025369
0.015611
0.014534
0.019577
0.014466
0.014154
0.015730
0.014927
0.017422
0.020694
0.019234
0.014295
0.018342
0.021731
0.018369
0.022902
0.014130
0.020711
0.023229
0.016905
0.022370
0.018840
0.022159
0.016120
0.014810
0.016007
0.021800
0.015395
0.017754
0.018835
0.024492
0.017797
0.016110
0.015364
0.020248
0.018544
0.022338
0.019902
0.019376
0.015676
0.015609
0.025812
0.014467
0.021027
0.023167
0.017247
0.014442
0.017279
0.017640
0.022822
0.022919
0.018828
0.023919
0.017433
0.014095
0.014477
0.014250
0.025383
0.016706
0.015310
0.014462
0.023538
0.018023
0.014016
0.018747
0.016056
0.020426
0.020844
0.020419
0.014665
0.017797
0.018122
0.026088
0.014482
0.024373
0.023768
0.021549
0.014504
0.014536
0.014299
0.016219
0.014483
0.014176
0.014469
0.014372
0.020433
0.025202
0.014836
0.021286
0.014506
0.015390
0.016942
0.016801
0.014334
0.016109
0.018818
0.024443
0.014017
0.020118
0.014227
0.021605
0.022573
0.014291
0.016266
0.017297
0.021228
0.018074
0.022800
0.014093
0.018246
0.019366
0.023789
0.026248
0.017721
0.020140
0.014226
0.021610
0.014231
0.020871
0.021687
0.016165
0.014268
0.014420
0.014289
0.017984
0.014489
0.014477
0.016179
0.017273
0.014437
0.024602
0.022354
0.017116
0.019911
0.024731
0.017364
0.023034
0.018612
0.014567
0.022213
0.016961
0.019199
0.019546
0.023117
0.015645
0.014441
0.020783
0.014354
0.021542
0.018777
0.014347
0.014439
0.017786
0.024901
0.014273
0.014278
0.014403
0.015945
0.014712
0.016411
0.015378
0.020198
0.016536
0.019138
0.025675
0.014522
0.027269
0.014356
0.017075
0.015819
0.015855
0.014432
0.017249
0.014237
0.017722
0.014538
0.014323
0.019961
0.017120
0.023872
0.017739
0.017599
0.017292
0.024550
0.027467
0.022459
0.014378
0.024366
0.016569
0.026976
0.019392
0.017368
0.019044
0.015671
0.018978
0.014211
0.019618
0.019080
0.020265
0.019619
0.014749
0.014462
0.024949
0.017935
0.026473
0.016257
0.014205
0.019227
0.025284
0.014475
0.014528
0.014570
0.016478
0.024763
0.023925
0.016010
0.017917
0.025363
0.015250
0.017056
0.023282
0.018002
0.014518
0.023600
0.021623
0.019049
0.017465
0.014457
0.025046
0.020915
0.024063
0.025035
0.024432
0.019282
0.020829
0.020994
0.024735
0.014485
0.014491
0.018164
0.014446
0.026543
0.015490
0.022995
0.014732
0.020184
0.016388
0.022194
0.015736
0.021693
0.024991
0.019916
0.016083
0.015446
0.023879
0.014477
0.014282
0.014604
0.021791
0.019127
0.026272
0.019748
0.022513
0.014222
0.024057
0.025631
0.019987
0.014476
0.020869
0.014551
0.019750
0.018161
0.019866
0.016326
0.016026
0.019090
0.021709
0.023876
0.015600
0.014474
0.014425
0.016047
0.016540
0.024811
0.025683
0.020669
0.019413
0.014112
0.015399
0.014417
0.014457
0.020917
0.026107
0.022677
0.022594
0.019798
0.020513
0.020398
0.017281
0.026681
0.017641
0.018539
0.021107
0.019990
0.014276
0.014429
0.023723
0.017965
0.017857
0.020703
0.026915
0.014248
0.023260
0.020096
0.014633
0.015894
0.017828
0.019790
0.018083
0.019731
0.016847
0.014203
0.016813
0.024208
0.019420
0.014299
0.019947
0.014087
0.014361
0.015053
0.016562
0.016888
0.025227
0.014530
0.019219
0.016043
0.018679
0.022412
0.022575
0.026998
0.024476
0.023871
0.027007
0.023746
0.023574
0.017310
0.016783
0.016084
0.023592
0.017681
0.025046
0.026510
0.015348
0.027624
0.023538
0.021171
0.015620
