0.002967
0.003003
0.003017
0.002564
0.003009
0.003000
0.003178
0.002993
0.003045
0.003059
0.001239
0.001271
0.001251
0.003003
0.003027
0.001993
0.002995
0.003046
0.001251
0.002997
0.001256
0.002733
0.002996
0.003017
0.001245
0.002966
0.003002
0.002984
0.002994
0.002986
0.003065
0.002986
0.001265
0.003077
0.001262
0.003022
0.001249
0.003065
0.002983
0.002994
0.003036
0.003068
0.003029
0.001734
0.003006
0.003002
0.002217
0.002009
0.003004
0.003008
0.003018
0.002181
0.003218
0.003028
0.001243
0.001698
0.002981
0.001244
0.001804
0.003033
0.002985
0.002971
0.002252
0.003116
0.001246
0.002967
0.003001
0.001269
0.003036
0.002953
0.002998
0.002024
0.003024
0.001260
0.003062
0.003035
0.002972
0.003284
0.003084
0.002994
0.001899
0.003002
0.001245
0.003073
0.002982
0.002311
0.001249
0.002366
0.003044
0.001916
0.003024
0.003157
0.002992
0.003015
0.003023
0.001315
0.001239
0.001244
0.003116
0.003053
0.003025
0.002981
0.003066
0.003011
0.003054
0.003051
0.002995
0.002984
0.002956
0.001270
0.002967
0.003030
0.002845
0.003219
0.003034
0.002969
0.003245
0.003090
0.003186
0.001981
0.002980
0.003112
0.002974
0.002985
0.001319
0.001262
0.003050
0.002962
0.002540
0.003023
0.003036
0.003069
0.003033
0.001828
0.003068
0.001876
0.002974
0.003006
0.001298
0.003010
0.001245
0.001328
0.002999
0.001245
0.001700
0.002959
0.003060
0.003036
0.002968
0.002989
0.001264
0.002989
0.003029
0.001270
0.002991
0.002977
0.002949
0.003000
0.001788
0.001243
0.003065
0.003264
0.003026
0.001261
0.002993
0.003023
0.003018
0.003000
0.001236
0.003160
0.002966
0.002028
0.001253
0.002997
0.003025
0.003067
0.002962
0.002006
0.002897
0.003025
0.003014
0.003934
0.002966
0.003075
0.003209
0.002959
0.003037
0.001817
0.002948
0.003078
0.002996
0.002574
0.003001
0.003052
0.002965
0.003008
0.002981
0.003293
0.003012
0.001248
0.003033
0.003048
0.001285
0.003002
0.003013
0.002988
0.003010
0.001250
0.003033
0.003098
0.002978
0.003047
0.002131
0.003001
0.003047
0.002686
0.002962
0.003016
0.003025
0.002992
0.001257
0.001287
0.002984
0.001903
0.001260
0.003030
0.001257
0.002999
0.001261
0.003046
0.001265
0.001991
0.002984
0.003082
0.003268
0.002967
0.002997
0.001330
0.001871
0.001354
0.001987
0.003016
0.003003
0.002996
0.003050
0.003088
0.003124
0.002959
0.002972
0.003012
0.003011
0.001913
0.002996
0.002987
0.002952
0.003085
0.003008
0.002409
0.003036
0.001253
0.001239
0.001280
0.001786
0.002973
0.003012
0.003098
0.001295
0.002985
0.002983
0.001277
0.003053
0.001281
0.002999
0.002963
0.003021
0.003067
0.003015
0.001266
0.002228
0.003098
0.003033
0.002986
0.002982
0.003182
0.001275
0.003029
0.002992
0.002975
0.003045
0.003093
0.001284
0.001281
0.002582
0.003015
0.003029
0.003052
0.001976
0.001254
0.001629
0.001887
0.003028
0.002996
0.002089
0.002974
0.003086
0.003034
0.001730
0.001902
0.003023
0.001770
0.002992
0.003171
0.003287
0.003040
0.003035
0.003058
0.003002
0.002999
0.002996
0.001246
0.001256
0.001257
0.001300
0.001711
0.003079
0.003416
0.002947
0.003016
0.001251
0.002995
0.002983
0.003070
0.002988
0.003050
0.002973
0.002874
0.002990
0.001809
0.001264
0.002961
0.001257
0.001491
0.002544
0.001254
0.002982
0.003034
0.002990
0.002027
0.002975
0.002995
0.003268
0.002982
0.001268
0.002570
0.002970
0.003013
0.003068
0.001256
0.003047
0.003007
0.003014
0.002972
0.003048
0.002978
0.002968
0.002979
0.002996
0.002969
0.002982
0.001258
0.003007
0.003063
0.001272
0.001261
0.002976
0.001924
0.003035
0.003104
0.001249
0.001445
0.001258
0.001268
0.001268
0.001256
0.001256
0.003100
0.002963
0.002981
0.003424
0.003001
0.002978
0.001274
0.003081
0.003030
0.001271
0.003049
0.003009
0.003002
0.002958
0.002995
0.002140
0.003004
0.002990
0.003010
0.003006
0.003007
0.002980
0.001290
0.003134
0.003049
0.001249
0.001887
0.002981
0.002969
0.002547
0.003038
0.001242
0.001497
0.003055
0.003092
0.002979
0.002982
0.003095
0.001271
0.001270
0.002953
0.001262
0.002969
0.003112
0.003015
0.002978
0.003050
0.002998
0.001338
0.003075
0.002265
0.003087
0.003027
0.002978
0.003051
0.001836
0.003050
0.002964
0.001276
0.003282
0.002990
0.001245
0.002579
0.003004
0.003028
0.001265
0.001273
0.001720
0.001876
0.001246
0.002982
0.002976
0.003008
0.003192
0.003005
0.002952
0.001375
0.001245
0.003063
0.002974
0.001274
0.003051
0.002992
0.001244
0.002989
0.002985
0.002977
0.003010
0.001784
0.003000
0.001263
0.003035
0.003289
0.002981
0.003115
0.003179
0.003041
0.003082
0.001897
0.003028
0.003019
0.003004
0.002991
0.001923
0.003020
0.002613
0.002005
0.001261
0.002280
0.003016
0.003024
0.002962
0.002989
0.001306
0.001326
0.003032
0.001259
0.001271
0.002984
0.002945
0.003032
0.002985
0.002979
0.001271
0.001265
0.002976
0.002997
0.003036
0.001248
0.001258
0.001322
0.001293
0.003043
0.001273
0.003093
0.001248
0.003073
0.002643
0.002962
0.003087
0.003009
0.001267
0.003043
0.001263
0.002442
0.003080
0.001296
0.003191
0.002990
0.002986
0.002998
0.003287
0.003258
0.002998
0.003345
0.003055
0.002956
0.001355
0.001260
0.002976
0.003022
0.002966
0.001317
0.002953
0.003019
0.001304
0.001261
0.002989
0.003010
0.001243
0.003037
0.003055
0.002980
0.002374
0.001261
0.003057
0.001253
0.001268
0.001256
0.003058
0.001913
0.002965
0.003016
0.003296
0.001928
0.003150
0.001245
0.001257
0.002353
0.003055
0.003019
0.002993
0.001261
0.001251
0.003030
0.003064
0.003081
0.002523
0.003004
0.003175
0.002148
0.001741
0.002978
0.001968
0.003000
0.003020
0.002998
0.001918
0.002952
0.003083
0.002993
0.003001
0.002985
0.002954
0.003011
0.002000
0.003009
0.003021
0.003246
0.002975
0.002978
0.001259
0.002098
0.002993
0.003003
0.001271
0.003029
0.003034
0.003024
0.001443
0.003016
0.001278
0.001286
0.002399
0.001800
0.003030
0.003039
0.003073
0.001274
0.001743
0.003011
0.002997
0.001247
0.001257
0.001323
0.001263
0.001318
0.002962
0.002990
0.001280
0.003090
0.003014
0.002959
0.003046
0.003051
0.002993
0.003107
0.003037
0.002987
0.001265
0.002366
0.003059
0.003015
0.001288
0.001252
0.001982
0.003035
0.003019
0.001256
0.002962
0.002986
0.001258
0.001371
0.002988
0.002995
0.003008
0.003029
0.003038
0.002977
0.003054
0.003070
0.003023
0.002961
0.003027
0.002989
0.001273
0.003011
0.003001
0.001814
0.003080
0.002007
0.003060
0.001253
0.002996
0.003188
0.003076
0.003033
0.002994
0.001248
0.003020
0.003011
0.001257
0.002105
0.001258
0.001830
0.002977
0.003082
0.003025
0.002088
0.001836
0.001789
0.001248
0.001317
0.001261
0.001243
0.003071
0.001277
0.001285
0.001251
0.001251
0.001907
0.001269
0.001785
0.002052
0.003010
0.001797
0.001306
0.003020
0.002269
0.001402
0.001392
0.003051
0.002983
0.003062
0.001253
0.003038
0.003269
0.001281
0.002983
0.001247
0.003105
0.002981
0.002235
0.001259
0.003034
0.003002
0.002982
0.002959
0.002961
0.003006
0.001692
0.001823
0.002989
0.001723
0.002964
0.001262
0.002962
0.003002
0.003015
0.002980
0.002985
0.002995
0.003011
0.002995
0.001240
0.002986
0.003060
0.003047
0.003028
0.003328
0.003004
0.002112
0.003729
0.002993
0.003000
0.003074
0.003016
0.001251
0.002980
0.002976
0.002989
0.003007
0.003006
0.003266
0.003043
0.002996
0.003042
0.003003
0.003027
0.002965
0.002965
0.002979
0.001265
0.001278
0.003016
0.001254
0.001249
0.002943
0.002989
0.003066
0.003069
0.002977
0.003007
0.003238
0.001262
0.003020
0.002968
0.001875
0.003170
0.003008
0.003030
0.003007
0.001888
0.001262
0.001793
0.003021
0.002969
0.002999
0.003012
0.002994
0.002786
0.002996
0.003065
0.002977
0.001284
0.001256
0.002984
0.001880
0.003061
0.001880
0.003011
0.003033
0.003016
0.001286
0.001247
0.003009
0.001260
0.001699
0.003002
0.001241
0.001245
0.001267
0.002979
0.003095
0.003243
0.003048
0.002341
0.003120
0.001254
0.001877
0.003064
0.002268
0.003042
0.003054
0.001246
0.003028
0.002990
0.003097
0.002995
0.003020
0.001260
0.003039
0.003013
0.001820
0.003046
0.003231
0.002974
0.001240
0.001265
0.001902
0.001257
0.003270
0.001648
0.001246
0.003027
0.001270
0.003043
0.001911
0.003049
0.003017
0.002967
0.001783
0.002958
0.001878
0.003026
0.003032
0.003032
0.001243
0.003012
0.001909
0.002292
0.003004
0.003257
0.002006
0.002966
0.002956
0.001262
0.002997
0.002987
0.003032
0.002958
0.002953
0.001239
0.003237
0.002985
0.001267
0.003001
0.001975
0.003031
0.002958
0.003076
0.002989
0.001247
0.002963
0.001239
0.002413
0.002989
0.001319
0.001243
0.003016
0.003019
0.003049
0.001257
0.002589
0.002010
0.001259
0.003049
0.002988
0.002974
0.002986
0.002999
0.001237
0.001305
0.002975
0.003014
0.001833
0.001828
0.003006
0.003195
0.003040
0.003056
0.003730
0.001693
0.003027
0.003028
0.002987
0.003018
0.002035
0.002973
0.001255
0.001243
0.001261
0.003081
0.003034
0.001244
0.001250
0.001266
0.001705
0.002996
0.003012
0.001265
0.002380
0.002990
0.003018
0.003008
0.003026
0.001289
0.001947
0.001899
0.002994
0.001260
0.001252
0.003043
0.001273
0.002988
0.003050
0.001262
0.001246
0.001260
0.003057
0.003061
0.002254
0.001475
0.002960
0.001265
0.001249
0.001267
0.001275
0.001259
0.001259
0.001283
0.002972
0.001256
0.003010
0.003087
0.002997
0.001245
0.001239
0.002973
0.001270
0.003079
0.003056
0.003075
0.001261
0.001493
0.002997
0.003014
0.002957
0.001247
0.002012
0.002956
0.002978
0.002978
0.001256
0.002997
