0.040731
0.080936
0.083410
0.023007
0.028591
0.022882
0.064955
0.019052
0.052128
0.027440
0.050128
0.057915
0.024681
0.027133
0.062044
0.061670
0.026408
0.036656
0.018910
0.029128
0.027468
0.009904
0.008925
0.018903
0.023971
0.039424
0.049574
0.046803
0.015722
0.031918
0.035723
0.014377
0.017340
0.051332
0.025236
0.020633
0.027976
0.050798
0.074747
0.066990
0.029165
0.043571
0.059382
0.052001
0.022465
0.019083
0.038441
0.054940
0.055567
0.051342
0.064370
0.054091
0.055207
0.035293
0.041592
0.059555
0.057539
0.019333
0.040116
0.043095
0.044228
0.040886
0.043952
0.021276
0.023176
0.045740
0.023489
0.052486
0.053655
0.051696
0.059107
0.036770
0.032200
0.033139
0.032347
0.024661
0.056881
0.070547
0.026678
0.032523
0.057944
0.068480
0.021609
0.051386
0.023901
0.027224
0.028013
0.027686
0.022613
0.019740
0.021598
0.023082
0.017783
0.016296
0.036259
0.060170
0.062307
0.041546
0.032124
0.017724
0.049561
0.050992
0.051669
0.021199
0.042282
0.060233
0.052204
0.022952
0.025847
0.019765
0.045873
0.051602
0.060544
0.027096
0.014697
0.049096
0.029015
0.013368
0.013523
0.030416
0.024656
0.065343
0.033611
0.082401
0.050878
0.033322
0.033463
0.027770
0.054346
0.021592
0.020309
0.020268
0.050054
0.051102
0.046316
0.061537
0.060622
0.035697
0.052752
0.030971
0.046099
0.041353
0.042903
0.041992
0.039103
0.068871
0.032825
0.062656
0.053350
0.024044
0.047823
0.053745
0.047870
0.022766
0.038054
0.056041
0.041789
0.042637
0.023034
0.053018
0.025374
0.025873
0.032652
0.044026
0.057540
0.014194
0.017664
0.023088
0.015698
0.013051
0.016830
0.036073
0.029463
0.033450
0.022622
0.037139
0.021539
0.043338
0.048460
0.049538
0.056702
0.025544
0.042321
0.050921
0.018663
0.033941
0.037242
0.056664
0.039092
0.028710
0.010702
0.028232
0.018239
0.025046
0.014250
0.062593
0.045777
0.083173
0.075429
0.032122
0.063072
0.049121
0.042962
0.039416
0.045507
0.038512
0.043629
0.054820
0.049232
0.043210
0.057601
0.026079
0.054274
0.070729
0.059132
0.027806
0.050341
0.059752
0.038600
0.022875
0.016720
0.029843
0.061401
0.051644
0.051361
0.022533
0.024273
0.050993
0.032002
0.035196
0.019831
0.028858
0.041903
0.051218
0.037153
0.064217
0.049226
0.068614
0.055375
0.062008
0.061032
0.028549
0.032437
0.067967
0.028494
0.041009
0.036448
0.020257
0.021938
0.038357
0.045115
0.041782
0.051254
0.030683
0.089889
0.036130
0.054766
0.065793
0.068572
0.077724
0.063219
0.071365
0.033496
0.052504
0.066305
0.032346
0.026812
0.018990
0.025655
0.042654
0.045206
0.027804
0.042909
0.052699
0.057654
0.058577
0.089130
0.030580
0.076108
0.039693
0.050768
0.019804
0.062681
0.029679
0.076301
0.020892
0.017793
0.062305
0.021866
0.071530
0.025862
0.052631
0.062756
0.073013
0.023504
0.024211
0.048242
0.046052
0.031988
0.032045
0.014760
0.016113
0.017169
0.026901
0.021226
0.036512
0.050128
0.045998
0.030005
0.055269
0.056063
0.021326
0.051383
0.033551
0.032341
0.013557
0.029907
0.025648
0.048117
0.050120
0.051173
0.040438
0.082490
0.087339
0.035797
0.022507
0.033761
0.035808
0.016471
0.026782
0.055274
0.022780
0.017260
0.017369
0.017623
0.016500
0.034369
0.031411
0.031412
0.050550
0.052096
0.047253
0.026853
0.021336
0.035535
0.031364
0.034375
0.015212
0.018194
0.019629
0.061280
0.025188
0.028468
0.058294
0.024752
0.026466
0.022729
0.047061
0.021123
0.029124
0.026838
0.034452
0.065183
0.059827
0.022983
0.047080
0.019073
0.043420
0.056787
0.024793
0.025011
0.023484
0.057327
0.057119
0.070146
0.033757
0.028569
0.063452
0.027921
0.024114
0.022875
0.021907
0.049858
0.049791
0.021471
0.026888
0.041275
0.021953
0.024042
0.021720
0.039019
0.039027
0.074571
0.040397
0.020300
0.029068
0.031372
0.035993
0.026370
0.057303
0.072231
0.026410
0.034407
0.065004
0.017011
0.029150
0.048571
0.033236
0.020160
0.039828
0.067264
0.073006
0.080058
0.030915
0.046231
0.093310
0.024415
0.055465
0.024465
0.025091
0.025439
0.080516
0.038818
0.051725
0.067297
0.058715
0.080372
0.072433
0.051231
0.039627
0.022740
0.047689
0.039510
0.059648
0.061276
0.059488
0.054313
0.061559
0.064423
0.063035
0.061883
0.026427
0.051551
0.023617
0.027538
0.022210
0.048448
0.053123
0.056621
0.026944
0.066912
0.035902
0.037185
0.073695
0.020137
0.042848
0.046184
0.057651
0.034982
0.063995
0.028318
0.058371
0.067944
0.020643
0.023708
0.051947
0.057761
0.023861
0.049503
0.063690
0.059531
0.033915
0.031409
0.058230
0.077284
0.046486
0.060652
0.040692
0.046534
0.014829
0.017723
0.043471
0.039486
0.031087
0.049732
0.038602
0.037183
0.017103
0.035336
0.025358
0.023323
0.024081
0.048724
0.036419
0.015257
0.024493
0.018544
0.023576
0.034062
0.060362
0.033123
0.054962
0.058656
0.057354
0.025738
0.032280
0.034337
0.056498
0.048635
0.037821
0.023208
0.069914
0.046857
0.040867
0.015130
0.020073
0.015951
0.034664
0.023435
0.022652
0.051554
0.022995
0.061747
0.022900
0.038966
0.028744
0.053378
0.059516
0.059862
0.059831
0.031289
0.039005
0.026642
0.068767
0.071365
0.030939
0.074224
0.075042
0.017301
0.014558
0.016535
0.016414
0.048733
0.029687
0.059381
0.054921
0.070783
0.050856
0.057698
0.049256
0.021072
0.040031
0.032148
0.046499
0.037265
0.014419
0.016147
0.022548
0.024417
0.023827
0.017718
0.019566
0.021001
0.024560
0.048266
0.045211
0.051906
0.023128
0.056620
0.031085
0.029086
0.041028
0.078225
0.029740
0.028832
0.036115
0.064105
0.062841
0.047389
0.026135
0.054933
0.029866
0.039166
0.069329
0.077734
0.014690
0.023418
0.030512
0.030427
0.027718
0.059838
0.067281
0.045623
0.027057
0.022896
0.056318
0.067523
0.024587
0.026795
0.025241
0.020047
0.031420
0.055204
0.049495
0.069342
0.053921
0.049961
0.028891
0.053356
0.058712
0.075902
0.069325
0.052956
0.039620
0.048028
0.022941
0.055293
0.024952
0.024133
0.024734
0.065172
0.014010
0.058484
0.064477
0.055154
0.062477
0.051049
0.021707
0.050265
0.023124
0.042006
0.058915
0.054289
0.070861
0.072982
0.074248
0.082383
0.082231
0.085608
0.024494
0.029373
0.024876
0.028948
0.027135
0.024002
0.025589
0.058429
0.051914
0.060250
0.059162
0.022505
0.020831
0.024596
0.028398
0.047576
0.022746
0.025453
0.039889
0.023848
0.052359
0.057059
0.023782
0.024683
0.023689
0.061148
0.039544
0.056182
0.027806
0.063915
0.023512
0.028967
0.044074
0.059713
0.027097
0.022777
0.027249
0.028318
0.021516
0.023693
0.026652
0.038256
0.090178
0.063275
0.064489
0.078585
0.075096
0.052027
0.049710
0.070806
0.065668
0.067119
0.053272
0.069313
0.025703
0.031361
0.024950
0.031725
0.063497
0.062209
0.043687
0.038908
0.052734
0.021042
0.032005
0.061373
0.061498
0.020741
0.054464
0.022223
0.051750
0.057919
0.060040
0.032051
0.035554
0.025954
0.045953
0.044702
0.045809
0.043111
0.036316
0.056450
0.028975
0.020766
0.037262
0.023905
0.021907
0.027682
0.034236
0.022468
0.018147
0.039692
0.023517
0.026754
0.089336
0.074937
0.070547
0.060380
0.026160
0.032262
0.071989
0.073298
0.027759
0.035014
0.026678
0.045862
0.056738
0.026948
0.056421
0.049372
0.018854
0.031350
0.015893
0.013680
0.072258
0.024744
0.026041
0.068628
0.053839
0.034453
0.038405
0.044168
0.040078
0.032567
0.036294
0.058466
0.030806
0.022458
0.041106
0.039721
0.048398
0.044302
0.041292
0.021158
0.019040
0.019137
0.040359
0.045484
0.050808
0.020408
0.017921
0.032392
0.012846
0.011331
0.012676
0.012010
0.022424
0.024983
0.011866
0.009397
0.013059
0.021943
0.056311
0.071940
0.063818
0.067781
0.049951
0.060565
0.062355
0.030169
0.032200
0.037575
0.033499
0.033803
0.035279
0.034383
0.078828
0.031017
0.046244
0.066656
0.070555
0.032608
0.063940
0.032180
0.052890
0.051650
0.056746
0.058487
0.026104
0.038718
0.051666
0.029736
0.021870
0.041299
0.054112
0.046714
0.052828
0.054130
0.025094
0.049779
0.017760
0.041128
0.022882
0.022873
0.049445
0.049722
0.051144
0.026247
0.041950
0.057789
0.050077
0.040306
0.066307
0.033295
0.037808
0.029108
0.013370
0.067292
0.072441
0.023978
0.043105
0.063963
0.027848
0.021048
0.016588
0.020532
0.045564
0.015908
0.018243
0.016169
0.029040
0.060705
0.027505
0.044426
0.015351
0.015699
0.024781
0.037850
0.019619
0.050130
0.041226
0.038548
0.051065
0.017805
0.020466
0.024525
0.060991
0.054056
0.059350
0.058144
0.072064
0.028866
0.042198
0.050598
0.051931
0.026702
0.057354
0.064989
0.030219
0.059447
0.078233
0.087620
0.012749
0.011967
0.013381
0.013628
0.022414
0.043496
0.062175
0.028197
0.029362
0.054762
0.063918
0.064741
0.055321
0.061394
0.050997
0.025228
0.022218
0.054307
0.031210
0.028681
0.075071
0.032249
0.066920
0.026640
0.055354
0.084320
0.068314
0.054139
0.055114
0.046377
0.059157
0.061772
0.054022
0.066651
0.023772
0.032186
0.034966
0.031672
0.042985
0.019258
0.035167
0.051183
0.045275
0.027548
0.029826
0.053918
0.059172
0.026506
0.064047
0.026012
0.042829
0.040200
0.046009
0.016668
0.013446
0.019506
0.033692
0.052877
0.052536
0.055220
0.024105
0.057113
0.045904
0.051755
0.054498
0.070434
0.073258
0.030961
0.029780
0.052502
0.053188
0.050048
0.057078
0.055590
0.022468
0.019933
0.020643
0.021145
0.018354
0.045787
0.030821
0.041566
0.057307
0.060550
0.027353
0.021016
0.061112
0.053041
0.054333
0.022450
0.034609
0.071790
0.062989
0.046798
0.021985
0.031249
0.062362
0.071727
0.067781
0.020029
0.034840
0.071380
0.062942
0.057350
0.057982
0.061149
0.029742
0.032918
0.054863
