0.011513
0.013378
0.018880
0.003809
0.012647
0.009153
0.009050
0.008027
0.017044
0.008316
0.006750
0.005981
0.007919
0.011459
0.016873
0.014604
0.009705
0.005960
0.005150
0.005710
0.005209
0.004952
0.007907
0.016712
0.015396
0.008377
0.005175
0.007295
0.005019
0.009625
0.003252
0.006712
0.010385
0.008401
0.004431
0.008414
0.010810
0.005458
0.008679
0.010158
0.010016
0.010425
0.006038
0.009089
0.005440
0.004081
0.010520
0.013488
0.005635
0.012755
0.004522
0.011377
0.012759
0.012412
0.004902
0.005373
0.007218
0.003415
0.003808
0.010208
0.009828
0.011554
0.010919
0.006532
0.008329
0.005212
0.005670
0.007879
0.011367
0.015313
0.017106
0.006165
0.015796
0.006622
0.006089
0.006239
0.014165
0.015811
0.005124
0.006850
0.010654
0.005014
0.006310
0.010497
0.005602
0.005475
0.011808
0.008777
0.004143
0.004915
0.003959
0.003340
0.006424
0.004806
0.005695
0.006272
0.004982
0.007807
0.005164
0.006878
0.011979
0.011710
0.011994
0.011968
0.006027
0.005498
0.005784
0.006216
0.006613
0.008665
0.005189
0.018755
0.012137
0.003786
0.004179
0.005715
0.003666
0.003823
0.011322
0.013794
0.004088
0.006331
0.013982
0.017154
0.011993
0.009588
0.004660
0.005440
0.012241
0.012524
0.013569
0.012613
0.005522
0.005093
0.007161
0.011972
0.011846
0.012685
0.015608
0.008058
0.005004
0.011572
0.013606
0.011048
0.010136
0.013382
0.011658
0.009537
0.004667
0.007217
0.017447
0.004161
0.004340
0.011038
0.010216
0.010184
0.015991
0.005307
0.007080
0.005963
0.005702
0.012458
0.006970
0.015743
0.006253
0.004772
0.012172
0.010805
0.004644
0.006146
0.012615
0.010563
0.004849
0.011241
0.012950
0.011270
0.022795
0.008297
0.005466
0.004813
0.011992
0.013219
0.013679
0.007149
0.006560
0.015092
0.015059
0.014701
0.014827
0.005797
0.008956
0.007839
0.005102
0.012395
0.007277
0.006600
0.015925
0.011114
0.013486
0.013553
0.006304
0.016105
0.015400
0.013432
0.007054
0.004727
0.004944
0.004307
0.006165
0.005236
0.004957
0.006374
0.005088
0.005949
0.005434
0.004814
0.010791
0.010805
0.009519
0.011440
0.005411
0.007724
0.006588
0.004562
0.010398
0.011880
0.009073
0.012500
0.011876
0.011277
0.006479
0.005441
0.006353
0.004920
0.011936
0.015405
0.016480
0.020567
0.017536
0.006551
0.016789
0.016837
0.006746
0.017623
0.018500
0.005095
0.012140
0.016808
0.017497
0.012152
0.014735
0.005287
0.005984
0.012969
0.014310
0.004740
0.016847
0.014127
0.012883
0.012347
0.006316
0.005165
0.004973
0.010639
0.008596
0.011456
0.004457
0.004893
0.017053
0.012479
0.005705
0.004098
0.008530
0.011272
0.011045
0.005473
0.005900
0.007167
0.016430
0.006027
0.006775
0.005726
0.016864
0.005570
0.009017
0.006472
0.005976
0.006201
0.007270
0.016295
0.012590
0.003825
0.003828
0.003789
0.003995
0.004734
0.011373
0.015426
0.006292
0.011268
0.005731
0.014563
0.014100
0.014796
0.016874
0.009835
0.008735
0.009342
0.005770
0.004461
0.010918
0.010588
0.004829
0.005929
0.009451
0.004415
0.005150
0.004438
0.004585
0.004806
0.010783
0.004969
0.009891
0.003665
0.004654
0.008703
0.012024
0.005261
0.006618
0.014395
0.011301
0.010504
0.004578
0.007510
0.010246
0.012192
0.012082
0.009460
0.004967
0.006444
0.005170
0.004521
0.005508
0.004501
0.006878
0.004848
0.006063
0.006260
0.012682
0.004159
0.005159
0.009889
0.009995
0.010864
0.005408
0.006290
0.006834
0.007367
0.009858
0.010387
0.006130
0.009206
0.006602
0.005080
0.012748
0.014207
0.012975
0.006104
0.016649
0.015667
0.011743
0.012155
0.009785
0.004617
0.005092
0.005056
0.014994
0.004595
0.013698
0.004322
0.004542
0.007334
0.009046
0.006256
0.010306
0.004081
0.014483
0.014670
0.004853
0.015618
0.015287
0.005565
0.014175
0.014625
0.013174
0.013184
0.011491
0.004936
0.017456
0.015549
0.017406
0.013797
0.014654
0.005508
0.009342
0.006580
0.008464
0.007097
0.005242
0.010497
0.011969
0.014842
0.010451
0.007117
0.012018
0.004918
0.016734
0.010224
0.006218
0.013777
0.005501
0.014128
0.014204
0.004393
0.004143
0.004563
0.008747
0.012713
0.012839
0.004584
0.006839
0.004642
0.019490
0.006213
0.010489
0.007326
0.017739
0.007521
0.005023
0.017063
0.018546
0.011877
0.006981
0.002811
0.005534
0.005107
0.018383
0.004841
0.013746
0.011381
0.012973
0.005220
0.006319
0.003902
0.005286
0.004889
0.012505
0.016135
0.005774
0.012978
0.004861
0.008005
0.014981
0.005614
0.007820
0.014479
0.005129
0.015837
0.016572
0.017416
0.016071
0.006318
0.006736
0.007288
0.006838
0.016633
0.016497
0.018100
0.013555
0.017364
0.015959
0.005193
0.013672
0.005285
0.007262
0.014543
0.005471
0.006656
0.008199
0.008331
0.009959
0.014519
0.011583
0.013256
0.008812
0.012988
0.004872
0.004611
0.006012
0.004690
0.013864
0.011908
0.017218
0.013494
0.012730
0.015130
0.008491
0.004345
0.005964
0.004715
0.004836
0.006208
0.005120
0.003929
0.005705
0.006913
0.005367
0.005559
0.006644
0.005880
0.010593
0.014356
0.013198
0.017868
0.007128
0.014326
0.004453
0.010445
0.004566
0.007057
0.003251
0.003241
0.006704
0.007732
0.014624
0.006622
0.007476
0.018828
0.017816
0.015753
0.014624
0.014391
0.012477
0.011290
0.016543
0.018656
0.006154
0.017292
0.014275
0.016361
0.011580
0.017397
0.010221
0.006994
0.011597
0.012362
0.010803
0.004109
0.004496
0.005487
0.003883
0.006033
0.008616
0.005178
0.015474
0.005379
0.007024
0.005784
0.010119
0.004781
0.004795
0.014113
0.010419
0.011607
0.004325
0.013293
0.013435
0.004208
0.004494
0.005680
0.005195
0.005088
0.015791
0.007118
0.009550
0.004191
0.003558
0.008063
0.005469
0.006143
0.012091
0.006498
0.005126
0.007230
0.005539
0.014530
0.005531
0.016306
0.004407
0.005527
0.005998
0.006520
0.004365
0.004458
0.004375
0.005589
0.005367
0.006819
0.004060
0.012571
0.004975
0.007758
0.004202
0.005349
0.007200
0.013200
0.013320
0.014207
0.012526
0.014512
0.014778
0.005369
0.014216
0.010254
0.011060
0.006854
0.015247
0.005407
0.014857
0.015764
0.017811
0.006669
0.007688
0.015315
0.007605
0.008305
0.012597
0.005386
0.009188
0.005989
0.006472
0.004392
0.005762
0.010482
0.007089
0.005186
0.012794
0.009921
0.011598
0.014430
0.012234
0.005800
0.006013
0.006058
0.006538
0.009995
0.011645
0.005952
0.007374
0.010800
0.005147
0.013041
0.011708
0.003619
0.003865
0.004966
0.013843
0.012708
0.006111
0.009410
0.006007
0.004966
0.014260
0.003825
0.004435
0.010026
0.013291
0.006836
0.006224
0.005070
0.004493
0.007805
0.005604
0.005315
0.005122
0.005672
0.005055
0.005311
0.003801
0.006240
0.003457
0.004732
0.014904
0.014201
0.010951
0.006115
0.006573
0.006477
0.008243
0.007821
0.006295
0.006347
0.008189
0.007992
0.008995
0.007639
0.003455
0.008963
0.004936
0.005418
0.004015
0.005587
0.004074
0.006371
0.011143
0.014415
0.015659
0.015041
0.013305
0.007898
0.014326
0.006019
0.009979
0.009918
0.007695
0.005426
0.005563
0.006034
0.005946
0.013279
0.005629
0.005738
0.006952
0.013891
0.015157
0.006424
0.005116
0.006050
0.013721
0.012808
0.004368
0.005210
0.004260
0.010341
0.004224
0.010204
0.011715
0.015593
0.014558
0.004610
0.004660
0.004508
0.004411
0.011491
0.011556
0.011146
0.010478
0.016961
0.014678
0.006501
0.006570
0.011769
0.013329
0.005728
0.007243
0.005654
0.004371
0.006780
0.012653
0.010991
0.007803
0.010602
0.003815
0.008853
0.007739
0.009926
0.006225
0.005781
0.013512
0.012968
0.012580
0.012885
0.005667
0.012423
0.005916
0.005034
0.006941
0.013309
0.005778
0.013698
0.012876
0.007299
0.011855
0.013925
0.008582
0.003562
0.006915
0.007828
0.009758
0.012617
0.011074
0.011331
0.003642
0.011452
0.013519
0.014138
0.004662
0.014737
0.006147
0.005742
0.013402
0.014312
0.003996
0.004816
0.005868
0.005922
0.006659
0.007333
0.008365
0.013375
0.004811
0.005002
0.007774
0.006046
0.005439
0.005137
0.006386
0.003812
0.004457
0.010012
0.007084
0.011953
0.004283
0.006391
0.005544
0.003093
0.004112
0.004945
0.009079
0.011194
0.005080
0.007200
0.016793
0.015837
0.016599
0.017010
0.006369
0.007227
0.010347
0.005298
0.013959
0.007647
0.013438
0.015221
0.013551
0.007433
0.005311
0.006113
0.008394
0.013562
0.010432
0.013726
0.015127
0.005246
0.010615
0.004734
0.005950
0.010765
0.004674
0.004204
0.013790
0.010575
0.004361
0.012022
0.014930
0.004770
0.016343
0.004756
0.004677
0.013385
0.013183
0.004952
0.005501
0.005006
0.012607
0.014498
0.005585
0.005072
0.006425
0.012568
0.013919
0.005872
0.013581
0.006580
0.010705
0.004177
0.012713
0.011315
0.011212
0.011878
0.004477
0.004487
0.012186
0.005543
0.007412
0.005435
0.008363
0.005911
0.006108
0.012518
0.003195
0.004571
0.003113
0.007676
0.013959
0.007062
0.015532
0.016579
0.013496
0.015575
0.014499
0.009159
0.011533
0.003919
0.004677
0.009438
0.012344
0.004622
0.010734
0.004867
0.004557
0.014002
0.011282
0.010731
0.012782
0.012836
0.002587
0.008622
0.004554
0.004724
0.004861
0.017220
0.004822
0.014704
0.006242
0.010123
0.004223
0.005824
0.006582
0.009526
0.008659
0.004100
0.006113
0.005388
0.011538
0.015238
0.008084
0.017666
0.017244
0.017835
0.015698
0.006695
0.006322
0.016338
0.005225
0.004854
0.007481
0.005909
0.005278
0.004100
0.003753
0.003862
0.004599
0.004058
0.004280
0.003811
0.003587
0.005772
0.005905
0.012872
0.005436
0.008979
0.016035
0.005903
0.004608
0.008643
0.010491
0.004757
0.005124
0.013281
0.013731
0.014551
0.006173
0.006947
0.005179
0.003769
0.004932
0.004501
0.003993
0.004115
