0.000789
0.002083
0.003818
0.002316
0.000768
0.000833
0.000756
0.001906
0.001709
0.001804
0.001806
0.002032
0.000840
0.000759
0.000869
0.001324
0.000862
0.000785
0.001169
0.001474
0.000977
0.001517
0.000662
0.000671
0.000956
0.001564
0.000789
0.000872
0.000770
0.001082
0.001911
0.002122
0.002171
0.002088
0.001679
0.000965
0.001163
0.001697
0.001734
0.000779
0.000779
0.000859
0.000756
0.000756
0.000724
0.000788
0.000709
0.004808
0.001932
0.001822
0.001700
0.001731
0.000761
0.001720
0.001579
0.000696
0.001198
0.001478
0.000955
0.000887
0.000814
0.000756
0.001974
0.001884
0.000831
0.001660
0.001667
0.001688
0.001484
0.001712
0.000797
0.000748
0.001796
0.000872
0.000765
0.000761
0.000747
0.001939
0.001946
0.001760
0.001246
0.000888
0.000886
0.000754
0.000893
0.000854
0.000704
0.000767
0.001652
0.000893
0.000845
0.001454
0.000607
0.001508
0.001495
0.001621
0.001855
0.001988
0.000774
0.000814
0.001841
0.001800
0.001921
0.000783
0.000751
0.000827
0.000750
0.000853
0.000750
0.001082
0.001726
0.000761
0.004561
0.002324
0.001854
0.000890
0.001588
0.000628
0.002181
0.001833
0.001773
0.000918
0.001875
0.000795
0.000712
0.000670
0.001876
0.000796
0.000753
0.001860
0.001850
0.001870
0.000756
0.000737
0.000734
0.001185
0.000915
0.001616
0.001625
0.001850
0.001741
0.001808
0.001773
0.001802
0.001787
0.000796
0.000760
0.000698
0.001794
0.001776
0.001021
0.001428
0.001019
0.001582
0.001473
0.002210
0.000859
0.001404
0.001783
0.001764
0.001809
0.002155
0.001278
0.000730
0.000844
0.000772
0.000772
0.001162
0.001879
0.000749
0.001484
0.000757
0.000579
0.001895
0.006204
0.001219
0.003722
0.000841
0.000789
0.001809
0.001962
0.001795
0.001282
0.001284
0.001481
0.003018
0.001772
0.000794
0.002018
0.000727
0.001654
0.000756
0.001824
0.001871
0.001900
0.001846
0.001851
0.002068
0.001816
0.001792
0.000835
0.000900
0.000950
0.001987
0.001506
0.000862
0.001694
0.001015
0.000757
0.001673
0.001793
0.001630
0.001672
0.001159
0.001661
0.001817
0.001264
0.001802
0.001018
0.001746
0.001214
0.001183
0.001192
0.001082
0.001924
0.000732
0.000752
0.001767
0.001952
0.001767
0.001870
0.001855
0.001782
0.000891
0.002137
0.001810
0.000908
0.000753
0.001025
0.001643
0.000771
0.002090
0.000871
0.001408
0.001105
0.000705
0.001784
0.001773
0.001828
0.000733
0.000751
0.000661
0.001641
0.003082
0.001965
0.001819
0.001885
0.001907
0.002381
0.000777
0.001034
0.000770
0.000799
0.000700
0.001584
0.001106
0.001961
0.001832
0.000762
0.000995
0.000908
0.000724
0.001863
0.000784
0.001759
0.000873
0.000890
0.000768
0.000774
0.001350
0.001230
0.001768
0.001793
0.002472
0.000775
0.000959
0.000611
0.000765
0.000760
0.001324
0.001901
0.001885
0.001452
0.001066
0.001095
0.001566
0.001502
0.001657
0.000649
0.001547
0.001595
0.000977
0.001833
0.000891
0.001252
0.001306
0.001281
0.001937
0.001010
0.000824
0.001187
0.001092
0.001328
0.000786
0.000660
0.000678
0.001301
0.001268
0.000738
0.002018
0.001725
0.000776
0.000791
0.001808
0.001827
0.001762
0.000821
0.001410
0.001250
0.001849
0.001710
0.002140
0.000745
0.001570
0.001047
0.001191
0.000812
0.001910
0.001816
0.001837
0.001789
0.001717
0.001651
0.000827
0.000774
0.000725
0.000747
0.000788
0.001867
0.002842
0.000738
0.000828
0.000689
0.000757
0.002069
0.001925
0.000847
0.001889
0.000820
0.000911
0.000904
0.000760
0.000740
0.000778
0.000826
0.001859
0.001978
0.001792
0.000949
0.000766
0.000794
0.000709
0.000819
0.000837
0.001843
0.000708
0.001184
0.001601
0.001709
0.001713
0.001932
0.001801
0.002346
0.000842
0.000779
0.000809
0.000748
0.000757
0.000791
0.001409
0.000745
0.001099
0.001283
0.002155
0.001124
0.002004
0.001509
0.000645
0.000714
0.001394
0.001672
0.000906
0.000759
0.000848
0.000926
0.000682
0.000744
0.000705
0.000748
0.000636
0.000663
0.001509
0.000684
0.001586
0.001878
0.001826
0.000868
0.000843
0.002006
0.001211
0.000775
0.000938
0.001531
0.002042
0.000768
0.001132
0.001188
0.001580
0.001795
0.002043
0.002142
0.001954
0.001805
0.001800
0.001508
0.001571
0.001720
0.001554
0.001640
0.002243
0.001894
0.001806
0.000836
0.000784
0.000807
0.000867
0.001894
0.000662
0.000755
0.000738
0.000778
0.000675
0.000784
0.001765
0.002113
0.001885
0.001865
0.001787
0.000841
0.000747
0.001877
0.003207
0.000866
0.001823
0.001807
0.000768
0.000765
0.001715
0.002064
0.000824
0.000906
0.001225
0.001745
0.000829
0.001780
0.001782
0.001857
0.000752
0.000834
0.000839
0.000831
0.000783
0.000820
0.001261
0.001787
0.000789
0.000978
0.002055
0.001696
0.001831
0.001762
0.000758
0.001398
0.001681
0.001956
0.001801
0.000771
0.001860
0.001969
0.000877
0.000726
0.000840
0.000975
0.000965
0.001168
0.001832
0.001779
0.001714
0.000916
0.001784
0.001785
0.001882
0.000808
0.000843
0.000758
0.000805
0.000808
0.000888
0.001745
0.001846
0.001878
0.003056
0.000644
0.000650
0.001547
0.001446
0.001235
0.001010
0.000712
0.000699
0.000780
0.001355
0.000606
0.000853
0.000627
0.001403
0.001684
0.001705
0.001005
0.000786
0.001723
0.001676
0.000803
0.000731
0.000762
0.000817
0.001531
0.001825
0.000919
0.001940
0.001224
0.001228
0.001767
0.001840
0.000848
0.001064
0.000720
0.001473
0.001340
0.000833
0.000795
0.000928
0.000746
0.000707
0.000681
0.000605
0.000622
0.000774
0.001631
0.001631
0.001800
0.000791
0.000942
0.000796
0.001283
0.000629
0.000622
0.000794
0.000626
0.000563
0.000781
0.000755
0.000977
0.000737
0.000732
0.001891
0.000821
0.000740
0.000717
0.001607
0.001190
0.000801
0.001881
0.000819
0.001114
0.001494
0.001612
0.003200
0.000840
0.001633
0.001858
0.001834
0.001724
0.000842
0.000841
0.000843
0.000731
0.001292
0.001349
0.001363
0.000739
0.000983
0.000788
0.000721
0.000876
0.001866
0.001771
0.001647
0.001721
0.002086
0.001632
0.001932
0.004160
0.000781
0.000738
0.001896
0.001854
0.002082
0.001096
0.000775
0.000748
0.001308
0.001843
0.001726
0.000769
0.001770
0.001757
0.001779
0.001843
0.000839
0.001232
0.000755
0.001812
0.000831
0.000785
0.001279
0.000860
0.000737
0.000779
0.000709
0.001862
0.001855
0.000784
0.000770
0.000854
0.000928
0.000848
0.000868
0.001652
0.001852
0.001760
0.002903
0.002068
0.001815
0.000948
0.000906
0.001884
0.000838
0.001121
0.002193
0.001827
0.001455
0.002161
0.000650
0.001659
0.003163
0.001199
0.000924
0.000752
0.001204
0.000765
0.000994
0.001088
0.001825
0.002089
0.001772
0.001805
0.002214
0.001662
0.001518
0.002243
0.001378
0.000953
0.001907
0.003168
0.001896
0.001840
0.000763
0.000713
0.001807
0.001038
0.001283
0.000861
0.002103
0.001777
0.000859
0.001615
0.000735
0.001011
0.000749
0.000806
0.000797
0.000718
0.001145
0.000832
0.000786
0.000811
0.000719
0.001000
0.000959
0.001067
0.000825
0.000774
0.000758
0.000780
0.000906
0.001219
0.001389
0.000764
0.001687
0.001820
0.001089
0.000785
0.000865
0.000785
0.000883
0.001902
0.000943
0.001230
0.000691
0.000820
0.001670
0.001850
0.002560
0.002129
0.000848
0.000725
0.001240
0.000845
0.000950
0.000741
0.000774
0.003346
0.002009
0.000829
0.000826
0.001699
0.001519
0.001710
0.001796
0.000767
0.000751
0.002385
0.001167
0.000750
0.001653
0.000879
0.001587
0.001984
0.000694
0.000578
0.001705
0.001872
0.001071
0.001831
0.001860
0.001749
0.000773
0.001369
0.001397
0.001800
0.001819
0.001826
0.000798
0.000792
0.001689
0.001794
0.000710
0.001985
0.001804
0.001746
0.001651
0.001847
0.001930
0.001570
0.001815
0.000797
0.001785
0.000876
0.000611
0.000574
0.001782
0.000809
0.000741
0.001921
0.002240
0.001911
0.001768
0.001857
0.001031
0.001587
0.001673
0.001646
0.002065
0.000634
0.000802
0.001966
0.000782
0.001764
0.001527
0.001488
0.001740
0.001757
0.002134
0.001818
0.001805
0.001917
0.001692
0.000849
0.000766
0.000877
0.000757
0.000716
0.001061
0.001651
0.001656
0.000787
0.000723
0.000783
0.000797
0.000700
0.000881
0.000790
0.000748
0.001711
0.001569
0.001109
0.001095
0.000979
0.001720
0.001584
0.001835
0.001904
0.000782
0.000711
0.000732
0.000715
0.000829
0.001667
0.002130
0.000742
0.000795
0.000816
0.000830
0.001798
0.001466
0.001765
0.000734
0.002048
0.001806
0.001710
0.001910
0.001768
0.001867
0.001221
0.001195
0.001773
0.001874
0.001825
0.000744
0.000653
0.000745
0.000866
0.000742
0.000725
0.001546
0.001519
0.000657
0.000590
0.000992
0.001815
0.001742
0.002148
0.000709
0.001142
0.000693
0.001510
0.001542
0.001657
0.000763
0.000799
0.000782
0.000868
0.000763
0.001847
0.001837
0.000792
0.001910
0.002037
0.001800
0.001804
0.001860
0.001598
0.000788
0.001868
0.001774
0.000735
0.000731
0.001691
0.001733
0.002133
0.001856
0.000799
0.000644
0.000643
0.000847
0.001729
0.001546
0.000916
0.000817
0.001819
0.000821
0.000762
0.000775
0.000788
0.000768
0.001420
0.001938
0.000840
0.001779
0.000797
0.000811
0.000841
0.001013
0.001980
0.001806
0.000845
0.000800
0.002008
0.002075
0.000834
0.000796
0.001873
0.000803
0.001804
0.001574
0.001793
0.000756
0.001692
0.001896
0.001730
0.001784
0.000845
0.000841
0.001782
0.000929
0.000838
0.001034
0.001104
0.001041
0.000864
0.000716
0.000602
0.000847
0.001340
0.000809
0.000776
0.001555
0.001779
0.001652
0.001646
0.001564
0.000820
0.001514
0.000586
0.000581
0.001474
0.001393
0.001460
0.001080
0.001022
0.001838
0.001387
0.000819
0.001895
0.000811
0.000739
0.000820
0.001012
0.000662
