1.0390000000000124e-6
0.0013154580000000003
5.882000000000035e-6
3.989370260464055e-8
3.707756619384364e-5
2.8912955556272716e-7
9.886000000000044e-6
0.009009828999999985
2.055800000000007e-5
2.73244723057333e-7
0.00026376381665044586
6.737777975865051e-7
0.0001205950000000001
0.041248736999999994
0.00030541999999999966
3.125381882572419e-6
0.0011339581695078158
6.400975150934659e-6
0.0014286030000000033
0.08744135900000005
0.0024957110000000007
3.599715645487623e-5
0.002148439170476489
4.7835415592434224e-5
0.013039730000000006
0.07958742400000002
0.018614773999999997
0.00022294469776754647
0.0016357642445170813
0.0002365405445857623
