0.019381
0.013561
0.013100
0.010108
0.017803
0.017349
0.015709
0.016725
0.011410
0.014964
0.014248
0.010732
0.017729
0.018777
0.017808
0.014478
0.009144
0.016171
0.016811
0.009372
0.009172
0.009324
0.013806
0.019644
0.012348
0.011459
0.016807
0.009293
0.009279
0.009027
0.010375
0.009517
0.009358
0.009253
0.018827
0.009854
0.009354
0.009287
0.009574
0.009369
0.012224
0.009037
0.012932
0.013291
0.016539
0.010179
0.018136
0.013400
0.018281
0.014749
0.019472
0.009510
0.009184
0.017444
0.010668
0.012386
0.009865
0.012100
0.010985
0.015189
0.015824
0.009509
0.009679
0.016628
0.009621
0.020185
0.014086
0.009671
0.011182
0.010264
0.009456
0.011307
0.012119
0.015168
0.009498
0.009304
0.018944
0.009426
0.011913
0.018391
0.011587
0.015934
0.009409
0.010248
0.009223
0.015376
0.017902
0.009173
0.011899
0.013020
0.016986
0.012596
0.010026
0.016536
0.012103
0.009472
0.011679
0.018856
0.017260
0.009462
0.010917
0.020666
0.009358
0.019099
0.012167
0.009203
0.009722
0.009285
0.016057
0.014445
0.009559
0.009106
0.009046
0.012460
0.012510
0.010614
0.016023
0.012720
0.014561
0.016559
0.009787
0.009636
0.015019
0.014304
0.013899
0.010292
0.019170
0.019085
0.009117
0.015071
0.015102
0.012472
0.014373
0.015603
0.018405
0.019304
0.015468
0.012263
0.010640
0.019208
0.020375
0.009462
0.020201
0.014408
0.012194
0.009419
0.012183
0.011088
0.019144
0.012482
0.016357
0.020245
0.013069
0.020750
0.014765
0.018895
0.012662
0.010142
0.013379
0.017842
0.010035
0.009523
0.018010
0.009143
0.014810
0.017107
0.009774
0.009406
0.020464
0.020137
0.017344
0.009472
0.011579
0.009413
0.009587
0.009308
0.014999
0.009444
0.009662
0.009247
0.009509
0.010984
0.011729
0.012974
0.015398
0.017367
0.009144
0.018195
0.009138
0.009324
0.016147
0.011078
0.010002
0.009476
0.012588
0.009824
0.009672
0.010642
0.017083
0.020696
0.012231
0.009617
0.009517
0.019249
0.010702
0.013937
0.014707
0.009054
0.020246
0.009257
0.009650
0.015342
0.017790
0.011774
0.010817
0.011779
0.012530
0.013742
0.014378
0.010999
0.009592
0.009923
0.009536
0.017443
0.011867
0.012706
0.013408
0.015581
0.013496
0.020411
0.013832
0.018347
0.011602
0.009370
0.009102
0.014130
0.009084
0.009056
0.009469
0.009125
0.012790
0.015291
0.009538
0.018339
0.012485
0.009615
0.009737
0.014327
0.017061
0.013561
0.012348
0.014171
0.011513
0.013577
0.017650
0.009506
0.016277
0.015760
0.009671
0.014128
0.015981
0.010521
0.009685
0.014833
0.014533
0.011130
0.009142
0.015137
0.010998
0.009311
0.010938
0.009342
0.009322
0.015679
0.009241
0.009672
0.019720
0.009347
0.009148
0.019903
0.012093
0.009324
0.009396
0.009233
0.009421
0.016956
0.012042
0.018642
0.009316
0.013886
0.012733
0.016064
0.017418
0.010671
0.016211
0.009331
0.014766
0.009116
0.015099
0.012759
0.012630
0.009396
0.013119
0.014064
0.009133
0.020698
0.015289
0.009714
0.010947
0.020184
0.009564
0.009767
0.016477
0.020706
0.012343
0.018154
0.014328
0.015212
0.017062
0.016346
0.011527
0.017114
0.016163
0.018621
0.017850
0.011199
0.017101
0.018315
0.020630
0.009673
0.009864
0.010845
0.009752
0.010111
0.011829
0.009703
0.016916
0.009262
0.019929
0.010644
0.009493
0.014135
0.012745
0.009713
0.013559
0.019799
0.010704
0.012407
0.014003
0.016211
0.020118
0.012691
0.014618
0.012383
0.009976
0.009418
0.009627
0.011637
0.009491
0.013272
0.009354
0.009165
0.009204
0.019827
0.018930
0.015901
0.016366
0.015153
0.009201
0.011380
0.009775
0.009244
0.020144
0.015969
0.015266
0.015705
0.011821
0.015351
0.009140
0.011342
0.014455
0.020045
0.016630
0.010252
0.018123
0.009301
0.009531
0.016286
0.013577
0.015462
0.009196
0.012713
0.014184
0.019034
0.009479
0.010809
0.010680
0.017901
0.009189
0.012021
0.012029
0.016039
0.010108
0.009245
0.009138
0.012082
0.013868
0.011325
0.014496
0.017069
0.010269
0.013881
0.009487
0.013124
0.010433
0.009320
0.018654
0.014080
0.009530
0.019018
0.013944
0.018311
0.015778
0.009628
0.011062
0.017205
0.009499
0.015704
0.015656
0.011730
0.009387
0.009600
0.010134
0.009604
0.011328
0.009947
0.009253
0.015844
0.015485
0.011911
0.012338
0.009845
0.012172
0.011932
0.012774
0.011037
0.011927
0.014479
0.013979
0.011048
0.012139
0.014354
0.009997
0.016118
0.016088
0.016886
0.009188
0.009353
0.020595
0.014379
0.016554
0.009636
0.009333
0.009925
0.015751
0.018586
0.009366
0.019632
0.009184
0.009447
0.014105
0.010966
0.009529
0.015998
0.012569
0.015676
0.009243
0.014120
0.010898
0.019823
0.014895
0.009294
0.010685
0.011010
0.009695
0.010537
0.012032
0.009470
0.011907
0.019218
0.018855
0.009467
0.011502
0.014592
0.013637
0.009578
0.015074
0.009300
0.009749
0.016682
0.015940
0.013945
0.016763
0.009362
0.015231
0.016654
0.013978
0.012687
0.017562
0.012339
0.010353
0.009692
0.012057
0.012563
0.009200
0.012578
0.010307
0.009147
0.009697
0.015370
0.014235
0.016451
0.010236
0.016011
0.014583
0.018818
0.010814
0.010134
0.009812
0.016808
0.017453
0.009873
0.009604
0.009293
0.010743
0.011526
0.009712
0.012341
0.012341
0.009915
0.017533
0.009362
0.017298
0.014055
0.010038
0.009486
0.014052
0.009324
0.019280
0.009288
0.017098
0.011576
0.009326
0.011228
0.011106
0.019985
0.009593
0.010369
0.010165
0.015127
0.009267
0.009557
0.011078
0.010016
0.009609
0.009275
0.009871
0.019720
0.009435
0.009253
0.014128
0.014590
0.014005
0.009421
0.010157
0.009903
0.018552
0.013431
0.009780
0.009987
0.009750
0.010785
0.009903
0.014677
0.013356
0.013159
0.010752
0.012578
0.013659
0.009740
0.011046
0.009334
0.009348
0.018511
0.009464
0.016490
0.016553
0.015812
0.017533
0.010287
0.010074
0.011099
0.009753
0.009698
0.009535
0.013622
0.010545
0.016812
0.017081
0.013178
0.017050
0.012826
0.009285
0.009631
0.014876
0.009417
0.009859
0.016580
0.010958
0.016176
0.013217
0.010573
0.009664
0.019520
0.010663
0.010004
0.010006
0.016372
0.009268
0.009395
0.015386
0.013518
0.010043
0.009825
0.015544
0.015721
0.013014
0.010451
0.009059
0.017912
0.015463
0.012234
0.013952
0.011136
0.010662
0.011704
0.012878
0.015371
0.014176
0.009450
0.009725
0.011838
0.011132
0.010460
0.009646
0.016220
0.009400
0.009214
0.011081
0.012925
0.009732
0.012071
0.009598
0.019482
0.009710
0.011889
0.014183
0.009429
0.009999
0.016510
0.011310
0.013105
0.011837
0.009457
0.018050
0.011246
0.014474
0.009756
0.013085
0.009749
0.009373
0.015698
0.009433
0.010487
0.010139
0.017009
0.015240
0.010441
0.011150
0.017752
0.012524
0.010104
0.011540
0.009689
0.018224
0.012305
0.014067
0.014602
0.018747
0.010446
0.014709
0.011045
0.010802
0.014689
0.016664
0.010974
0.018588
0.018198
0.009761
0.009795
0.009916
0.009638
0.010711
0.011416
0.014269
0.009502
0.011244
0.016685
0.018482
0.015777
0.009867
0.015838
0.009158
0.018131
0.010549
0.009356
0.010172
0.009916
0.015712
0.010096
0.020584
0.009737
0.010829
0.010868
0.009762
0.012344
0.014447
0.014533
0.014325
0.017461
0.009403
0.009186
0.009184
0.017426
0.018689
0.010897
0.021099
0.018109
0.014635
0.013563
0.014014
0.009813
0.010096
0.015600
0.009247
0.015441
0.013066
0.016148
0.010910
0.010107
0.012885
0.009854
0.010395
0.011899
0.011393
0.018089
0.009758
0.014871
0.009391
0.016250
0.011800
0.010549
0.015798
0.009867
0.011009
0.013982
0.013578
0.016226
0.009265
0.011938
0.014699
0.012221
0.009295
0.013119
0.017491
0.013291
0.014207
0.014630
0.010591
0.009860
0.015913
0.016536
0.015405
0.013286
0.016244
0.016981
0.015218
0.009614
0.015345
0.009858
0.009298
0.011810
0.009102
0.012397
0.009678
0.013792
0.011131
0.009458
0.009718
0.019452
0.015405
0.009467
0.009296
0.013665
0.016375
0.009904
0.015811
0.013767
0.009731
0.013539
0.019446
0.012988
0.012445
0.009485
0.019243
0.010723
0.009691
0.011006
0.009431
0.009637
0.013827
0.009787
0.017415
0.011969
0.015052
0.011003
0.014519
0.014448
0.011786
0.014693
0.016448
0.010028
0.019908
0.009350
0.009664
0.020184
0.009199
0.011794
0.011915
0.012788
0.009245
0.017277
0.009298
0.015262
0.009579
0.009724
0.015894
0.021083
0.009564
0.014289
0.021190
0.009769
0.021383
0.014133
0.012552
0.011677
0.012864
0.011510
0.010928
0.012306
0.013896
0.010884
0.011738
0.009499
0.009650
0.009420
0.009824
0.020408
0.009572
0.011189
0.012019
0.013573
0.017835
0.015301
0.012725
0.014674
0.013994
0.012585
0.009282
0.009781
0.020099
0.016469
0.014223
0.010008
0.015974
0.009397
0.015317
0.009290
0.015607
0.012508
0.016921
0.010618
0.009956
0.010704
0.009767
0.010368
0.013429
0.017842
0.018394
0.010353
0.009886
0.009456
0.009837
0.018707
0.013896
0.013026
0.009585
0.009940
0.019908
0.018343
0.010444
0.017682
0.009810
0.009398
0.009439
0.010407
0.009489
0.014789
0.010478
0.015175
0.009121
0.009801
0.012676
0.009496
0.013064
0.017491
0.009614
0.011913
0.015327
0.014931
0.015116
0.011643
0.009167
0.009666
0.009738
0.016431
0.015679
0.016704
0.009430
0.016372
0.009944
0.009477
0.016210
0.010640
0.009420
0.011411
0.016016
0.014490
0.014862
0.013762
0.009278
0.009360
0.009270
0.011646
0.015773
0.018316
0.012331
0.009625
0.015816
0.011824
0.009608
0.009422
0.009509
0.009552
0.009309
0.009710
0.009829
0.009561
0.009488
0.011021
0.017883
0.009793
0.009275
0.009403
0.009748
0.009223
0.009627
0.009926
0.010656
0.011890
0.014374
0.009756
0.011413
0.017683
0.009713
0.009918
0.009879
0.009435
0.009493
0.009222
