0.002962
0.002954
0.003007
0.002059
0.003016
0.002985
0.002784
0.001248
0.001262
0.002960
0.001252
0.001253
0.001259
0.003001
0.003062
0.001833
0.003043
0.002992
0.003020
0.001260
0.003102
0.002976
0.003010
0.001250
0.001787
0.002258
0.003031
0.003013
0.002967
0.002966
0.003178
0.003033
0.002951
0.001812
0.003044
0.002966
0.001264
0.003006
0.002970
0.002999
0.002993
0.003046
0.002680
0.003082
0.002983
0.001278
0.001276
0.001636
0.001248
0.001262
0.001246
0.003188
0.002967
0.001246
0.001249
0.001816
0.001807
0.001288
0.003015
0.002986
0.002986
0.003724
0.003119
0.002996
0.001259
0.002989
0.002972
0.002990
0.001890
0.003284
0.003016
0.002020
0.002989
0.002993
0.001268
0.001376
0.002954
0.003016
0.003090
0.001246
0.001263
0.002002
0.003066
0.003027
0.001776
0.003005
0.003195
0.003106
0.001271
0.003009
0.002383
0.001366
0.001254
0.003294
0.001837
0.001262
0.001246
0.003097
0.003008
0.001267
0.002987
0.003269
0.001269
0.003050
0.001257
0.003127
0.003032
0.003137
0.001694
0.001264
0.001884
0.002971
0.001270
0.002996
0.001255
0.001245
0.001281
0.001264
0.001313
0.001281
0.003007
0.001788
0.003055
0.001342
0.002990
0.003046
0.003062
0.003013
0.003000
0.003027
0.001642
0.002956
0.003013
0.002963
0.002992
0.001241
0.003016
0.001563
0.003192
0.001799
0.001705
0.003007
0.003074
0.003038
0.002995
0.003061
0.001269
0.003013
0.002991
0.002981
0.002982
0.002515
0.003001
0.001248
0.001268
0.003166
0.003027
0.003269
0.003059
0.002968
0.001760
0.001254
0.001247
0.001251
0.002974
0.003003
0.002157
0.003037
0.002978
0.003005
0.002390
0.003011
0.002959
0.003023
0.002634
0.003034
0.001883
0.003036
0.002984
0.001256
0.001245
0.002993
0.002254
0.001236
0.001248
0.003029
0.003194
0.001254
0.002994
0.002987
0.001262
0.001801
0.003012
0.002986
0.002990
0.001297
0.003007
0.003048
0.001291
0.003023
0.001259
0.001806
0.001239
0.001911
0.001278
0.003232
0.001246
0.003026
0.002971
0.002957
0.002976
0.003155
0.003500
0.003133
0.002997
0.003016
0.002983
0.003016
0.001929
0.002978
0.001243
0.001249
0.002977
0.001263
0.003024
0.003026
0.003036
0.001262
0.002376
0.002623
0.001266
0.001241
0.001259
0.003000
0.002993
0.003006
0.002984
0.003069
0.001282
0.001245
0.003022
0.003081
0.001249
0.001296
0.001759
0.002959
0.002990
0.003038
0.003166
0.001246
0.003064
0.003226
0.002998
0.001247
0.002968
0.001244
0.003051
0.003065
0.001263
0.002984
0.001256
0.001279
0.001241
0.001265
0.003065
0.003031
0.001239
0.001253
0.001249
0.001243
0.002989
0.003992
0.001859
0.001475
0.002969
0.001303
0.002969
0.002747
0.001597
0.003093
0.002952
0.003230
0.001274
0.002968
0.003037
0.002972
0.001273
0.001882
0.003098
0.003040
0.003051
0.003006
0.001996
0.001390
0.001264
0.003043
0.002966
0.001381
0.002984
0.001814
0.001816
0.003000
0.001654
0.001816
0.003026
0.003025
0.002993
0.003021
0.003026
0.003016
0.003069
0.002967
0.001246
0.002978
0.001265
0.001239
0.001794
0.003009
0.001846
0.003084
0.002995
0.002976
0.001293
0.003015
0.003019
0.002981
0.003038
0.003005
0.002981
0.003078
0.002990
0.002976
0.002961
0.001262
0.001255
0.003062
0.001269
0.001251
0.002972
0.003085
0.001252
0.001274
0.003176
0.003078
0.001267
0.001873
0.002967
0.002978
0.003006
0.002980
0.003023
0.002991
0.001250
0.001260
0.001623
0.002965
0.002825
0.001906
0.003474
0.002960
0.001250
0.001269
0.001700
0.002981
0.001318
0.002986
0.001242
0.003093
0.002969
0.003053
0.003022
0.001373
0.002962
0.003021
0.001292
0.002994
0.003049
0.003006
0.001872
0.002974
0.002995
0.003242
0.003029
0.003080
0.003298
0.003199
0.003293
0.003007
0.002999
0.002998
0.002997
0.003085
0.003007
0.003049
0.003345
0.003130
0.002975
0.001262
0.001244
0.001257
0.003000
0.001248
0.001240
0.002976
0.001254
0.003013
0.003214
0.003030
0.003029
0.001244
0.002016
0.003023
0.003065
0.002998
0.001244
0.001305
0.002949
0.001912
0.003043
0.003029
0.003005
0.002981
0.003268
0.002999
0.003003
0.002682
0.003027
0.001325
0.003068
0.002962
0.002994
0.001248
0.001242
0.002985
0.003034
0.001246
0.003033
0.003101
0.001266
0.003003
0.003074
0.003082
0.001313
0.001253
0.002035
0.003082
0.001255
0.003014
0.002982
0.001245
0.003024
0.003128
0.003028
0.003314
0.002965
0.001266
0.002943
0.001260
0.002986
0.003010
0.003023
0.002956
0.003016
0.002988
0.001404
0.001849
0.003270
0.002985
0.003359
0.003031
0.002987
0.002006
0.003041
0.001261
0.001272
0.001258
0.001322
0.001276
0.001246
0.002674
0.002778
0.001242
0.003090
0.003214
0.003016
0.002971
0.003017
0.003276
0.001247
0.002957
0.001262
0.003029
0.001242
0.001928
0.003032
0.003052
0.003024
0.003050
0.003091
0.003003
0.003042
0.003021
0.002956
0.001247
0.003102
0.003063
0.001244
0.001304
0.003014
0.001259
0.003051
0.003017
0.002999
0.001251
0.002999
0.001276
0.001247
0.001245
0.001658
0.001262
0.001271
0.001257
0.001243
0.001247
0.001251
0.001271
0.003217
0.003270
0.001810
0.003095
0.003034
0.003110
0.003088
0.001248
0.002058
0.001261
0.002822
0.002448
0.002979
0.002974
0.003100
0.003252
0.003026
0.003896
0.001531
0.001260
0.003036
0.003058
0.001259
0.003242
0.003303
0.001240
0.001255
0.001261
0.001801
0.002989
0.003068
0.001345
0.003071
0.001251
0.003028
0.001320
0.001256
0.001923
0.001881
0.003125
0.002966
0.001274
0.003024
0.001257
0.001383
0.001262
0.002990
0.002968
0.002994
0.001274
0.002953
0.003000
0.003280
0.002991
0.001628
0.001260
0.003006
0.002989
0.002232
0.003478
0.003011
0.003041
0.002989
0.001335
0.001268
0.001782
0.002997
0.001254
0.001261
0.001257
0.003106
0.001283
0.001245
0.001270
0.001274
0.003019
0.001286
0.002532
0.001259
0.003102
0.001342
0.003081
0.003021
0.003039
0.001252
0.001576
0.001240
0.003008
0.001259
0.003400
0.001479
0.001582
0.003145
0.003055
0.002237
0.001382
0.003030
0.002985
0.001606
0.001335
0.001691
0.001253
0.003065
0.003004
0.002062
0.001266
0.001283
0.001586
0.001251
0.001241
0.003124
0.001360
0.001244
0.001268
0.003024
0.001263
0.001242
0.003016
0.001248
0.002934
0.002589
0.001265
0.001912
0.001382
0.002065
0.001455
0.003041
0.001969
0.002989
0.003034
0.003199
0.003051
0.002134
0.001241
0.001267
0.003262
0.002223
0.001285
0.001254
0.001499
0.001649
0.001322
0.001639
0.003146
0.001264
0.001286
0.003208
0.003021
0.002999
0.003033
0.001271
0.002358
0.003035
0.001813
0.003310
0.001269
0.001266
0.001865
0.003436
0.001244
0.001981
0.001306
0.001263
0.001853
0.003453
0.001245
0.003074
0.001301
0.001277
0.003024
0.001725
0.001276
0.001339
0.001257
0.003012
0.002966
0.003093
0.001297
0.001693
0.001961
0.001270
0.003036
0.001742
0.002952
0.001361
0.003040
0.001268
0.003217
0.001286
0.002216
0.001260
0.001318
0.002973
0.003032
0.003529
0.003266
0.003048
0.001240
0.003394
0.003025
0.003132
0.003288
0.003267
0.002339
0.002992
0.002960
0.002969
0.001577
0.003123
0.001267
0.002975
0.003050
0.003140
0.002999
0.003036
0.003050
0.002986
0.001250
0.001263
0.001271
0.001607
0.001315
0.001254
0.003006
0.002993
0.003053
0.001239
0.001296
0.001262
0.003033
0.003125
0.002980
0.001277
0.003003
0.002990
0.003697
0.001260
0.003049
0.003038
0.002609
0.001964
0.003207
0.002999
0.003040
0.003067
0.003040
0.002995
0.001272
0.001263
0.001713
0.002999
0.003070
0.002269
0.003256
0.003042
0.002778
0.002972
0.001264
0.001259
0.003341
0.002991
0.001286
0.003080
0.003235
0.001273
0.003028
0.003408
0.001862
0.001364
0.001266
0.001503
0.001498
0.003379
0.002977
0.003002
0.001691
0.002761
0.003113
0.003019
0.003063
0.001581
0.002145
0.001254
0.001270
0.001613
0.003001
0.002114
0.001257
0.001273
0.002112
0.001919
0.003097
0.001461
0.003340
0.001398
0.003149
0.003134
0.002993
0.003183
0.002977
0.002991
0.003007
0.002976
0.003066
0.003124
0.001243
0.001262
0.003037
0.003258
0.001260
0.002999
0.002982
0.002973
0.002951
0.003004
0.003000
0.002536
0.001274
0.001383
0.001245
0.001297
0.002985
0.001727
0.003051
0.003177
0.003088
0.002994
0.002989
0.001263
0.001238
0.001247
0.003016
0.003005
0.002015
0.002976
0.003070
0.003145
0.003041
0.001243
0.001239
0.003107
0.002974
0.001245
0.001814
0.003012
0.002991
0.003058
0.001247
0.001258
0.001243
0.001627
0.002135
0.002985
0.001254
0.001254
0.001279
0.002987
0.002982
0.002958
0.001466
0.003103
0.001243
0.001878
0.001248
0.002955
0.003113
0.003085
0.001243
0.002963
0.003005
0.003010
0.001994
0.003555
0.002947
0.002973
0.001769
0.002994
0.003029
0.003107
0.002997
0.003245
0.003082
0.001293
0.001246
0.003324
0.002972
0.002965
0.003217
0.001261
0.002872
0.003050
0.002377
0.002974
0.002950
0.003021
0.001881
0.003166
0.002973
0.003015
0.001417
0.003090
0.001255
0.001262
0.003054
0.002163
0.001324
0.001253
0.001267
0.001260
0.002965
0.002995
0.003127
0.001269
0.002092
0.002983
0.003046
0.003453
0.001273
0.003117
0.003440
0.002969
0.003028
0.003161
0.003677
0.001271
0.001263
0.001291
0.001271
0.002678
0.001739
0.003008
0.001264
0.002989
0.001257
0.003050
0.001298
0.002990
0.001278
0.001266
0.003020
0.001787
0.003011
0.003000
0.002996
0.003439
0.002779
0.002422
0.003039
0.002978
0.003038
0.002755
0.003033
0.002993
0.002997
0.003006
0.003019
0.001286
0.003158
0.002962
0.003093
0.002236
0.002735
0.003032
0.001262
0.003081
0.003182
0.001261
0.001919
0.001241
0.003030
0.001262
0.001259
0.002652
0.002954
