0.147328
0.105957
0.073905
0.060133
0.071611
0.059044
0.069931
0.086086
0.188861
0.087995
0.056013
0.063649
0.055529
0.105244
0.077921
0.064947
0.055004
0.053170
0.056481
0.091993
0.095389
0.094791
0.087116
0.089256
0.102340
0.078753
0.098547
0.059937
0.119578
0.078445
0.043739
0.046724
0.061747
0.088691
0.061016
0.113343
0.132480
0.079765
0.058008
0.037802
0.038184
0.039668
0.033785
0.034227
0.043179
0.116205
0.060300
0.101623
0.063516
0.059765
0.076267
0.088887
0.133441
0.082757
0.090461
0.081212
0.137909
0.093121
0.084988
0.057849
0.057335
0.075664
0.087158
0.072623
0.137453
0.062857
0.116836
0.080836
0.080344
0.088118
0.142471
0.081269
0.080531
0.095068
0.105374
0.086173
0.078392
0.086991
0.134172
0.069979
0.083763
0.098353
0.066030
0.081460
0.080687
0.066504
0.095429
0.085254
0.087750
0.078908
0.042373
0.047686
0.055769
0.086698
0.090238
0.080561
0.083494
0.075990
0.102804
0.147524
0.079744
0.146812
0.046465
0.096467
0.058919
0.115481
0.079446
0.099313
0.092977
0.067275
0.057363
0.103171
0.074135
0.137084
0.067120
0.068307
0.047427
0.061821
0.121315
0.099851
0.072992
0.086592
0.135796
0.062494
0.086910
0.084168
0.101428
0.077254
0.055298
0.096201
0.096758
0.099288
0.058156
0.063089
0.091312
0.066238
0.106744
0.087606
0.077532
0.103780
0.063192
0.053463
0.103366
0.064363
0.064463
0.067633
0.060881
0.076621
0.075466
0.071024
0.050332
0.062378
0.066538
0.073055
0.052668
0.122337
0.072892
0.093034
0.080822
0.066725
0.077528
0.066457
0.131163
0.078957
0.115088
0.052905
0.057961
0.043375
0.098076
0.061587
0.087583
0.127381
0.078896
0.088234
0.081350
0.085494
0.109958
0.106283
0.102098
0.101526
0.076330
0.048782
0.057100
0.062600
0.050308
0.082574
0.136375
0.092072
0.067625
0.084540
0.050250
0.103201
0.111413
0.114992
0.086167
0.083724
0.123104
0.071657
0.049693
0.046713
0.074841
0.078596
0.057013
0.078450
0.077555
0.136468
0.101342
0.074161
0.054913
0.061311
0.054355
0.071863
0.057889
0.123943
0.121296
0.105827
0.107096
0.079517
0.031557
0.034899
0.033871
0.032975
0.032752
0.064090
0.063794
0.087661
0.080351
0.047163
0.056793
0.119927
0.085834
0.072239
0.144089
0.074156
0.079605
0.086753
0.102491
0.089679
0.115953
0.068022
0.085423
0.092293
0.086723
0.090859
0.089674
0.058561
0.072573
0.071615
0.063686
0.093513
0.073996
0.096150
0.083544
0.116582
0.071153
0.051086
0.073525
0.100176
0.096362
0.103929
0.055701
0.085090
0.097255
0.119410
0.095208
0.092598
0.073566
0.068419
0.112567
0.062382
0.133878
0.123386
0.044933
0.075276
0.049322
0.078752
0.083147
0.071286
0.050117
0.101349
0.069268
0.070717
0.081172
0.074133
0.111318
0.061612
0.081883
0.069197
0.060845
0.049427
0.071397
0.114477
0.085202
0.068013
0.065661
0.080476
0.099928
0.093081
0.095386
0.097038
0.067886
0.090240
0.089846
0.053894
0.061401
0.049304
0.050699
0.092285
0.076776
0.050727
0.088037
0.063717
0.067787
0.049050
0.046392
0.061183
0.138512
0.066229
0.057454
0.062825
0.057483
0.107069
0.088180
0.108092
0.109636
0.073241
0.081054
0.126571
0.094551
0.094328
0.075765
0.133670
0.066362
0.059332
0.070019
0.063544
0.065876
0.064458
0.128122
0.079534
0.153950
0.069169
0.089134
0.078901
0.096862
0.082047
0.092993
0.093781
0.050347
0.099771
0.055372
0.110874
0.064576
0.072981
0.093386
0.077828
0.042450
0.046096
0.056815
0.051427
0.055509
0.081036
0.121064
0.084757
0.140099
0.085657
0.065760
0.105162
0.051268
0.058783
0.051547
0.077978
0.088190
0.048738
0.046888
0.050660
0.054959
0.079840
0.072983
0.071781
0.125338
0.077003
0.066528
0.061568
0.131654
0.054180
0.069044
0.055640
0.077293
0.064304
0.106677
0.057614
0.065926
0.089374
0.091861
0.076942
0.051589
0.087914
0.100027
0.050213
0.063287
0.073312
0.100822
0.127400
0.080741
0.083546
0.084761
0.051624
0.057945
0.079980
0.076619
0.078810
0.106539
0.185931
0.114860
0.088012
0.080511
0.056210
0.077023
0.072453
0.061774
0.115904
0.082696
0.133438
0.041931
0.047331
0.043024
0.108557
0.071430
0.053322
0.046303
0.049678
0.144674
0.047186
0.040708
0.043981
0.056231
0.034489
0.065938
0.084343
0.112972
0.047919
0.063203
0.146325
0.061930
0.066135
0.073739
0.063578
0.080885
0.108363
0.085351
0.104767
0.075583
0.070740
0.085954
0.109711
0.053969
0.072074
0.058919
0.056552
0.053306
0.070583
0.057787
0.068718
0.121403
0.069726
0.056666
0.063858
0.052884
0.064601
0.080936
0.084020
0.077402
0.070674
0.081049
0.064009
0.074587
0.086955
0.117568
0.138925
0.087972
0.070532
0.072610
0.072111
0.079491
0.058414
0.097615
0.088128
0.079922
0.082973
0.121128
0.107202
0.062280
0.118120
0.069528
0.068283
0.081488
0.089638
0.085974
0.044512
0.137572
0.094036
0.078367
0.104862
0.094504
0.059470
0.084617
0.053535
0.053753
0.061687
0.087253
0.138537
0.049801
0.104290
0.062584
0.088205
0.054990
0.082106
0.052596
0.158867
0.109521
0.081912
0.071665
0.061088
0.064513
0.095974
0.097220
0.071814
0.112174
0.075110
0.095035
0.132201
0.070183
0.079074
0.061651
0.076419
0.057409
0.055428
0.068303
0.063002
0.044650
0.041404
0.051992
0.088721
0.111796
0.057793
0.054220
0.063842
0.090868
0.095983
0.081548
0.081435
0.126179
0.091040
0.103112
0.138596
0.096921
0.105858
0.051393
0.054330
0.101044
0.076517
0.074732
0.072015
0.084586
0.095785
0.120713
0.081760
0.150406
0.079438
0.090776
0.048498
0.076680
0.065223
0.107952
0.108642
0.066440
0.105097
0.060520
0.054905
0.081540
0.070413
0.090991
0.130347
0.083580
0.096891
0.095343
0.068001
0.077069
0.097376
0.124973
0.117563
0.085102
0.073198
0.059101
0.106184
0.057256
0.063527
0.057025
0.089472
0.091811
0.102241
0.094992
0.075128
0.062551
0.089549
0.066513
0.119543
0.084952
0.083071
0.072745
0.098461
0.074131
0.091437
0.048922
0.049939
0.049344
0.043682
0.140481
0.129532
0.109548
0.104824
0.182663
0.075919
0.080715
0.098216
0.063966
0.083050
0.089079
0.088792
0.104810
0.063944
0.063797
0.143120
0.099773
0.052110
0.159530
0.115038
0.097883
0.104501
0.171442
0.112772
0.106530
0.089145
0.111912
0.087301
0.078407
0.121040
0.089630
0.100245
0.092292
0.107687
0.056423
0.100351
0.100536
0.050865
0.054040
0.116089
0.054750
0.108100
0.105999
0.088981
0.083165
0.054801
0.073330
0.085376
0.088287
0.104231
0.070337
0.080854
0.062795
0.166976
0.063714
0.101153
0.128607
0.094094
0.081565
0.106670
0.079614
0.090274
0.113279
0.145787
0.092007
0.047861
0.072064
0.049654
0.050648
0.137690
0.090122
0.089364
0.159797
0.051098
0.069749
0.142862
0.082793
0.073174
0.066413
0.102326
0.090813
0.103597
0.101574
0.110158
0.093236
0.064084
0.087794
0.087573
0.103514
0.082343
0.081537
0.069916
0.101680
0.092380
0.096327
0.121236
0.089333
0.110562
0.086650
0.087879
0.107366
0.086931
0.071729
0.108142
0.057715
0.085858
0.090297
0.092373
0.092312
0.080220
0.107067
0.094454
0.139896
0.138995
0.117756
0.150120
0.086137
0.050606
0.128696
0.061586
0.092802
0.109307
0.102527
0.052599
0.145271
0.057313
0.073571
0.105519
0.125649
0.066345
0.081871
0.118721
0.084847
0.050209
0.100071
0.077585
0.068690
0.104519
0.112827
0.096612
0.072055
0.081267
0.087574
0.106517
0.069047
0.070008
0.096453
0.083188
0.174166
0.100704
0.156115
0.097860
0.101536
0.141393
0.093375
0.107604
0.104735
0.073915
0.089937
0.086243
0.118225
0.087409
0.109162
0.108399
0.090262
0.100556
0.088197
0.146803
0.073910
0.111605
0.096519
0.139366
0.059213
0.086284
0.057975
0.049615
0.053801
0.052665
0.084326
0.068386
0.091225
0.060919
0.072376
0.057001
0.104398
0.066952
0.108372
0.062095
0.088065
0.106826
0.088574
0.107012
0.085148
0.065025
0.093630
0.073267
0.050416
0.066221
0.048797
0.062939
0.047279
0.090292
0.082681
0.088906
0.063739
0.131126
0.105241
0.140824
0.117345
0.189116
0.067696
0.086356
0.046143
0.057367
0.049377
0.066875
0.060067
0.078287
0.059194
0.073155
0.068017
0.102612
0.066161
0.162850
0.088749
0.132634
0.170014
0.147914
0.086590
0.066901
0.065952
0.075061
0.107853
0.055972
0.062534
0.096429
0.071258
0.074508
0.069191
0.078420
0.061075
0.074049
0.075416
0.136968
0.179293
0.061270
0.069243
0.047582
0.084350
0.072047
0.146655
0.101474
0.166000
0.155869
0.063827
0.107352
0.056560
0.043645
0.051005
0.043962
0.043342
0.042687
0.054412
0.130934
0.086051
0.048548
0.050854
0.061671
0.074993
0.049933
0.088283
0.060073
0.111425
0.150961
0.073922
0.151808
0.136704
0.127286
0.098528
0.055857
0.039936
0.047646
0.060185
0.051026
0.049669
0.055927
0.050123
0.052987
0.117088
0.055667
0.054172
0.121865
0.132031
0.098256
0.107345
0.079819
0.080574
0.089144
0.130466
0.121568
0.120183
0.112216
0.082533
0.072462
0.049329
0.055423
0.047461
0.044677
0.080947
0.090566
0.106977
0.092791
0.096131
0.129633
0.091790
0.145730
0.096586
0.071611
0.085951
0.095752
0.106226
0.181874
0.075357
0.108003
0.111129
0.090896
0.079792
0.115111
0.051534
0.056850
0.055563
0.064285
0.057375
0.085233
0.065192
0.064908
0.059708
0.164963
0.075980
0.087045
0.131820
0.105607
0.073803
0.077066
0.107303
0.084772
0.060955
0.087969
0.056686
0.050905
0.098560
0.148572
0.144587
0.094372
0.047165
0.047519
0.056355
0.052145
0.041826
0.107637
0.048826
0.050015
0.057808
0.056171
0.052776
0.090905
0.158852
0.100847
0.112784
0.139016
0.088680
0.082235
0.081530
0.091856
0.047122
0.049980
0.042436
0.048045
0.074614
0.061578
0.073058
0.131107
