0.000388
0.000386
0.000382
0.000386
0.000385
0.000381
0.000386
0.000375
0.000176
0.000173
0.000178
0.000385
0.000534
0.000388
0.000377
0.000179
0.000180
0.000384
0.000385
0.000178
0.000377
0.000379
0.000383
0.000377
0.000177
0.000390
0.000377
0.000388
0.000390
0.000383
0.000407
0.000178
0.000420
0.000388
0.000383
0.000387
0.000383
0.000412
0.000373
0.000377
0.000193
0.000250
0.000376
0.000378
0.000386
0.000380
0.000383
0.000178
0.000175
0.000227
0.000178
0.000174
0.000178
0.000177
0.000179
0.000174
0.000176
0.000231
0.000378
0.000381
0.000384
0.000179
0.000374
0.000182
0.000175
0.000177
0.000386
0.000181
0.000178
0.000383
0.000381
0.000392
0.000177
0.000383
0.000384
0.000176
0.000177
0.000834
0.000199
0.000382
0.000181
0.000179
0.000380
0.000390
0.000177
0.000327
0.000498
0.000377
0.000179
0.000260
0.000177
0.000384
0.000386
0.000178
0.000183
0.000200
0.000174
0.000301
0.000381
0.000389
0.000175
0.000180
0.000177
0.000252
0.000184
0.000377
0.000174
0.000235
0.000377
0.000382
0.000175
0.000381
0.000176
0.000177
0.000178
0.000180
0.000251
0.000385
0.000395
0.000179
0.000384
0.000376
0.000177
0.000176
0.000176
0.000177
0.000383
0.000383
0.000219
0.000177
0.000178
0.000175
0.000176
0.000387
0.000372
0.000381
0.000389
0.000376
0.000382
0.000384
0.000176
0.000384
0.000377
0.000382
0.000378
0.000379
0.000383
0.000174
0.000176
0.000279
0.000382
0.000383
0.000379
0.000444
0.000383
0.000386
0.000195
0.000290
0.000181
0.000177
0.000178
0.000277
0.000371
0.000387
0.000386
0.000384
0.000381
0.000242
0.000406
0.000385
0.000383
0.000174
0.000397
0.000381
0.000174
0.000393
0.000381
0.000379
0.000177
0.000178
0.000383
0.000173
0.000379
0.000230
0.000176
0.000176
0.000384
0.000176
0.000386
0.000382
0.000383
0.000379
0.000372
0.000178
0.000385
0.000377
0.000386
0.000176
0.000175
0.000235
0.000379
0.000178
0.000177
0.000180
0.000254
0.000390
0.000377
0.000387
0.000383
0.000385
0.000178
0.000177
0.000369
0.000178
0.000176
0.000203
0.000384
0.000179
0.000381
0.000388
0.000384
0.000389
0.000177
0.000381
0.000382
0.000357
0.000178
0.000179
0.000172
0.000178
0.000165
0.000221
0.000173
0.000190
0.000177
0.000235
0.000176
0.000240
0.000378
0.000179
0.000355
0.000399
0.000179
0.000177
0.000176
0.000173
0.000393
0.000381
0.000386
0.000383
0.000389
0.000227
0.000174
0.000386
0.000389
0.000176
0.000451
0.000175
0.000438
0.000181
0.000194
0.000176
0.000395
0.000371
0.000175
0.000179
0.000175
0.000376
0.000382
0.000377
0.000180
0.000179
0.000181
0.000180
0.000202
0.000194
0.000174
0.000381
0.000176
0.000380
0.000380
0.000385
0.000177
0.000177
0.000180
0.000252
0.000374
0.000176
0.000177
0.000384
0.000388
0.000376
0.000375
0.000376
0.000434
0.000382
0.000385
0.000381
0.000177
0.000376
0.000381
0.000173
0.000245
0.000382
0.000383
0.000381
0.000381
0.000289
0.000178
0.000384
0.000455
0.000556
0.000204
0.000412
0.000380
0.000384
0.000179
0.000176
0.000385
0.000379
0.000455
0.000381
0.000380
0.000384
0.000388
0.000381
0.000379
0.000381
0.000221
0.000178
0.000178
0.000178
0.000178
0.000280
0.000383
0.000183
0.000359
0.000177
0.000176
0.000383
0.000177
0.000280
0.000172
0.000395
0.000177
0.000385
0.000377
0.000389
0.000373
0.000382
0.000179
0.000387
0.000380
0.000385
0.000406
0.000384
0.000382
0.000379
0.000178
0.000386
0.000173
0.000237
0.000384
0.000382
0.000375
0.000182
0.000388
0.000176
0.000178
0.000377
0.000384
0.000381
0.000379
0.000380
0.000388
0.000390
0.000181
0.000200
0.000180
0.000175
0.000558
0.000385
0.000191
0.000384
0.000178
0.000386
0.000250
0.000178
0.000178
0.000406
0.000378
0.000384
0.000369
0.000196
0.000176
0.000385
0.000181
0.000381
0.000177
0.000380
0.000385
0.000181
0.000180
0.000176
0.000388
0.000387
0.000176
0.000376
0.000381
0.000178
0.000381
0.000377
0.000386
0.000382
0.000176
0.000241
0.000383
0.000378
0.000383
0.000175
0.000178
0.000354
0.000396
0.000180
0.000420
0.000175
0.000371
0.000255
0.000382
0.000384
0.000388
0.000389
0.000506
0.000383
0.000419
0.000383
0.000377
0.000384
0.000387
0.000422
0.000175
0.000253
0.000178
0.000379
0.000238
0.000386
0.000177
0.000385
0.000229
0.000179
0.000379
0.000176
0.000262
0.000456
0.000400
0.000381
0.000178
0.000176
0.000179
0.000177
0.000179
0.000390
0.000377
0.000403
0.000377
0.000179
0.000385
0.000177
0.000278
0.000379
0.000179
0.000177
0.000381
0.000175
0.000176
0.000178
0.000384
0.000385
0.000175
0.000264
0.000175
0.000173
0.000172
0.000166
0.000177
0.000180
0.000381
0.000412
0.000383
0.000176
0.000385
0.000385
0.000383
0.000180
0.000180
0.000296
0.000385
0.000176
0.000389
0.000384
0.000386
0.000439
0.000181
0.000392
0.000379
0.000417
0.000385
0.000381
0.000174
0.000401
0.000381
0.000380
0.000385
0.000204
0.000178
0.000175
0.000399
0.000379
0.000175
0.000380
0.000174
0.000179
0.000379
0.000393
0.000389
0.000383
0.000187
0.000175
0.000179
0.000177
0.000175
0.000239
0.000387
0.000384
0.000229
0.000176
0.000387
0.000382
0.000198
0.000177
0.000175
0.000213
0.000389
0.000173
0.000384
0.000410
0.000197
0.000388
0.000377
0.000464
0.000177
0.000385
0.000383
0.000384
0.000263
0.000180
0.000329
0.000391
0.000385
0.000377
0.000387
0.000385
0.000185
0.000390
0.000180
0.000478
0.000386
0.000177
0.000378
0.000381
0.000176
0.000196
0.000175
0.000384
0.000384
0.000450
0.000178
0.000377
0.000388
0.000386
0.000218
0.000362
0.000226
0.000179
0.000179
0.000381
0.000176
0.000497
0.000177
0.000173
0.000174
0.000174
0.000179
0.000180
0.000179
0.000174
0.000178
0.000170
0.000179
0.000374
0.000384
0.000379
0.000189
0.000179
0.000177
0.000178
0.000444
0.000179
0.000177
0.000186
0.000175
0.000180
0.000178
0.000384
0.000382
0.000487
0.000180
0.000378
0.000384
0.000252
0.000518
0.000384
0.000176
0.000217
0.000177
0.000381
0.000246
0.000180
0.000180
0.000195
0.000480
0.000394
0.000180
0.000298
0.000403
0.000472
0.000524
0.000179
0.000172
0.000512
0.000399
0.000510
0.000219
0.000180
0.000176
0.000182
0.000197
0.000183
0.000174
0.000192
0.000387
0.000178
0.000389
0.000392
0.000413
0.000182
0.000184
0.000181
0.000272
0.000391
0.000397
0.000424
0.000383
0.000384
0.000182
0.000181
0.000176
0.000184
0.000176
0.000179
0.000183
0.000397
0.000383
0.000174
0.000178
0.000180
0.000175
0.000252
0.000206
0.000382
0.000382
0.000380
0.000197
0.000178
0.000382
0.000176
0.000177
0.000177
0.000384
0.000191
0.000176
0.000253
0.000177
0.000174
0.000233
0.000175
0.000175
0.000385
0.000178
0.000198
0.000178
0.000176
0.000187
0.000332
0.000204
0.000179
0.000176
0.000176
0.000177
0.000384
0.000475
0.000210
0.000179
0.000178
0.000178
0.000175
0.000175
0.000389
0.000174
0.000405
0.000179
0.000175
0.000394
0.000177
0.000383
0.000179
0.000179
0.000384
0.000465
0.000177
0.000186
0.000208
0.000321
0.000450
0.000376
0.000177
0.000252
0.000416
0.000176
0.000177
0.000265
0.000466
0.000381
0.000184
0.000256
0.000175
0.000379
0.000190
0.000179
0.000179
0.000385
0.000407
0.000181
0.000178
0.000175
0.000173
0.000177
0.000182
0.000229
0.000194
0.000237
0.000382
0.000379
0.000384
0.000412
0.000397
0.000386
0.000183
0.000385
0.000388
0.000385
0.000173
0.000383
0.000180
0.000354
0.000380
0.000217
0.000176
0.000250
0.000403
0.000177
0.000178
0.000178
0.000175
0.000381
0.000379
0.000389
0.000385
0.000199
0.000383
0.000383
0.000388
0.000387
0.000384
0.000379
0.000380
0.000174
0.000386
0.000379
0.000413
0.000451
0.000379
0.000176
0.000177
0.000174
0.000380
0.000503
0.000375
0.000389
0.000178
0.000436
0.000465
0.000386
0.000386
0.000176
0.000386
0.000382
0.000176
0.000395
0.000386
0.000178
0.000385
0.000383
0.000385
0.000480
0.000352
0.000201
0.000501
0.000177
0.000384
0.000387
0.000177
0.000412
0.000270
0.000174
0.000178
0.000181
0.000178
0.000420
0.000384
0.000187
0.000384
0.000205
0.000359
0.000389
0.000177
0.000178
0.000174
0.000382
0.000179
0.000387
0.000177
0.000219
0.000174
0.000178
0.000395
0.000390
0.000177
0.000183
0.000388
0.000175
0.000177
0.000382
0.000386
0.000425
0.000178
0.000238
0.000392
0.000384
0.000508
0.000389
0.000179
0.000267
0.000389
0.000396
0.000392
0.000415
0.000384
0.000194
0.000222
0.000230
0.000382
0.000177
0.000592
0.000177
0.000179
0.000381
0.000175
0.000179
0.000314
0.000382
0.000177
0.000318
0.000389
0.000385
0.000178
0.000259
0.000180
0.000176
0.000380
0.000177
0.000383
0.000414
0.000176
0.000176
0.000174
0.000384
0.000413
0.000387
0.000177
0.000381
0.000380
0.000177
0.000177
0.000385
0.000243
0.000390
0.000266
0.000179
0.000381
0.000179
0.000175
0.000176
0.000498
0.000383
0.000175
0.000215
0.000403
0.000382
0.000482
0.000292
0.000174
0.000278
0.000381
0.000181
0.000390
0.000384
0.000178
0.000176
0.000177
0.000220
0.000178
0.000384
0.000387
0.000387
0.000178
0.000179
0.000175
0.000178
0.000176
0.000178
0.000178
0.000177
0.000244
0.000176
0.000182
0.000179
0.000305
0.000550
0.000308
0.000380
0.000381
0.000404
0.000391
0.000377
0.000379
0.000386
0.000383
0.000173
0.000179
0.000372
0.000385
0.000381
0.000388
0.000383
0.000175
0.000378
0.000315
0.000178
0.000424
0.000182
0.000178
0.000177
0.000172
0.000218
0.000192
0.000380
0.000176
0.000177
0.000180
0.000442
0.000378
0.000389
0.000298
0.000396
0.000178
0.000382
0.000390
0.000390
0.000378
