0.002306
0.002024
0.002025
0.001992
0.002040
0.002039
0.000775
0.001006
0.000828
0.001126
0.000850
0.000828
0.000824
0.000831
0.001263
0.000829
0.001780
0.001690
0.001986
0.000760
0.000814
0.001966
0.002003
0.000770
0.000817
0.000820
0.002011
0.001981
0.002080
0.002002
0.002279
0.000825
0.002010
0.001527
0.002026
0.002024
0.002071
0.001406
0.002008
0.002037
0.002019
0.002263
0.000778
0.001999
0.002037
0.000796
0.000828
0.000950
0.001245
0.000816
0.000829
0.000791
0.002033
0.000779
0.001373
0.000969
0.000853
0.000829
0.000826
0.002012
0.001258
0.002180
0.001965
0.001963
0.000762
0.000827
0.002036
0.000772
0.000772
0.000773
0.002037
0.000860
0.001599
0.001994
0.000801
0.000857
0.000888
0.002004
0.002026
0.000822
0.000820
0.000812
0.000829
0.002002
0.000791
0.001716
0.000842
0.000822
0.000824
0.000778
0.000867
0.000782
0.001148
0.001340
0.002006
0.000828
0.000927
0.001275
0.002088
0.002005
0.000834
0.001938
0.000831
0.001739
0.002052
0.000842
0.002046
0.002085
0.000850
0.000780
0.000830
0.001288
0.000784
0.000832
0.000828
0.000828
0.002000
0.000818
0.000775
0.000815
0.000835
0.000830
0.002032
0.000763
0.002002
0.002002
0.001968
0.001974
0.002051
0.002032
0.000826
0.002006
0.002021
0.002059
0.001994
0.000824
0.000838
0.000827
0.002030
0.000834
0.001421
0.002086
0.000832
0.000849
0.000830
0.002004
0.000824
0.000849
0.002006
0.002040
0.001996
0.000826
0.001870
0.000776
0.000842
0.000834
0.000836
0.002051
0.002024
0.000956
0.000767
0.000818
0.000832
0.000849
0.002013
0.002017
0.000823
0.001984
0.001453
0.001980
0.002008
0.002046
0.000826
0.002056
0.002014
0.001995
0.000819
0.001332
0.001982
0.000819
0.000840
0.001982
0.000817
0.000994
0.001988
0.001964
0.002078
0.000795
0.001974
0.001963
0.000832
0.000772
0.000943
0.001986
0.001985
0.002031
0.002012
0.002015
0.001314
0.000817
0.001972
0.000816
0.000817
0.000857
0.000853
0.001266
0.002027
0.000828
0.002010
0.001999
0.002041
0.001993
0.002000
0.002677
0.001994
0.002029
0.002028
0.001986
0.002060
0.002488
0.000764
0.000835
0.001978
0.000838
0.001851
0.000830
0.001416
0.000778
0.000838
0.000778
0.001949
0.000787
0.000832
0.002035
0.001997
0.001989
0.001997
0.002233
0.002000
0.000823
0.000766
0.000831
0.001972
0.000829
0.000815
0.000817
0.002009
0.001969
0.000896
0.000772
0.001140
0.000776
0.000813
0.000815
0.002067
0.002020
0.000831
0.001174
0.000928
0.002441
0.000824
0.001402
0.000986
0.000811
0.001965
0.001988
0.000970
0.000839
0.000783
0.000837
0.001431
0.002015
0.000834
0.000846
0.000817
0.000816
0.000830
0.000825
0.000864
0.000814
0.000763
0.001974
0.001990
0.001804
0.001985
0.002123
0.000861
0.000895
0.000822
0.000819
0.002007
0.001975
0.000768
0.000766
0.001398
0.002002
0.001987
0.001729
0.001246
0.000833
0.001396
0.002001
0.000899
0.000771
0.001989
0.001990
0.002016
0.002028
0.002002
0.002059
0.000848
0.002078
0.000769
0.000826
0.000828
0.000771
0.002035
0.001279
0.002055
0.000987
0.002025
0.002013
0.000832
0.000833
0.002020
0.002016
0.002029
0.002021
0.002045
0.002002
0.001990
0.001520
0.000788
0.000995
0.000853
0.000818
0.000763
0.000763
0.001391
0.001970
0.000828
0.000799
0.001754
0.000833
0.001700
0.001326
0.001983
0.001986
0.001976
0.001988
0.001982
0.002030
0.002076
0.000827
0.000830
0.002005
0.000806
0.001004
0.002136
0.000833
0.002030
0.000840
0.002069
0.002064
0.000825
0.001320
0.000766
0.000831
0.001981
0.001982
0.001986
0.002070
0.000827
0.000822
0.001488
0.001976
0.001976
0.001978
0.000829
0.001991
0.002003
0.002096
0.002001
0.001990
0.002016
0.002012
0.002049
0.002041
0.002017
0.002005
0.000831
0.001264
0.002018
0.001972
0.001966
0.000822
0.001246
0.000830
0.001199
0.001086
0.001705
0.001155
0.001058
0.000833
0.000785
0.002061
0.002034
0.000839
0.000845
0.001998
0.000826
0.002043
0.001999
0.000761
0.001064
0.000790
0.001653
0.000816
0.002107
0.002010
0.002036
0.000831
0.001993
0.000835
0.001988
0.000812
0.002038
0.001954
0.001383
0.001965
0.001983
0.001861
0.000768
0.000913
0.001324
0.000824
0.001227
0.000824
0.000833
0.002214
0.001969
0.002024
0.001998
0.000826
0.000776
0.001912
0.000825
0.002001
0.002009
0.002121
0.000821
0.002110
0.000902
0.002081
0.001015
0.000829
0.002007
0.000847
0.000827
0.000980
0.002020
0.002079
0.002014
0.002054
0.000824
0.001000
0.002009
0.000785
0.002000
0.002018
0.001137
0.000820
0.000765
0.000935
0.000961
0.000826
0.001023
0.000848
0.000882
0.000835
0.000832
0.001992
0.001507
0.001987
0.000833
0.002002
0.000764
0.001974
0.002039
0.000818
0.000794
0.000812
0.001025
0.000866
0.002028
0.000769
0.000824
0.002013
0.000827
0.001196
0.001994
0.002078
0.002306
0.000793
0.002056
0.000847
0.000833
0.002073
0.002082
0.000931
0.001999
0.001985
0.002033
0.001337
0.000824
0.000824
0.000820
0.000817
0.000818
0.000825
0.000815
0.001462
0.000819
0.000838
0.000814
0.000832
0.000823
0.002003
0.000819
0.002033
0.001468
0.002001
0.000825
0.000830
0.000826
0.000768
0.000835
0.000837
0.002034
0.002012
0.002032
0.002037
0.001734
0.000837
0.000799
0.000766
0.000916
0.002352
0.000815
0.000817
0.001990
0.000821
0.001339
0.001005
0.000829
0.002043
0.002000
0.001400
0.001506
0.002073
0.002014
0.002047
0.000827
0.000863
0.000830
0.001786
0.002119
0.002003
0.000824
0.000851
0.000845
0.001161
0.000835
0.002062
0.002038
0.002024
0.002018
0.002313
0.002085
0.002008
0.003984
0.000836
0.002097
0.002013
0.000830
0.001896
0.002018
0.002004
0.001993
0.000831
0.000818
0.000836
0.000873
0.002046
0.001744
0.001998
0.001311
0.000820
0.000828
0.000820
0.001068
0.000825
0.001997
0.000841
0.000957
0.000947
0.000836
0.002150
0.002009
0.001996
0.000837
0.000825
0.000921
0.000820
0.002123
0.000830
0.000831
0.001045
0.001340
0.000832
0.000842
0.000837
0.002139
0.002008
0.002044
0.000839
0.000837
0.001266
0.002114
0.002027
0.001266
0.001508
0.001046
0.000825
0.001165
0.000840
0.000825
0.001976
0.000817
0.001418
0.001078
0.002041
0.002025
0.000914
0.000777
0.000823
0.001062
0.000868
0.000832
0.001123
0.001000
0.000856
0.002062
0.000777
0.000769
0.002343
0.001995
0.001994
0.000824
0.001246
0.000856
0.002140
0.002026
0.000844
0.001131
0.000822
0.002029
0.001120
0.002243
0.002202
0.001001
0.001637
0.000819
0.002001
0.002346
0.002069
0.002229
0.000834
0.002178
0.000966
0.002078
0.000849
0.000926
0.000826
0.000833
0.002037
0.000888
0.000918
0.000875
0.000846
0.001332
0.000833
0.000828
0.000838
0.000809
0.002141
0.000827
0.000835
0.000828
0.001077
0.000823
0.002177
0.001341
0.000820
0.000825
0.001214
0.001143
0.000862
0.000999
0.000819
0.000818
0.002045
0.000769
0.000834
0.000819
0.001131
0.000817
0.000829
0.000828
0.001991
0.001067
0.002114
0.000816
0.000832
0.000845
0.002076
0.001965
0.001967
0.001965
0.000810
0.001998
0.001964
0.002017
0.002656
0.002190
0.000843
0.000823
0.002027
0.001987
0.001994
0.001531
0.000778
0.002017
0.002035
0.000839
0.000834
0.000852
0.000827
0.000830
0.000824
0.002129
0.002097
0.000955
0.000827
0.000827
0.001177
0.002000
0.002048
0.002037
0.001372
0.002366
0.002758
0.001885
0.002134
0.002014
0.000839
0.000846
0.002072
0.001999
0.002077
0.002003
0.000834
0.002010
0.000819
0.000868
0.000838
0.002090
0.002069
0.000841
0.001972
0.002012
0.000767
0.002087
0.000840
0.000841
0.000829
0.000842
0.000832
0.002055
0.002282
0.002087
0.001752
0.002190
0.001990
0.000847
0.000849
0.000851
0.001063
0.000853
0.002036
0.002323
0.000771
0.000849
0.001978
0.002190
0.001963
0.001062
0.002002
0.001756
0.000829
0.001141
0.000830
0.001137
0.002065
0.002030
0.000843
0.000900
0.000833
0.000778
0.000820
0.000831
0.001522
0.000836
0.002017
0.000835
0.002049
0.002019
0.002018
0.001251
0.002370
0.001596
0.000822
0.000889
0.000835
0.002083
0.002051
0.000827
0.002119
0.002024
0.001895
0.002051
0.002171
0.000770
0.000840
0.001024
0.001080
0.001028
0.002046
0.000831
0.001541
0.002117
0.001982
0.001986
0.002018
0.000841
0.000823
0.000825
0.000824
0.002053
0.000811
0.000824
0.002001
0.002037
0.002107
0.000821
0.001983
0.001255
0.002214
0.000821
0.000821
0.001197
0.001984
0.002002
0.000822
0.000822
0.000822
0.000822
0.000820
0.002200
0.002006
0.001168
0.000817
0.000817
0.001977
0.002019
0.000786
0.001353
0.000785
0.000760
0.000849
0.001337
0.000834
0.002027
0.000825
0.001258
0.002020
0.002179
0.000846
0.001943
0.002057
0.000827
0.002272
0.000827
0.002007
0.002036
0.002024
0.002211
0.002350
0.000996
0.000769
0.000822
0.001998
0.002040
0.001991
0.001204
0.000774
0.001998
0.000841
0.001845
0.000824
0.000822
0.001263
0.000826
0.002018
0.002038
0.000827
0.001710
0.000804
0.000813
0.000843
0.000820
0.000826
0.000834
0.000862
0.000840
0.001169
0.002009
0.000756
0.001951
0.001466
0.000838
0.002060
0.002030
0.000831
0.001273
0.000897
0.002065
0.002099
0.002040
0.000840
0.002056
0.000841
0.000842
0.000836
0.001764
0.001086
0.000819
0.000828
0.000844
0.000778
0.001065
0.000810
0.001513
0.001641
0.000819
0.001083
0.000829
0.001365
0.002035
0.002005
0.001994
0.000824
0.000824
0.001927
0.000823
0.000849
0.000826
0.001987
0.002139
0.002085
0.002197
0.001944
0.000778
0.000803
0.002058
0.001948
0.000877
0.001736
0.001702
0.000831
0.001532
0.002006
0.001999
0.000836
0.000830
0.000852
0.000818
0.001722
0.000831
0.002056
