0.024233
0.025116
0.016819
0.015040
0.014181
0.016601
0.018061
0.014493
0.024982
0.018723
0.017194
0.019487
0.016408
0.020567
0.020514
0.016644
0.014440
0.014229
0.016401
0.025725
0.024636
0.020610
0.017653
0.022740
0.015176
0.014674
0.016543
0.014313
0.027046
0.020612
0.014473
0.016515
0.016242
0.022776
0.016770
0.023792
0.023084
0.021643
0.016691
0.015993
0.014258
0.017815
0.014786
0.016397
0.015319
0.022021
0.016513
0.014432
0.016936
0.014502
0.022763
0.024676
0.022931
0.018962
0.020768
0.017470
0.024918
0.019055
0.014537
0.015848
0.014492
0.022149
0.020615
0.015750
0.023315
0.019774
0.019054
0.020094
0.014615
0.021507
0.023912
0.014872
0.020231
0.018334
0.022101
0.016743
0.014230
0.016834
0.021069
0.014494
0.025548
0.023804
0.015941
0.023319
0.017849
0.018782
0.025880
0.015639
0.020202
0.020132
0.017221
0.014184
0.014683
0.023304
0.014504
0.016779
0.014592
0.023587
0.020817
0.027500
0.020581
0.024895
0.018842
0.025813
0.019654
0.020106
0.016491
0.024786
0.019977
0.016126
0.014535
0.018429
0.014538
0.018409
0.018223
0.014510
0.015435
0.015283
0.023828
0.016976
0.016935
0.020189
0.015790
0.014560
0.015698
0.016297
0.015856
0.017689
0.016815
0.020831
0.024180
0.025934
0.014490
0.017813
0.021187
0.014234
0.014587
0.019585
0.019239
0.021590
0.014623
0.016425
0.022076
0.020645
0.017405
0.019603
0.014283
0.019349
0.014209
0.016131
0.016568
0.014333
0.014244
0.018808
0.014170
0.024732
0.014158
0.025472
0.016068
0.021680
0.018881
0.016411
0.026566
0.017370
0.020151
0.015600
0.014615
0.015554
0.017708
0.025666
0.014083
0.024517
0.014965
0.018799
0.019809
0.014741
0.023410
0.016856
0.020718
0.026346
0.017194
0.015573
0.014510
0.014267
0.014184
0.018987
0.026487
0.020870
0.016434
0.022489
0.015404
0.023417
0.025252
0.024227
0.022246
0.017050
0.025416
0.024478
0.016931
0.016241
0.020051
0.016013
0.016326
0.014201
0.017731
0.020847
0.021242
0.020674
0.014306
0.014514
0.014195
0.016353
0.017395
0.014941
0.015064
0.014878
0.026639
0.018035
0.014501
0.015547
0.017392
0.014873
0.016636
0.016524
0.014679
0.021019
0.021635
0.019120
0.017901
0.018534
0.014622
0.019091
0.020978
0.021047
0.014673
0.020757
0.020514
0.017221
0.022865
0.016339
0.021260
0.018254
0.020278
0.014282
0.022070
0.017940
0.015570
0.022718
0.015644
0.019237
0.014257
0.016686
0.015926
0.014647
0.016949
0.014488
0.014117
0.022654
0.022204
0.026418
0.016918
0.021907
0.020489
0.025164
0.027361
0.026465
0.014572
0.014490
0.023940
0.014308
0.020733
0.020424
0.014498
0.017421
0.017545
0.021217
0.026901
0.024972
0.017399
0.023179
0.017476
0.019601
0.018716
0.015388
0.023623
0.014426
0.018352
0.020050
0.014327
0.017528
0.020324
0.021387
0.021669
0.014246
0.014507
0.016185
0.024692
0.018609
0.025485
0.022867
0.015603
0.014288
0.027736
0.017102
0.015973
0.015442
0.014302
0.020782
0.016462
0.014626
0.014355
0.018359
0.014648
0.014166
0.014305
0.014303
0.022910
0.016992
0.014532
0.016935
0.014463
0.019187
0.022614
0.026005
0.014379
0.019880
0.020474
0.021983
0.018924
0.021051
0.021728
0.025623
0.016467
0.018426
0.019132
0.014506
0.014453
0.014217
0.021510
0.016955
0.023140
0.017316
0.021943
0.014281
0.023352
0.020465
0.014963
0.020396
0.014419
0.023350
0.016327
0.024478
0.017776
0.014448
0.021013
0.017956
0.015168
0.016164
0.014321
0.014580
0.015322
0.021919
0.022116
0.018635
0.021397
0.016688
0.017254
0.026808
0.014247
0.017001
0.016433
0.019600
0.024197
0.016482
0.015761
0.015836
0.015673
0.020113
0.014200
0.014423
0.024610
0.016619
0.015864
0.016770
0.025936
0.016779
0.016715
0.014462
0.020596
0.016639
0.019968
0.015501
0.026501
0.022845
0.025500
0.020933
0.016319
0.023213
0.023370
0.017814
0.016789
0.019646
0.023014
0.018523
0.014162
0.020282
0.023317
0.014522
0.020149
0.014287
0.017658
0.018845
0.024376
0.020214
0.016990
0.014097
0.018860
0.014450
0.015875
0.025468
0.018829
0.020880
0.014404
0.018139
0.017060
0.014450
0.016033
0.015996
0.016119
0.015578
0.016322
0.015505
0.014541
0.014640
0.015628
0.014523
0.016937
0.014508
0.014179
0.014729
0.015438
0.018746
0.019631
0.022175
0.014625
0.018798
0.027312
0.020160
0.019063
0.021915
0.023591
0.018100
0.014472
0.014824
0.014697
0.024184
0.018814
0.016691
0.014441
0.016197
0.014910
0.014505
0.014471
0.014259
0.016779
0.016343
0.015809
0.014511
0.016659
0.014470
0.026025
0.018385
0.014557
0.016828
0.017325
0.014527
0.021368
0.024005
0.017490
0.022017
0.021834
0.014159
0.019136
0.020129
0.025996
0.015581
0.023433
0.017126
0.021000
0.019754
0.025542
0.020814
0.016416
0.016679
0.014492
0.015567
0.014308
0.020819
0.022090
0.016425
0.023230
0.022219
0.021088
0.024501
0.025873
0.019682
0.021099
0.017852
0.021467
0.018055
0.019644
0.018536
0.014154
0.021199
0.014505
0.024408
0.021074
0.016900
0.014978
0.023373
0.024144
0.015100
0.016165
0.014513
0.018105
0.018918
0.015562
0.015577
0.027102
0.015484
0.015051
0.018348
0.014535
0.014404
0.015704
0.014708
0.018700
0.016335
0.019288
0.015771
0.014176
0.016787
0.014582
0.019967
0.016121
0.016501
0.016270
0.015394
0.014016
0.020701
0.015065
0.014351
0.025609
0.014281
0.017091
0.014778
0.014772
0.023054
0.014464
0.017476
0.020949
0.015997
0.014287
0.015559
0.016335
0.018929
0.016213
0.016127
0.024210
0.014164
0.020629
0.020048
0.015315
0.014303
0.015138
0.015319
0.015613
0.014849
0.015126
0.019221
0.014709
0.017934
0.019234
0.025247
0.014647
0.019131
0.014692
0.014540
0.016065
0.019491
0.024479
0.026581
0.017486
0.014363
0.016024
0.025833
0.014633
0.017618
0.016121
0.018469
0.020961
0.015875
0.014228
0.016049
0.015561
0.015169
0.016893
0.025759
0.014428
0.016931
0.015666
0.025257
0.020359
0.024392
0.014492
0.017134
0.016496
0.017781
0.025437
0.026370
0.015085
0.020061
0.023799
0.021706
0.014787
0.018876
0.014404
0.014785
0.021433
0.017505
0.027169
0.017647
0.018128
0.022193
0.023530
0.015091
0.015667
0.021226
0.021394
0.020653
0.029931
0.016346
0.014831
0.015464
0.014483
0.018297
0.017836
0.024747
0.014932
0.020474
0.014373
0.021823
0.014913
0.020018
0.015423
0.016813
0.015193
0.023178
0.014412
0.025810
0.025924
0.018425
0.023571
0.017968
0.023248
0.014824
0.022144
0.020959
0.014563
0.017213
0.016659
0.022077
0.020896
0.014708
0.018990
0.015451
0.014605
0.015140
0.018168
0.019097
0.020158
0.023663
0.015164
0.016511
0.017174
0.015332
0.015385
0.026900
0.014394
0.022706
0.023682
0.016201
0.015318
0.023221
0.014267
0.019794
0.017170
0.022152
0.015571
0.014513
0.021804
0.016543
0.014653
0.019465
0.016928
0.020637
0.022307
0.018197
0.016399
0.014689
0.015549
0.015900
0.024239
0.022865
0.014429
0.019180
0.021702
0.020882
0.019599
0.023182
0.017172
0.024991
0.018732
0.016221
0.019001
0.020766
0.014761
0.014608
0.015493
0.015618
0.023227
0.025554
0.014277
0.020854
0.014251
0.014447
0.026982
0.016421
0.021032
0.024580
0.027764
0.015579
0.018511
0.017370
0.016389
0.021484
0.023909
0.015560
0.014366
0.017625
0.023704
0.014961
0.019026
0.016020
0.018881
0.014706
0.025809
0.017373
0.015080
0.020090
0.015533
0.022454
0.015707
0.014876
0.026342
0.016724
0.026677
0.020361
0.022856
0.019796
0.014562
0.021280
0.014132
0.017507
0.027255
0.018105
0.021049
0.014529
0.023436
0.014579
0.024622
0.023403
0.014500
0.024293
0.016678
0.024976
0.014233
0.022035
0.023138
0.025742
0.020030
0.022212
0.015131
0.015958
0.014453
0.014753
0.024481
0.014931
0.027797
0.014409
0.016518
0.016303
0.017432
0.020978
0.016577
0.015449
0.017768
0.021916
0.020674
0.027232
0.017117
0.016552
0.017910
0.014696
0.014558
0.019574
0.014384
0.019999
0.014803
0.020384
0.020030
0.019380
0.015023
0.021503
0.020894
0.026003
0.025287
0.017605
0.014437
0.016524
0.014503
0.016860
0.015946
0.019883
0.014377
0.017741
0.016017
0.014557
0.014857
0.020175
0.019548
0.020502
0.015932
0.027095
0.022592
0.016679
0.016427
0.017090
0.014975
0.015037
0.027982
0.015668
0.016511
0.024419
0.014598
0.014541
0.018152
0.019173
0.014732
0.017015
0.016107
0.021208
0.027318
0.019025
0.015337
0.014768
0.020787
0.014067
0.022104
0.014280
0.020211
0.027563
0.016736
0.021358
0.016375
0.015641
0.017060
0.016885
0.015366
0.018012
0.016139
0.027807
0.014258
0.015394
0.014065
0.017876
0.018467
0.018393
0.017414
0.018213
0.024420
0.021666
0.023030
0.025126
0.022567
0.017898
0.023422
0.017314
0.014608
0.019618
0.014943
0.014542
0.014465
0.017007
0.017259
0.017078
0.018865
0.017084
0.014029
0.026138
0.022398
0.021238
0.023033
0.020464
0.019300
0.020328
0.021505
0.022089
0.019197
0.023650
0.014676
0.017542
0.017106
0.016930
0.020874
0.014350
0.017634
0.020928
0.023615
0.026786
0.014335
0.016838
0.019374
0.022433
0.023356
0.017516
0.017383
0.026308
0.025506
0.023430
0.014269
0.023318
0.015084
0.018247
0.018027
0.021537
0.015633
0.016057
0.017087
0.015987
0.018616
0.018051
0.017699
0.015127
0.016040
0.019551
0.015267
0.014743
0.024654
0.025494
0.017017
0.014541
0.026985
0.021098
0.016048
0.023362
0.015284
0.017691
0.016195
0.019897
0.028225
0.018331
0.017797
0.014451
0.018127
0.017064
0.014653
0.020650
0.018321
0.018016
0.016628
0.016341
0.017540
0.014359
0.023186
0.017021
0.015111
0.026068
0.015591
0.015273
0.017072
0.014340
0.017911
0.016092
0.014118
0.015350
0.021667
0.014194
0.014630
0.020634
