0.131981
0.118891
0.145512
0.116054
0.129379
0.152941
0.067571
0.061960
0.048139
0.127928
0.041461
0.029857
0.034944
0.069520
0.074443
0.042525
0.084357
0.073339
0.093213
0.036821
0.072374
0.089125
0.077070
0.039702
0.063693
0.059150
0.126728
0.119594
0.138559
0.137044
0.132428
0.062127
0.131926
0.051916
0.103344
0.100221
0.053910
0.095296
0.126939
0.092531
0.104426
0.115353
0.054402
0.057689
0.053753
0.025578
0.036854
0.074572
0.047851
0.032674
0.045079
0.063625
0.123778
0.054564
0.055498
0.055727
0.063864
0.061040
0.106683
0.139548
0.102487
0.127800
0.116026
0.109675
0.068167
0.065261
0.131843
0.093748
0.061205
0.073230
0.140923
0.069697
0.060967
0.077270
0.030236
0.030759
0.067885
0.069198
0.064762
0.030492
0.032461
0.061200
0.141682
0.114441
0.041529
0.093029
0.111737
0.069858
0.042744
0.123990
0.065307
0.041835
0.043674
0.098259
0.096105
0.041406
0.049526
0.108561
0.102491
0.147541
0.061761
0.112092
0.051869
0.128971
0.101867
0.123667
0.128339
0.082171
0.062677
0.060660
0.059959
0.116097
0.056288
0.078764
0.103095
0.047483
0.052088
0.046917
0.033040
0.043999
0.064842
0.058617
0.102124
0.053616
0.074699
0.105076
0.089856
0.097223
0.107340
0.160954
0.050548
0.097841
0.099267
0.112417
0.095648
0.034415
0.070780
0.043863
0.088627
0.038747
0.084126
0.113181
0.095557
0.102000
0.098387
0.127872
0.047193
0.123984
0.098817
0.118451
0.128312
0.067335
0.136552
0.052762
0.056346
0.124927
0.113620
0.121159
0.130842
0.092435
0.037834
0.034396
0.029558
0.036770
0.076447
0.078672
0.043631
0.072312
0.075208
0.075250
0.079959
0.150704
0.097416
0.133597
0.048803
0.088165
0.045419
0.060987
0.071235
0.033534
0.035385
0.135820
0.064586
0.065806
0.095701
0.059665
0.059732
0.030028
0.060349
0.062255
0.028150
0.069341
0.110694
0.137529
0.122810
0.073654
0.135223
0.131123
0.092664
0.107560
0.075631
0.061491
0.055710
0.068450
0.098881
0.107996
0.117825
0.091142
0.146308
0.130180
0.078709
0.098614
0.094565
0.096668
0.093897
0.132589
0.131300
0.120405
0.051550
0.129675
0.026211
0.024446
0.058641
0.052424
0.157182
0.106265
0.121046
0.052289
0.068806
0.066191
0.134170
0.066298
0.062560
0.081660
0.081324
0.074707
0.073798
0.076080
0.095035
0.034356
0.075632
0.135281
0.081673
0.067288
0.072111
0.081499
0.127083
0.146199
0.106224
0.045119
0.124483
0.088647
0.071806
0.034260
0.133040
0.118684
0.127731
0.105693
0.062787
0.135643
0.060178
0.049655
0.064512
0.115841
0.130304
0.154515
0.038511
0.040046
0.043615
0.049595
0.092787
0.160912
0.087250
0.058830
0.087271
0.062205
0.089586
0.105162
0.059771
0.154784
0.061257
0.102610
0.109642
0.066057
0.078357
0.076224
0.034767
0.035978
0.132241
0.074752
0.105170
0.134870
0.045720
0.057524
0.047756
0.140622
0.129080
0.054660
0.120574
0.049408
0.050391
0.134587
0.062634
0.055996
0.119514
0.119378
0.126869
0.121367
0.137548
0.108335
0.056895
0.102275
0.042526
0.118922
0.041418
0.034295
0.059455
0.074188
0.068994
0.054690
0.080567
0.078390
0.052801
0.075707
0.141640
0.121640
0.109048
0.134267
0.146549
0.135050
0.140865
0.111392
0.071594
0.064886
0.071920
0.090165
0.058266
0.054371
0.087384
0.129408
0.065181
0.061341
0.130196
0.132311
0.043948
0.045882
0.096316
0.095298
0.116224
0.083636
0.082666
0.067657
0.047781
0.026614
0.033126
0.112715
0.054182
0.067667
0.118375
0.130795
0.089273
0.044548
0.057326
0.106647
0.040720
0.068767
0.061641
0.098412
0.096994
0.094268
0.106273
0.110095
0.104703
0.077092
0.044428
0.107017
0.100274
0.100243
0.041779
0.146246
0.086247
0.130728
0.103071
0.138063
0.097775
0.118622
0.056498
0.054773
0.060644
0.064239
0.068225
0.073697
0.078890
0.082815
0.087330
0.091217
0.101294
0.021179
0.023936
0.019600
0.048929
0.062570
0.057171
0.084520
0.056923
0.120157
0.095740
0.099842
0.130249
0.064339
0.057944
0.141481
0.145673
0.096006
0.052580
0.051007
0.080721
0.058224
0.094620
0.102771
0.167485
0.064180
0.124767
0.094869
0.135100
0.067587
0.101960
0.039751
0.087633
0.108618
0.125834
0.040080
0.037931
0.077086
0.096466
0.046426
0.115027
0.115615
0.036541
0.072114
0.148610
0.064014
0.109809
0.081568
0.068573
0.093273
0.043119
0.127016
0.123983
0.093409
0.111760
0.132514
0.109882
0.125860
0.088061
0.037998
0.097684
0.038396
0.085306
0.071830
0.149340
0.126774
0.117379
0.063837
0.040227
0.033147
0.076218
0.060094
0.131914
0.097922
0.097385
0.057275
0.098454
0.111819
0.053976
0.046149
0.045260
0.045251
0.053855
0.065707
0.054330
0.039318
0.095732
0.127739
0.112090
0.135213
0.071808
0.134864
0.106848
0.132891
0.041576
0.050270
0.093067
0.070571
0.156502
0.089107
0.123624
0.124919
0.071325
0.097396
0.133335
0.115620
0.075580
0.040146
0.083446
0.061643
0.027721
0.112451
0.094354
0.055431
0.072416
0.107540
0.096064
0.059063
0.111074
0.052237
0.042685
0.039516
0.064306
0.038484
0.036691
0.071385
0.034738
0.034380
0.032259
0.034702
0.097556
0.146343
0.065527
0.094880
0.102107
0.152358
0.119577
0.062888
0.062250
0.072905
0.064467
0.103253
0.140898
0.137415
0.111196
0.102050
0.086718
0.165014
0.064162
0.076046
0.127453
0.169980
0.079277
0.135391
0.071374
0.026971
0.083561
0.055851
0.044084
0.148095
0.121761
0.082370
0.115535
0.102519
0.123623
0.115498
0.052488
0.061841
0.042082
0.115973
0.089368
0.086714
0.068414
0.059739
0.063172
0.072794
0.096668
0.154090
0.135136
0.110459
0.068808
0.073220
0.073117
0.075877
0.046946
0.032214
0.080760
0.097044
0.055984
0.106196
0.105466
0.115230
0.088907
0.038125
0.048489
0.040511
0.072833
0.088973
0.159807
0.094474
0.048556
0.024318
0.027024
0.026140
0.029836
0.121086
0.105515
0.140993
0.075703
0.100256
0.065198
0.140915
0.111204
0.156074
0.034863
0.027431
0.023130
0.156617
0.137834
0.125687
0.145435
0.054669
0.159259
0.104418
0.056869
0.063946
0.147037
0.146537
0.118361
0.061054
0.049569
0.089806
0.103751
0.104946
0.066408
0.045368
0.043974
0.050813
0.053304
0.052169
0.070679
0.061371
0.085758
0.061257
0.129021
0.041569
0.101001
0.072000
0.034912
0.056676
0.064699
0.052879
0.056431
0.054533
0.076497
0.062620
0.175151
0.037790
0.080241
0.134613
0.146608
0.131208
0.065392
0.110410
0.074088
0.141674
0.107274
0.088175
0.081483
0.082763
0.106798
0.081093
0.153792
0.185786
0.115615
0.037677
0.084791
0.115906
0.109413
0.082477
0.122422
0.061348
0.092883
0.037932
0.123766
0.060166
0.065112
0.050492
0.070436
0.085763
0.068146
0.080641
0.077503
0.039431
0.098131
0.042036
0.075792
0.067665
0.039731
0.088415
0.040201
0.037641
0.033221
0.064225
0.117282
0.109592
0.077842
0.053631
0.039609
0.043602
0.056726
0.082140
0.072696
0.105005
0.048998
0.107116
0.048246
0.078060
0.075935
0.078902
0.105186
0.054529
0.102116
0.117282
0.074909
0.154828
0.113305
0.065673
0.137188
0.133230
0.120678
0.093033
0.100459
0.058117
0.102270
0.102026
0.076320
0.037241
0.068666
0.030773
0.130809
0.137829
0.127095
0.141985
0.114014
0.102012
0.104230
0.087083
0.061583
0.055788
0.070020
0.048420
0.049691
0.090029
0.084072
0.144895
0.063511
0.054129
0.058301
0.132820
0.108690
0.151338
0.086908
0.087054
0.139993
0.116084
0.070266
0.184866
0.161065
0.051253
0.051352
0.105166
0.121147
0.124526
0.150443
0.097347
0.133218
0.090432
0.068477
0.092284
0.168362
0.164635
0.077810
0.157261
0.183651
0.083447
0.109789
0.052576
0.057914
0.072232
0.093224
0.048756
0.129273
0.108206
0.149991
0.127652
0.139166
0.054821
0.025775
0.034387
0.029275
0.046482
0.073621
0.107087
0.114000
0.053481
0.065128
0.125467
0.107888
0.113693
0.057758
0.046993
0.062046
0.040547
0.091341
0.072488
0.065512
0.062492
0.076167
0.072562
0.055673
0.120281
0.069123
0.101945
0.065595
0.091271
0.132569
0.153481
0.063214
0.097607
0.090761
0.096489
0.060964
0.118109
0.068876
0.040426
0.061660
0.108965
0.152854
0.071331
0.069124
0.139356
0.124893
0.139176
0.149948
0.156572
0.074119
0.102293
0.069346
0.111665
0.050087
0.128091
0.072198
0.140258
0.081276
0.072452
0.080710
0.138067
0.065142
0.049462
0.073767
0.101328
0.108709
0.060409
0.128398
0.092511
0.097105
0.135396
0.063598
0.135345
0.147502
0.154909
0.022900
0.022873
0.040945
0.054658
0.058890
0.065713
0.051713
0.064688
0.069207
0.065353
0.150807
0.106370
0.063975
0.072285
0.105587
0.179043
0.162384
0.056801
0.135311
0.063057
0.051048
0.035923
0.107447
0.057523
0.101585
0.038870
0.105560
0.110655
0.132419
0.067797
0.148142
0.146316
0.147331
0.073523
0.106857
0.082381
0.137156
0.087641
0.090780
0.100137
0.046598
0.054101
0.055800
0.086440
0.134970
0.119285
0.071634
0.071223
0.149301
0.076268
0.107657
0.093127
0.071822
0.067620
0.122625
0.078940
0.066162
0.031365
0.079468
0.040675
0.049040
0.116886
0.075632
0.055975
0.059741
0.053155
0.065819
0.116736
0.101896
0.071724
0.152457
0.066859
0.087969
0.166354
0.101303
0.041767
0.096874
0.085738
0.147559
0.110229
0.098792
0.080275
0.046751
0.042254
0.063299
0.043937
0.059036
0.061637
0.089829
0.055986
0.068189
0.050973
0.092683
0.047698
0.128433
0.056159
0.058738
0.128181
0.068334
0.131270
0.126089
0.121952
0.141259
0.070554
0.064025
0.097929
0.085427
0.118671
0.072151
0.154303
0.120356
0.139841
0.106846
0.120344
0.056424
0.092089
0.108977
0.126804
0.059282
0.068548
0.155718
0.052673
0.087999
0.131423
0.055613
0.051707
0.065675
0.072202
0.064521
0.055699
0.060182
0.133249
