0.069766
0.068683
0.073379
0.064002
0.072122
0.058712
0.081778
0.063337
0.018507
0.014039
0.017840
0.044206
0.037168
0.027152
0.058269
0.029931
0.023005
0.060288
0.059343
0.022388
0.069646
0.062013
0.061545
0.076849
0.024307
0.035934
0.053961
0.051773
0.058148
0.067985
0.054124
0.027010
0.057186
0.060434
0.056153
0.059648
0.037729
0.038491
0.032386
0.037171
0.013189
0.016213
0.045154
0.042519
0.073180
0.071039
0.057503
0.029551
0.041819
0.060643
0.053140
0.026410
0.025610
0.022337
0.031673
0.029215
0.023985
0.031613
0.043002
0.037766
0.052516
0.016731
0.021061
0.012267
0.011977
0.010039
0.024049
0.019317
0.013712
0.032131
0.031572
0.034157
0.017673
0.039150
0.043159
0.023713
0.023726
0.069197
0.030855
0.041378
0.028414
0.036595
0.073928
0.067606
0.023521
0.035943
0.065379
0.062384
0.032452
0.028783
0.028581
0.050092
0.060486
0.021926
0.018503
0.016695
0.013999
0.018581
0.034721
0.043430
0.016386
0.016979
0.018294
0.019905
0.018752
0.036450
0.023858
0.026765
0.061764
0.059936
0.026043
0.048478
0.025759
0.019990
0.020000
0.019110
0.027311
0.065360
0.057239
0.027049
0.041369
0.060196
0.026070
0.030429
0.043604
0.020767
0.045076
0.036676
0.032857
0.041196
0.031588
0.028254
0.035848
0.060091
0.070157
0.061105
0.083320
0.043562
0.033308
0.042437
0.022800
0.030540
0.046691
0.043023
0.041966
0.046498
0.045236
0.021677
0.021050
0.022298
0.042479
0.042836
0.056651
0.053812
0.045556
0.040194
0.019743
0.019552
0.017902
0.020092
0.026899
0.032007
0.057104
0.067709
0.059981
0.048012
0.039599
0.030027
0.064326
0.062043
0.051570
0.022278
0.045960
0.046769
0.023545
0.049267
0.051642
0.065095
0.027650
0.023892
0.049473
0.016042
0.023309
0.026312
0.022399
0.022568
0.076618
0.021413
0.042523
0.067183
0.055585
0.069555
0.073479
0.029905
0.056100
0.066806
0.043751
0.020917
0.024924
0.033962
0.037872
0.020653
0.018997
0.019604
0.020428
0.036107
0.049512
0.031000
0.036583
0.048183
0.018763
0.016846
0.036531
0.019726
0.017456
0.012944
0.052748
0.021396
0.048447
0.041069
0.049875
0.051248
0.030952
0.051538
0.066811
0.033430
0.023192
0.020407
0.022536
0.027611
0.026551
0.047458
0.036892
0.020294
0.018442
0.020650
0.018271
0.020826
0.046403
0.020993
0.026795
0.045852
0.034044
0.023201
0.022016
0.026251
0.053054
0.051938
0.060148
0.033804
0.040711
0.027855
0.019711
0.041593
0.067332
0.025865
0.063225
0.022836
0.070563
0.024646
0.024953
0.034922
0.051240
0.056848
0.023679
0.018962
0.020701
0.031152
0.065273
0.064229
0.031545
0.021791
0.037526
0.020316
0.026124
0.032800
0.029563
0.036198
0.027346
0.044172
0.059755
0.079146
0.034595
0.035665
0.032821
0.027512
0.050461
0.039654
0.026987
0.058623
0.059110
0.057485
0.058042
0.057713
0.059065
0.060374
0.039632
0.043261
0.022663
0.029736
0.038084
0.017956
0.020221
0.071177
0.066313
0.047691
0.050113
0.037170
0.034287
0.062325
0.060797
0.053061
0.025681
0.054272
0.041225
0.044514
0.017768
0.018039
0.049211
0.048769
0.037982
0.045078
0.030357
0.061455
0.048867
0.046925
0.045781
0.053400
0.027334
0.028718
0.024042
0.022902
0.025106
0.029501
0.055354
0.027739
0.038302
0.026430
0.027560
0.044994
0.020817
0.021364
0.025753
0.059126
0.031098
0.082444
0.067638
0.061014
0.057652
0.061241
0.030052
0.046331
0.057938
0.051296
0.048395
0.036506
0.048703
0.037006
0.019384
0.034923
0.022213
0.034702
0.024482
0.034556
0.032511
0.029019
0.068843
0.021522
0.027710
0.053272
0.038741
0.035600
0.049614
0.045299
0.048216
0.045806
0.021239
0.011257
0.019530
0.032074
0.033765
0.042595
0.027713
0.055621
0.023185
0.064730
0.024910
0.012921
0.016038
0.034591
0.036508
0.033703
0.029476
0.026646
0.022274
0.070243
0.026515
0.049020
0.032395
0.077035
0.079168
0.025004
0.025001
0.022184
0.062422
0.055961
0.024018
0.054648
0.061622
0.031410
0.056185
0.059950
0.054981
0.033673
0.014392
0.022642
0.039636
0.032471
0.048514
0.018809
0.014788
0.028307
0.052802
0.025247
0.063997
0.031129
0.050820
0.027746
0.054620
0.056073
0.047801
0.041476
0.047921
0.043226
0.035665
0.042441
0.055556
0.066175
0.060062
0.049691
0.019392
0.020757
0.022082
0.025110
0.015234
0.036003
0.013413
0.036568
0.029979
0.023060
0.044230
0.046538
0.031789
0.079305
0.048988
0.066250
0.030667
0.038766
0.023546
0.017745
0.026093
0.053129
0.051042
0.045603
0.044734
0.022556
0.068558
0.031001
0.026625
0.061532
0.070960
0.044419
0.062703
0.063495
0.034627
0.019829
0.040550
0.073186
0.050006
0.018263
0.014483
0.011514
0.012231
0.028671
0.017268
0.023444
0.065713
0.059456
0.050602
0.029321
0.070695
0.051939
0.039030
0.014415
0.023886
0.025051
0.043740
0.027086
0.048231
0.065828
0.067179
0.063418
0.041615
0.071365
0.091288
0.049826
0.079796
0.068773
0.026608
0.053052
0.052502
0.053446
0.069043
0.029532
0.024316
0.035951
0.062443
0.041043
0.031222
0.051773
0.029593
0.035062
0.028997
0.039297
0.038366
0.035228
0.023325
0.022398
0.025660
0.032144
0.038450
0.035553
0.074443
0.039382
0.031884
0.017699
0.057428
0.056641
0.024479
0.022173
0.019430
0.037877
0.070106
0.027874
0.065818
0.059944
0.024907
0.040171
0.045348
0.061438
0.026546
0.038029
0.051990
0.056285
0.038049
0.037368
0.033711
0.071178
0.086849
0.047128
0.036809
0.050912
0.021719
0.070556
0.028466
0.076181
0.037472
0.020881
0.051883
0.072822
0.025668
0.022423
0.039352
0.048854
0.050836
0.043442
0.024688
0.039809
0.050398
0.055807
0.033856
0.025048
0.075144
0.020632
0.020314
0.048238
0.021013
0.041094
0.020170
0.020942
0.041175
0.020573
0.020244
0.016794
0.017941
0.030600
0.033549
0.030054
0.030084
0.048968
0.033581
0.042742
0.036844
0.031012
0.018686
0.055079
0.053563
0.026072
0.030122
0.023537
0.013877
0.021994
0.029258
0.067083
0.056686
0.080608
0.039529
0.041591
0.044712
0.041071
0.041299
0.064178
0.017937
0.051141
0.027670
0.036624
0.033777
0.022394
0.022908
0.032881
0.077081
0.080974
0.031655
0.022388
0.053976
0.051234
0.084633
0.031476
0.016944
0.041428
0.038938
0.044429
0.021531
0.012791
0.016668
0.019201
0.029102
0.034296
0.030383
0.053522
0.040011
0.024960
0.052076
0.064108
0.070087
0.035455
0.039526
0.042516
0.029434
0.075748
0.046745
0.079127
0.074680
0.061078
0.050958
0.041683
0.036622
0.038971
0.017607
0.026935
0.031255
0.075224
0.048573
0.024286
0.027491
0.019621
0.021079
0.015112
0.028352
0.057858
0.055885
0.050964
0.022522
0.022229
0.037393
0.019119
0.014578
0.023338
0.045486
0.037600
0.018828
0.017957
0.062479
0.024652
0.038047
0.050338
0.032106
0.046157
0.016816
0.028203
0.017800
0.025968
0.020798
0.029832
0.044115
0.023605
0.031662
0.027178
0.028971
0.031976
0.071898
0.035378
0.033402
0.035006
0.026274
0.034792
0.024222
0.048367
0.014948
0.022648
0.020059
0.014834
0.060079
0.017288
0.041707
0.034684
0.018498
0.068745
0.066805
0.028346
0.035997
0.031931
0.029886
0.049972
0.045352
0.022219
0.026454
0.068659
0.022626
0.036350
0.027675
0.071573
0.068228
0.034513
0.028622
0.035301
0.046358
0.038789
0.033234
0.030738
0.068755
0.049146
0.026889
0.021172
0.024398
0.031225
0.018421
0.018997
0.024472
0.017407
0.031668
0.065914
0.068397
0.061649
0.069658
0.079678
0.061213
0.026995
0.053507
0.054629
0.066972
0.017819
0.049276
0.027402
0.028847
0.061375
0.029768
0.037081
0.031501
0.072046
0.029200
0.029347
0.029183
0.031642
0.070037
0.065440
0.082681
0.075894
0.042053
0.059407
0.062532
0.072036
0.057429
0.061755
0.056577
0.053479
0.022076
0.052253
0.047960
0.063284
0.071292
0.065838
0.021114
0.023972
0.032183
0.051623
0.054935
0.054162
0.032783
0.015740
0.044209
0.045467
0.044561
0.042408
0.028991
0.060953
0.059607
0.023504
0.046112
0.066279
0.026442
0.030048
0.036357
0.042048
0.056767
0.035452
0.022777
0.041892
0.029834
0.051868
0.056392
0.021557
0.043745
0.050767
0.023445
0.034262
0.022951
0.019315
0.055286
0.056503
0.029128
0.047602
0.031085
0.047095
0.059042
0.022535
0.039562
0.022470
0.055884
0.018097
0.051184
0.021078
0.019795
0.021290
0.018809
0.029309
0.050619
0.027833
0.056681
0.057253
0.024213
0.013200
0.047077
0.047048
0.031947
0.030858
0.033132
0.060937
0.036498
0.056181
0.070318
0.028432
0.038415
0.055752
0.055218
0.044352
0.040759
0.054892
0.023646
0.023665
0.030905
0.045828
0.022425
0.043961
0.026321
0.020539
0.047954
0.014883
0.018225
0.022939
0.053801
0.016088
0.019060
0.048307
0.039720
0.020505
0.035764
0.035791
0.019234
0.056424
0.024505
0.058623
0.057266
0.034428
0.027310
0.026192
0.063235
0.077191
0.066887
0.029066
0.049418
0.055677
0.019152
0.026663
0.039711
0.034255
0.089890
0.033397
0.030086
0.053527
0.029783
0.027562
0.015702
0.038867
0.058460
0.025478
0.028400
0.050027
0.066899
0.071443
0.033781
0.012675
0.020678
0.096203
0.035131
0.062912
0.073239
0.033810
0.028650
0.028638
0.021508
0.023096
0.066781
0.070665
0.056929
0.020999
0.035570
0.028224
0.028789
0.028327
0.029534
0.035927
0.029358
0.031269
0.050095
0.030860
0.021901
0.020763
0.043523
0.021937
0.041075
0.035177
0.040714
0.042248
0.074871
0.051973
0.050672
0.053011
0.026600
0.025200
0.059670
0.051430
0.039176
0.037504
0.040185
0.027654
0.065590
0.041355
0.035459
0.052423
0.019149
0.032578
0.029696
0.028880
0.031032
0.030782
0.079043
0.033989
0.028411
0.026831
0.070510
0.071157
0.067078
0.040128
0.116265
0.018026
0.046938
0.043100
0.053727
0.049825
