0.013453
0.017938
0.015463
0.016725
0.014502
0.013183
0.015628
0.004091
0.005109
0.005720
0.014406
0.011781
0.013019
0.006877
0.005493
0.004308
0.004528
0.009322
0.012354
0.012706
0.007032
0.017824
0.010320
0.015810
0.018175
0.012547
0.014834
0.013683
0.016540
0.011995
0.013740
0.013818
0.014687
0.012417
0.015172
0.014306
0.011924
0.003790
0.010308
0.012738
0.016379
0.008511
0.009123
0.005941
0.005297
0.004741
0.004867
0.016972
0.005279
0.007995
0.007643
0.013896
0.016015
0.004462
0.005672
0.005739
0.015266
0.003774
0.008889
0.010697
0.007749
0.011780
0.004547
0.006586
0.005698
0.006985
0.008938
0.003929
0.002487
0.014535
0.006207
0.006966
0.014943
0.003933
0.004764
0.004461
0.004674
0.005581
0.013818
0.006052
0.009342
0.006211
0.005350
0.006268
0.024809
0.011941
0.004524
0.007257
0.005604
0.006116
0.005769
0.006575
0.005175
0.006013
0.008849
0.006498
0.005950
0.005438
0.015635
0.004724
0.006977
0.006330
0.013809
0.005136
0.006443
0.005398
0.005443
0.005451
0.008246
0.011568
0.006426
0.007315
0.012900
0.011939
0.011358
0.006022
0.004854
0.004753
0.007770
0.012380
0.015440
0.005319
0.005694
0.007385
0.005669
0.005250
0.006261
0.006623
0.015329
0.015313
0.015428
0.005885
0.006581
0.003791
0.010995
0.007019
0.005260
0.003838
0.006847
0.004512
0.004276
0.008277
0.007824
0.015310
0.013570
0.015303
0.014765
0.015018
0.005804
0.005764
0.013625
0.013909
0.015293
0.014850
0.014759
0.005598
0.007244
0.009426
0.005694
0.004477
0.015691
0.016583
0.012168
0.017902
0.009514
0.014222
0.006767
0.005215
0.015740
0.006013
0.006603
0.005388
0.005756
0.006815
0.007825
0.015658
0.012653
0.014252
0.015470
0.013860
0.016178
0.005698
0.004686
0.004605
0.004332
0.005398
0.010829
0.012025
0.004463
0.012131
0.005487
0.009793
0.004992
0.007863
0.013267
0.016214
0.011154
0.012426
0.004864
0.004669
0.012389
0.005024
0.009663
0.005069
0.006351
0.004523
0.009906
0.010843
0.003601
0.003728
0.004052
0.004265
0.004007
0.007931
0.005545
0.005905
0.010719
0.006601
0.008240
0.012529
0.006679
0.007304
0.007737
0.006093
0.006989
0.003865
0.004290
0.003579
0.008430
0.003256
0.004029
0.006460
0.010926
0.007823
0.011593
0.013758
0.013853
0.017575
0.016178
0.007269
0.004079
0.004013
0.010090
0.004125
0.005400
0.006204
0.004554
0.007586
0.004861
0.005263
0.004454
0.005839
0.006641
0.011475
0.011121
0.014393
0.005786
0.010939
0.011335
0.010321
0.011008
0.009093
0.011933
0.004412
0.005041
0.009637
0.009860
0.004844
0.015690
0.007823
0.005409
0.006748
0.006676
0.009719
0.008458
0.018068
0.018910
0.005549
0.006339
0.007300
0.005423
0.005944
0.005195
0.006762
0.004123
0.009391
0.020048
0.013093
0.007714
0.007030
0.007860
0.008208
0.005950
0.009337
0.005165
0.015628
0.006123
0.006691
0.005777
0.005662
0.005743
0.005837
0.005900
0.007182
0.011343
0.012313
0.011488
0.003932
0.010513
0.015652
0.011626
0.012523
0.004459
0.005923
0.005973
0.005839
0.004394
0.005521
0.011650
0.012298
0.012150
0.010001
0.017267
0.012505
0.012928
0.015275
0.013291
0.010442
0.012835
0.009317
0.005161
0.004035
0.004045
0.013782
0.012676
0.004790
0.004683
0.015821
0.011257
0.014873
0.013105
0.015576
0.012233
0.010241
0.006547
0.006173
0.008404
0.013574
0.015913
0.014074
0.007357
0.006478
0.006565
0.006709
0.015891
0.017231
0.022904
0.009319
0.007217
0.005121
0.004766
0.005379
0.004040
0.008400
0.005951
0.015244
0.011219
0.004715
0.006217
0.006000
0.005474
0.006394
0.014821
0.013963
0.005463
0.010343
0.013823
0.018538
0.010866
0.012108
0.013180
0.013128
0.011719
0.006110
0.005849
0.006007
0.006055
0.006329
0.006896
0.005874
0.013421
0.019309
0.015047
0.013613
0.013059
0.008887
0.005679
0.004944
0.005033
0.013898
0.012993
0.011063
0.013633
0.005589
0.005554
0.005650
0.015553
0.015095
0.014200
0.011859
0.013145
0.011975
0.011566
0.004833
0.013203
0.012886
0.013481
0.012522
0.012765
0.012538
0.004409
0.004221
0.003891
0.006995
0.004727
0.008039
0.012556
0.010235
0.011423
0.008249
0.004969
0.005301
0.008589
0.003765
0.003269
0.003109
0.010477
0.010160
0.005257
0.004527
0.011539
0.004674
0.011403
0.013128
0.016225
0.014775
0.022319
0.005905
0.012670
0.013244
0.005991
0.012364
0.011914
0.006032
0.005697
0.004441
0.011396
0.004431
0.009432
0.005318
0.017762
0.013532
0.012433
0.011795
0.012554
0.012086
0.011825
0.007328
0.005292
0.006829
0.005289
0.013232
0.013072
0.012776
0.017288
0.010293
0.004347
0.009904
0.008694
0.006367
0.018502
0.004857
0.007472
0.004633
0.015459
0.013874
0.005940
0.006499
0.013600
0.018285
0.016583
0.005262
0.012822
0.012215
0.025500
0.007880
0.004316
0.006105
0.007428
0.011601
0.012262
0.017457
0.018226
0.008617
0.016219
0.009776
0.004670
0.008628
0.005688
0.006239
0.008045
0.005507
0.006509
0.012083
0.004591
0.012412
0.003485
0.004276
0.010604
0.009671
0.012943
0.004433
0.006542
0.008344
0.011569
0.005146
0.010877
0.013861
0.014107
0.010319
0.011267
0.004244
0.012477
0.006912
0.006714
0.007177
0.014975
0.006257
0.006866
0.014079
0.025718
0.004808
0.011751
0.009175
0.004530
0.006677
0.004549
0.004765
0.004546
0.004252
0.010236
0.006337
0.016172
0.004196
0.004691
0.004327
0.004369
0.004503
0.009962
0.003947
0.005083
0.003824
0.004673
0.008137
0.006066
0.005736
0.006538
0.004884
0.003845
0.003972
0.014910
0.014221
0.012566
0.007571
0.008077
0.009184
0.016237
0.016479
0.006098
0.005805
0.005772
0.012570
0.011518
0.004967
0.007810
0.005458
0.013062
0.012643
0.005833
0.007948
0.005529
0.008883
0.012522
0.010412
0.004955
0.004828
0.007522
0.008306
0.005984
0.007316
0.008537
0.010011
0.005155
0.008554
0.006228
0.004873
0.005794
0.005547
0.011516
0.016854
0.013317
0.012825
0.011423
0.012306
0.003983
0.004910
0.013515
0.014507
0.009669
0.004983
0.005365
0.004527
0.010459
0.011099
0.008948
0.010817
0.010978
0.011634
0.005126
0.006596
0.005446
0.010923
0.006792
0.007378
0.010774
0.004821
0.014903
0.006190
0.009926
0.009036
0.004558
0.004788
0.005478
0.007859
0.006178
0.008351
0.014420
0.009773
0.009869
0.005360
0.005286
0.006759
0.008602
0.008118
0.018472
0.013325
0.016413
0.006204
0.017547
0.005341
0.013662
0.005108
0.004339
0.009771
0.010863
0.008699
0.006953
0.009714
0.006950
0.007340
0.005159
0.005540
0.007555
0.012201
0.016908
0.004790
0.005376
0.005084
0.004731
0.003889
0.011046
0.007445
0.017010
0.019391
0.006909
0.006607
0.016144
0.010180
0.007837
0.013237
0.005062
0.007755
0.010959
0.010734
0.008773
0.010591
0.013990
0.019137
0.007908
0.005636
0.009620
0.016353
0.020626
0.017244
0.017600
0.019695
0.008289
0.013549
0.005510
0.007158
0.007927
0.008191
0.007249
0.006950
0.011216
0.006190
0.012674
0.019270
0.016999
0.017740
0.010851
0.005293
0.008149
0.006312
0.008274
0.012518
0.005473
0.006913
0.006093
0.025647
0.005354
0.005209
0.011976
0.004335
0.005128
0.005506
0.005850
0.005255
0.005992
0.009625
0.006044
0.006869
0.005755
0.006670
0.007558
0.006426
0.004281
0.015827
0.019584
0.006732
0.007183
0.009688
0.016917
0.004563
0.007173
0.003912
0.004228
0.004674
0.004290
0.007648
0.014197
0.005085
0.007307
0.004677
0.006780
0.007075
0.015304
0.016102
0.012195
0.011202
0.012375
0.004373
0.005929
0.007155
0.006994
0.005775
0.010813
0.011766
0.014978
0.013442
0.012247
0.005418
0.005820
0.015562
0.014756
0.013836
0.005323
0.006169
0.007277
0.005486
0.006075
0.016414
0.016245
0.015038
0.007875
0.015916
0.006971
0.011533
0.013419
0.013926
0.007481
0.011808
0.005434
0.009418
0.007310
0.005012
0.022185
0.013404
0.013626
0.015391
0.012864
0.014567
0.014517
0.004540
0.005841
0.011410
0.004568
0.010714
0.016724
0.012031
0.011958
0.004744
0.004868
0.012586
0.013241
0.009953
0.004155
0.007891
0.016894
0.014145
0.017472
0.011460
0.005499
0.009884
0.004029
0.011764
0.004372
0.004609
0.004713
0.005546
0.012073
0.006562
0.005040
0.014184
0.009196
0.010784
0.015577
0.015832
0.018529
0.007503
0.004688
0.005767
0.005128
0.016185
0.014046
0.016037
0.006029
0.010928
0.004516
0.004700
0.005389
0.004039
0.013511
0.004935
0.007944
0.014602
0.010432
0.015211
0.004478
0.004833
0.006159
0.006729
0.005642
0.006626
0.014983
0.015553
0.004053
0.013250
0.005554
0.004399
0.004379
0.011033
0.007050
0.006331
0.007399
0.012274
0.018068
0.020049
0.006789
0.010465
0.008165
0.004740
0.004767
0.003898
0.005167
0.003980
0.004558
0.003664
0.004443
0.003359
0.009290
0.007734
0.009759
0.008036
0.005140
0.004443
0.004544
0.012429
0.007539
0.006726
0.005322
0.004603
0.005558
0.011649
0.018655
0.012467
0.006524
0.004965
0.011011
0.009436
0.009297
0.004259
0.004337
0.003166
0.005226
0.004684
0.004773
0.008820
0.004655
0.003941
0.007172
0.005507
0.006395
0.004831
0.011367
0.012219
0.006614
0.005428
0.011530
0.016034
0.004322
0.009876
0.005679
0.006813
0.006424
0.006517
0.005133
0.004518
0.005006
0.005979
0.005983
0.006190
0.006916
0.005609
0.005651
0.004434
0.006335
0.005852
0.010777
0.013313
0.017579
0.011094
0.013265
0.004962
0.005286
0.005093
0.011822
0.020615
0.012808
0.006122
0.011220
0.004502
0.004643
0.007795
0.010970
0.012029
0.004533
0.007762
0.009659
0.016127
0.011975
0.005674
0.004291
0.005140
0.007251
0.004872
0.005997
0.005394
0.005403
0.012162
0.016765
0.005965
0.004825
0.005996
0.015160
0.018810
0.010854
0.015245
0.007091
0.007410
