0.002114
0.001622
0.001898
0.001977
0.001818
0.000948
0.000734
0.000623
0.001487
0.000725
0.001745
0.001661
0.001815
0.001681
0.002339
0.001837
0.001839
0.001693
0.001733
0.001937
0.000811
0.000736
0.000902
0.001501
0.000796
0.000621
0.000665
0.000951
0.000672
0.000585
0.000571
0.000550
0.000637
0.002317
0.000947
0.000807
0.000936
0.000804
0.001286
0.000945
0.000702
0.000762
0.000997
0.000799
0.001794
0.001658
0.001812
0.001735
0.001538
0.001621
0.001781
0.001651
0.000627
0.001032
0.002055
0.000878
0.000815
0.000743
0.001167
0.000680
0.000840
0.000788
0.002749
0.000862
0.000775
0.000710
0.000674
0.000656
0.000690
0.000762
0.002111
0.000780
0.002572
0.000772
0.000794
0.000916
0.000837
0.000767
0.000741
0.001106
0.000701
0.001642
0.001256
0.001485
0.000693
0.001583
0.000748
0.000772
0.001181
0.001832
0.000762
0.001715
0.000800
0.000906
0.000709
0.000685
0.000621
0.000728
0.001572
0.002789
0.001846
0.000724
0.000810
0.000753
0.001881
0.002042
0.000813
0.000736
0.001681
0.001042
0.000721
0.000715
0.000923
0.000823
0.000951
0.001180
0.001445
0.000759
0.001610
0.001746
0.000979
0.000735
0.002095
0.001804
0.000807
0.001861
0.001915
0.001726
0.001833
0.001694
0.001821
0.001747
0.000953
0.001537
0.000685
0.001146
0.001754
0.001416
0.000970
0.001427
0.001704
0.001500
0.001574
0.000884
0.001602
0.001823
0.001544
0.000680
0.001578
0.001709
0.001866
0.001840
0.000639
0.000726
0.001691
0.000718
0.000690
0.000655
0.000613
0.000701
0.000927
0.000793
0.000681
0.001851
0.001515
0.001489
0.000700
0.000930
0.000689
0.000958
0.000930
0.001519
0.001527
0.001589
0.000614
0.000681
0.000756
0.000772
0.001845
0.000865
0.000719
0.000745
0.000718
0.001890
0.002177
0.000747
0.000782
0.000972
0.000898
0.000759
0.001121
0.001825
0.000589
0.000657
0.001423
0.000598
0.000887
0.000688
0.000910
0.000737
0.001715
0.001496
0.001453
0.001836
0.000713
0.001150
0.000822
0.000775
0.000852
0.000737
0.001170
0.001265
0.000735
0.001916
0.000770
0.000944
0.000962
0.000833
0.001676
0.001750
0.001717
0.001635
0.001840
0.002067
0.000883
0.000669
0.000707
0.001053
0.000680
0.000806
0.001855
0.000796
0.000782
0.000751
0.001918
0.002230
0.001683
0.000890
0.000773
0.000798
0.001084
0.000823
0.000831
0.000779
0.000762
0.000881
0.000852
0.000835
0.001719
0.002069
0.000630
0.000793
0.001848
0.000753
0.000677
0.001176
0.000719
0.000751
0.000884
0.000754
0.000961
0.000818
0.001234
0.000782
0.001745
0.001829
0.001850
0.001780
0.001802
0.001007
0.003476
0.001923
0.000738
0.001702
0.000976
0.001050
0.001056
0.001535
0.003689
0.001582
0.000831
0.001719
0.000837
0.001709
0.001723
0.001654
0.001844
0.000900
0.001849
0.000734
0.001628
0.001811
0.001786
0.000902
0.001030
0.000794
0.001782
0.001515
0.000737
0.001070
0.001160
0.000724
0.000722
0.000803
0.001539
0.001681
0.000745
0.000786
0.000751
0.001752
0.001775
0.000758
0.001693
0.000833
0.000804
0.002308
0.001715
0.001758
0.001790
0.000769
0.000737
0.000837
0.000794
0.001792
0.001652
0.002475
0.000805
0.000779
0.001850
0.001700
0.000708
0.000900
0.001808
0.002122
0.000711
0.000955
0.001666
0.001744
0.000883
0.001756
0.001808
0.001658
0.001679
0.000745
0.001699
0.001180
0.000886
0.001348
0.001526
0.001934
0.001462
0.001505
0.001391
0.001114
0.001390
0.001397
0.002053
0.001495
0.001561
0.000723
0.001838
0.001508
0.001725
0.001643
0.001472
0.001543
0.001762
0.000681
0.000657
0.000672
0.000784
0.000724
0.000637
0.000687
0.000865
0.001797
0.000818
0.002039
0.000776
0.000771
0.000735
0.000624
0.002004
0.001694
0.001854
0.000847
0.001090
0.000768
0.000792
0.001363
0.001394
0.001836
0.002012
0.001786
0.001794
0.001751
0.001672
0.000819
0.000676
0.001564
0.001759
0.001584
0.001681
0.000728
0.000740
0.000604
0.000607
0.000741
0.000721
0.000707
0.001458
0.001590
0.001320
0.000734
0.001204
0.001358
0.002275
0.001735
0.001797
0.003540
0.000959
0.000703
0.002181
0.001974
0.001477
0.001793
0.000819
0.000777
0.001856
0.000760
0.000751
0.001771
0.001708
0.001890
0.002135
0.001533
0.001688
0.001223
0.001084
0.001926
0.003739
0.001038
0.002554
0.001864
0.001711
0.002247
0.001040
0.001810
0.001735
0.001444
0.001773
0.000876
0.001626
0.000709
0.000847
0.000776
0.001092
0.001730
0.001656
0.001842
0.001761
0.001892
0.001757
0.002235
0.001831
0.001840
0.000778
0.000791
0.000905
0.000820
0.000731
0.001502
0.001815
0.004047
0.002211
0.001620
0.001888
0.001927
0.002251
0.000710
0.000683
0.000673
0.002011
0.001600
0.001549
0.000787
0.002381
0.000837
0.000772
0.000745
0.001756
0.000653
0.000765
0.000649
0.001893
0.001941
0.001819
0.001815
0.001620
0.000930
0.000728
0.000819
0.000668
0.000827
0.000834
0.000885
0.000729
0.000858
0.000868
0.000941
0.001402
0.000865
0.000695
0.000824
0.000698
0.000735
0.001904
0.001789
0.001780
0.001644
0.000926
0.004007
0.000752
0.000665
0.000850
0.002200
0.001071
0.000812
0.000930
0.000771
0.001251
0.000847
0.001836
0.000740
0.001090
0.001862
0.001775
0.001688
0.001763
0.002086
0.000991
0.000770
0.000831
0.001333
0.001520
0.001140
0.000891
0.000914
0.000778
0.000942
0.001430
0.000825
0.002052
0.001494
0.000719
0.001881
0.001653
0.001444
0.000815
0.000762
0.000843
0.001649
0.000968
0.000771
0.002012
0.001889
0.002750
0.001795
0.000822
0.000865
0.000757
0.000775
0.000815
0.001144
0.001682
0.000717
0.000618
0.000747
0.001257
0.000828
0.000593
0.000903
0.000784
0.001808
0.001822
0.000925
0.000967
0.000801
0.001026
0.000991
0.000931
0.001796
0.001859
0.001556
0.000703
0.000629
0.000787
0.000665
0.000986
0.000713
0.002875
0.000667
0.001613
0.002183
0.003249
0.002064
0.001018
0.001042
0.001171
0.002375
0.001619
0.000739
0.001250
0.000648
0.001489
0.000924
0.002097
0.001145
0.000921
0.000611
0.000760
0.001812
0.002249
0.003829
0.001941
0.001210
0.003290
0.001302
0.001964
0.001034
0.001416
0.000966
0.000754
0.001167
0.000650
0.000858
0.001608
0.000901
0.000980
0.002170
0.000701
0.000699
0.000971
0.000846
0.000795
0.000670
0.000906
0.000743
0.000807
0.000927
0.000723
0.001224
0.000834
0.001441
0.000714
0.000715
0.001746
0.001735
0.001866
0.000763
0.000734
0.000800
0.000782
0.000695
0.001430
0.000795
0.000695
0.000890
0.001865
0.001015
0.000806
0.000779
0.001045
0.001022
0.000734
0.000762
0.001699
0.000740
0.000955
0.000758
0.000690
0.001806
0.000951
0.003520
0.000815
0.001162
0.002747
0.000868
0.000815
0.001258
0.000731
0.000863
0.001594
0.000705
0.000713
0.000786
0.000827
0.000812
0.000810
0.000986
0.000939
0.001681
0.001633
0.002102
0.001755
0.001825
0.004072
0.001879
0.000790
0.001787
0.002064
0.000760
0.002069
0.001559
0.002356
0.001792
0.001036
0.001207
0.000882
0.000812
0.000947
0.000851
0.001998
0.001687
0.000812
0.000685
0.000730
0.000728
0.000693
0.001920
0.001821
0.000823
0.000669
0.000810
0.000703
0.000860
0.001320
0.002398
0.002461
0.001857
0.000863
0.000773
0.000777
0.001998
0.001687
0.002220
0.001693
0.001776
0.002023
0.001996
0.001985
0.000944
0.002615
0.003526
0.003613
0.001923
0.001930
0.000643
0.000857
0.000714
0.003426
0.001601
0.000816
0.002494
0.000995
0.000949
0.001036
0.000697
0.000957
0.000908
0.000898
0.001487
0.001724
0.001518
0.002101
0.002101
0.001780
0.000911
0.000871
0.000945
0.000724
0.001685
0.000765
0.000697
0.000714
0.000769
0.001055
0.004271
0.000789
0.000737
0.002027
0.000848
0.000656
0.000670
0.001773
0.000891
0.001744
0.001601
0.001697
0.003605
0.000755
0.001671
0.000936
0.001188
0.000817
0.001761
0.001802
0.001895
0.000948
0.001466
0.001810
0.000805
0.000885
0.000776
0.003078
0.000825
0.000967
0.002399
0.000977
0.001284
0.001999
0.001800
0.001104
0.001760
0.000966
0.000663
0.001220
0.000934
0.001242
0.000930
0.000820
0.000812
0.000742
0.000881
0.000753
0.000780
0.001876
0.001856
0.000773
0.000761
0.000796
0.000708
0.001776
0.001761
0.001909
0.001018
0.000762
0.000951
0.000773
0.000811
0.001968
0.002833
0.001904
0.000830
0.000709
0.001697
0.002482
0.002154
0.001938
0.002576
0.000726
0.000737
0.001249
0.001151
0.000879
0.000982
0.000644
0.000820
0.000734
0.001397
0.001482
0.003034
0.000859
0.000760
0.000922
0.000765
0.001893
0.000880
0.002890
0.000850
0.001742
0.000813
0.001918
0.000783
0.003876
0.002308
0.001754
0.000759
0.002024
0.000851
0.001874
0.001903
0.000772
0.001827
0.001982
0.003337
0.001222
0.000960
0.000805
0.000667
0.001806
0.000672
0.000729
0.000681
0.001763
0.003043
0.001761
0.001867
0.001845
0.002325
0.001813
0.001910
0.000737
0.000734
0.001630
0.004591
0.000940
0.000748
0.001896
0.001083
0.000727
0.000720
0.001496
0.001840
0.000984
0.000739
0.000944
0.000740
0.000945
0.001801
0.000885
0.000685
0.000623
0.001827
0.001956
0.000753
0.001923
0.005050
0.001933
0.001925
0.001970
0.002093
0.000811
0.001438
0.001151
0.001527
0.000802
0.000841
0.000897
0.000789
0.000739
0.000684
0.000635
0.000693
0.001465
0.001766
0.001046
0.001210
0.002136
0.001820
0.000818
0.000757
0.000719
0.003632
0.001806
0.001879
0.000790
0.001734
0.001789
0.002107
0.001828
0.001955
0.000737
0.000721
0.000947
0.001087
0.001462
0.001638
0.000972
0.001716
0.001940
0.000760
0.000734
0.000727
0.000812
0.000916
0.000757
0.000783
0.000812
0.000730
0.000636
0.001155
0.002709
0.000609
0.000771
0.001070
0.000829
0.000940
0.000831
0.000722
