1.0550000000000098e-6
0.0012988649999999993
5.902000000000025e-6
4.925775397159652e-8
4.0877028739606054e-5
3.4083096946983836e-7
9.472000000000053e-6
0.009136372999999998
1.9909000000000066e-5
2.56746534120293e-7
0.00027529837111145547
4.965575952952942e-7
0.00011720700000000007
0.039968014000000045
0.00029261300000000054
3.1579127627306292e-6
0.0011079542947895278
6.752586048495953e-6
0.001395249
0.08656249200000009
0.0023672889999999972
3.667084491613005e-5
0.002233818414628476
5.194430772491843e-5
0.012810679000000014
0.08413394799999994
0.01854181700000001
0.0002109928863965464
0.001765789649013081
0.0002359833889703127
