0.002258
0.001851
0.001966
0.002054
0.002652
0.003754
0.001795
0.002504
0.001942
0.002688
0.002368
0.002152
0.002675
0.002014
0.001942
0.003004
0.001868
0.002024
0.002117
0.001838
0.002118
0.001803
0.002770
0.002039
0.003058
0.003071
0.004105
0.003883
0.002035
0.001642
0.002128
0.003709
0.002049
0.009997
0.002101
0.002257
0.003120
0.003571
0.001687
0.001850
0.001667
0.001784
0.002135
0.001652
0.001961
0.002720
0.003770
0.002455
0.001968
0.002193
0.002294
0.002104
0.002201
0.001905
0.002189
0.001823
0.003923
0.004456
0.001959
0.001746
0.002346
0.001646
0.001610
0.001963
0.003755
0.001953
0.001820
0.002049
0.002060
0.002640
0.002052
0.002734
0.002068
0.002439
0.001866
0.001950
0.002350
0.003025
0.001975
0.003304
0.002496
0.003763
0.001740
0.001975
0.002141
0.003955
0.001707
0.001719
0.001681
0.001868
0.002379
0.001818
0.001934
0.004179
0.003177
0.003360
0.001984
0.002011
0.002019
0.003470
0.001758
0.001782
0.001968
0.001949
0.001739
0.002210
0.003056
0.001898
0.002200
0.002446
0.002168
0.001927
0.001996
0.003294
0.002083
0.002264
0.002554
0.002059
0.002027
0.002193
0.001947
0.002392
0.002094
0.001887
0.001807
0.003508
0.004191
0.003326
0.002410
0.003540
0.004722
0.002153
0.002052
0.001843
0.002524
0.004065
0.002997
0.002808
0.001827
0.001629
0.001919
0.001975
0.002105
0.001810
0.001805
0.001741
0.001680
0.002746
0.002018
0.001855
0.002274
0.002575
0.003612
0.002020
0.001982
0.002266
0.002590
0.003191
0.004086
0.001794
0.001986
0.002248
0.002146
0.002332
0.002334
0.002258
0.004611
0.004699
0.001769
0.003590
0.002987
0.003696
0.002028
0.001809
0.002315
0.003477
0.001808
0.002102
0.002300
0.002527
0.001843
0.002124
0.002064
0.001907
0.002159
0.002268
0.002129
0.001772
0.001801
0.002012
0.003350
0.002160
0.003025
0.002675
0.003071
0.003018
0.004387
0.001701
0.001788
0.003193
0.002259
0.002033
0.001992
0.002137
0.002053
0.002223
0.001959
0.002665
0.003524
0.002367
0.003008
0.003200
0.004372
0.002183
0.001957
0.001955
0.002491
0.001981
0.002301
0.002153
0.001729
0.002387
0.001822
0.002159
0.002460
0.001838
0.001820
0.002265
0.004083
0.002241
0.002177
0.001754
0.002204
0.001881
0.001705
0.001927
0.001870
0.002415
0.001828
0.002145
0.002030
0.002997
0.004294
0.004342
0.005636
0.002345
0.001687
0.002630
0.002078
0.001959
0.002086
0.001830
0.002361
0.002193
0.002006
0.002234
0.002409
0.003679
0.004050
0.001698
0.002541
0.002068
0.001764
0.001771
0.001871
0.002488
0.002827
0.002678
0.001883
0.001988
0.001912
0.005789
0.002010
0.001908
0.001784
0.002366
0.004408
0.004987
0.001809
0.001738
0.002870
0.002812
0.001926
0.002315
0.003809
0.004304
0.002941
0.004187
0.002229
0.002144
0.002947
0.003212
0.002030
0.002958
0.002194
0.002057
0.003041
0.001788
0.001997
0.002420
0.001743
0.002064
0.001821
0.003159
0.002079
0.003505
0.004848
0.004978
0.002109
0.002303
0.003905
0.002093
0.002477
0.002232
0.003451
0.002061
0.002737
0.004070
0.004118
0.004606
0.002894
0.001812
0.001820
0.001674
0.002547
0.003311
0.002430
0.002724
0.001678
0.001687
0.001901
0.001713
0.002622
0.002590
0.002354
0.003702
0.001732
0.002198
0.002749
0.001708
0.001676
0.001777
0.001736
0.002300
0.002462
0.001903
0.002194
0.002499
0.002055
0.002558
0.001802
0.002003
0.001939
0.002473
0.003987
0.004852
0.005502
0.004597
0.004200
0.004589
0.004056
0.004702
0.004065
0.001964
0.002496
0.002808
0.002043
0.001701
0.002363
0.001840
0.002028
0.001888
0.001805
0.002018
0.001687
0.001652
0.002658
0.002001
0.003037
0.003260
0.004140
0.004347
0.001936
0.002408
0.001788
0.001769
0.002008
0.002435
0.001766
0.001824
0.002957
0.002229
0.001898
0.001685
0.001883
0.001912
0.002207
0.002073
0.001682
0.001930
0.001955
0.001950
0.002018
0.002195
0.003011
0.002868
0.002525
0.004675
0.002018
0.001894
0.002353
0.004634
0.002009
0.002342
0.002038
0.002762
0.001625
0.002434
0.003172
0.002831
0.004495
0.002731
0.002134
0.002659
0.002632
0.001636
0.001971
0.002204
0.003887
0.003031
0.002989
0.002171
0.002043
0.002332
0.003299
0.004104
0.002088
0.003721
0.002378
0.002366
0.001904
0.002072
0.002377
0.001720
0.003937
0.002726
0.005336
0.002523
0.002722
0.001904
0.002120
0.002363
0.002762
0.003787
0.001975
0.004099
0.003351
0.002081
0.002000
0.002301
0.001958
0.002584
0.001796
0.001802
0.002336
0.002170
0.002167
0.001829
0.001838
0.001777
0.001715
0.001781
0.002175
0.002688
0.004350
0.004883
0.004348
0.003824
0.002229
0.001792
0.001857
0.002964
0.002595
0.001786
0.001748
0.002049
0.002184
0.001973
0.001965
0.001934
0.002319
0.001788
0.001765
0.002132
0.001552
0.003766
0.002616
0.002329
0.001966
0.001649
0.002349
0.001919
0.001794
0.002330
0.001867
0.002077
0.001646
0.002107
0.002065
0.001790
0.001852
0.002218
0.002007
0.001737
0.001820
0.003879
0.002207
0.001956
0.002016
0.001846
0.002408
0.002360
0.001837
0.002087
0.001984
0.002658
0.002191
0.002543
0.002238
0.002544
0.002289
0.001940
0.002061
0.002479
0.001908
0.001921
0.002073
0.002766
0.002253
0.002266
0.002727
0.002470
0.002279
0.002067
0.002006
0.003076
0.002386
0.002127
0.001824
0.002880
0.003865
0.003941
0.001893
0.003374
0.002140
0.002626
0.002106
0.001815
0.001720
0.002134
0.002255
0.004205
0.004539
0.004029
0.002139
0.002171
0.002269
0.002712
0.001754
0.001909
0.001930
0.003454
0.004130
0.004720
0.004279
0.001778
0.001803
0.002567
0.001686
0.001741
0.001682
0.004359
0.004221
0.004353
0.002178
0.001700
0.001923
0.002795
0.002012
0.001819
0.002361
0.001661
0.001906
0.001787
0.001912
0.002720
0.004348
0.004574
0.004963
0.004312
0.001973
0.001765
0.003721
0.002807
0.002072
0.001705
0.001943
0.001726
0.003314
0.001883
0.002937
0.002115
0.002014
0.001967
0.002670
0.003824
0.002139
0.002674
0.003371
0.001919
0.002258
0.003431
0.003030
0.003683
0.003499
0.003090
0.004189
0.003732
0.003655
0.003830
0.004885
0.004604
0.002768
0.003665
0.004203
0.004650
0.001908
0.004700
0.002383
0.002873
0.001884
0.002372
0.002637
0.002999
0.003009
0.001883
0.002576
0.002166
0.003538
0.002685
0.001799
0.001970
0.002119
0.001825
0.001931
0.003257
0.001606
0.002772
0.001806
0.002628
0.002407
0.001778
0.002076
0.001878
0.001747
0.001977
0.001738
0.002994
0.002569
0.002817
0.002855
0.001966
0.002823
0.002822
0.001815
0.001881
0.002685
0.003197
0.003602
0.004120
0.002148
0.003122
0.002277
0.002301
0.002838
0.003162
0.002363
0.003422
0.002462
0.001718
0.001831
0.002011
0.002695
0.001711
0.001759
0.001901
0.002267
0.004147
0.004662
0.004729
0.001835
0.002167
0.004772
0.001937
0.003214
0.002271
0.001958
0.002068
0.001981
0.001795
0.002234
0.001966
0.002840
0.002079
0.003541
0.001966
0.002162
0.001961
0.001921
0.002886
0.002423
0.002386
0.004160
0.003863
0.001960
0.001914
0.004341
0.004392
0.001845
0.003521
0.002002
0.001913
0.001787
0.003457
0.001816
0.002190
0.004551
0.003292
0.002670
0.002876
0.002064
0.004562
0.004735
0.004520
0.004884
0.002981
0.002267
0.001921
0.003334
0.004968
0.004467
0.004344
0.004400
0.002851
0.002554
0.002460
0.002076
0.001932
0.002891
0.003631
0.004829
0.004144
0.004296
0.001812
0.001866
0.002283
0.002462
0.001867
0.002017
0.002223
0.002261
0.002602
0.002500
0.002239
0.001692
0.001675
0.002750
0.001862
0.001653
0.001654
0.002610
0.004093
0.002594
0.004595
0.004636
0.004513
0.004842
0.004522
0.001817
0.002322
0.002165
0.002718
0.003284
0.002237
0.002590
0.002765
0.004524
0.004084
0.002452
0.002765
0.001953
0.002567
0.001845
0.003024
0.001658
0.001916
0.001989
0.002345
0.001624
0.001635
0.001706
0.001771
0.001884
0.002519
0.001752
0.002608
0.002541
0.004388
0.004892
0.004550
0.002040
0.002457
0.003362
0.003265
0.002065
0.003891
0.002014
0.003023
0.003994
0.002883
0.004619
0.001744
0.002817
0.002995
0.003579
0.002343
0.002976
0.004091
0.001761
0.001849
0.002329
0.002588
0.002721
0.002003
0.002251
0.001951
0.001668
0.003013
0.004130
0.004828
0.004335
0.003775
0.001921
0.001768
0.002292
0.003075
0.001953
0.002138
0.001866
0.002097
0.005074
0.002008
0.003421
0.001873
0.002160
0.001975
0.001834
0.002098
0.002077
0.003069
0.002011
0.002381
0.001989
0.002143
0.002460
0.002405
0.001744
0.003110
0.001753
0.002245
0.002562
0.003580
0.004123
0.002281
0.002464
0.001729
0.001866
0.001937
0.002204
0.002981
0.002163
0.001837
0.001968
0.002181
0.002530
0.002028
0.002170
0.001928
0.001810
0.001774
0.001819
0.001884
0.001836
0.002025
0.002857
0.001813
0.001892
0.001971
0.001783
0.002310
0.001908
0.002943
0.002677
0.002498
0.004160
0.001890
0.002034
0.001985
0.001837
0.003200
0.002465
0.003334
0.001887
0.001848
0.001651
0.001802
0.001855
0.002038
0.002458
0.001884
0.002213
0.004289
0.001951
0.001734
0.001766
0.003095
0.003575
0.001736
0.002093
0.001962
0.001920
0.002917
0.002353
0.001784
0.001910
0.001961
0.002184
0.003156
0.001655
0.002162
0.003530
0.003805
0.004251
0.004363
0.004100
0.004647
0.004339
0.004138
0.001853
0.002078
0.002514
0.004775
0.002031
0.001916
0.001793
0.001938
0.002141
0.002070
0.001935
0.002457
0.002057
0.002354
0.001828
0.002049
0.001943
0.003017
0.002450
0.002333
0.002175
0.003199
0.002164
0.002163
0.001972
0.001707
0.001755
0.001916
0.002012
0.002682
0.003459
0.001931
0.002179
0.002739
0.001798
0.001996
0.002022
0.002655
0.002289
0.002358
0.001797
0.002294
