0.001766
0.001748
0.001804
0.001887
0.001777
0.002527
0.002003
0.002051
0.001752
0.002961
0.003585
0.002431
0.004311
0.001730
0.001749
0.001966
0.001796
0.003176
0.001744
0.001774
0.002728
0.001757
0.001673
0.001918
0.002679
0.001736
0.004249
0.004455
0.001769
0.001760
0.001758
0.003645
0.002198
0.002201
0.001755
0.002912
0.003269
0.003183
0.001769
0.001769
0.003687
0.002452
0.001744
0.001757
0.002682
0.002960
0.003391
0.002307
0.001778
0.001755
0.001766
0.001763
0.001781
0.001752
0.002026
0.003320
0.004256
0.004634
0.001770
0.002064
0.002654
0.001744
0.001772
0.001754
0.004278
0.001739
0.001756
0.001763
0.001769
0.002221
0.001770
0.001806
0.002601
0.001744
0.001737
0.001754
0.001959
0.003002
0.001824
0.001757
0.001747
0.004268
0.001716
0.001766
0.001782
0.003948
0.001746
0.001746
0.001746
0.001764
0.002299
0.001766
0.003300
0.004548
0.001763
0.002252
0.001757
0.001750
0.001774
0.003189
0.001749
0.001756
0.001747
0.001779
0.001804
0.001758
0.004267
0.001749
0.001766
0.002442
0.001815
0.001780
0.001887
0.002709
0.002396
0.001803
0.002364
0.001953
0.003993
0.002231
0.001758
0.001796
0.004124
0.001774
0.001755
0.002248
0.004017
0.001763
0.002419
0.003614
0.004525
0.001806
0.002729
0.001762
0.004272
0.004273
0.002355
0.003099
0.001811
0.002086
0.002240
0.001763
0.001748
0.001749
0.001762
0.001777
0.001768
0.004237
0.004255
0.001776
0.001740
0.002220
0.003204
0.001907
0.001760
0.001963
0.002414
0.002849
0.004286
0.001741
0.001759
0.002263
0.001697
0.002040
0.002020
0.003848
0.004243
0.004240
0.001773
0.001910
0.002546
0.003628
0.001743
0.001765
0.001740
0.004201
0.001762
0.001677
0.001693
0.002392
0.001880
0.001945
0.001675
0.001813
0.001776
0.001699
0.002273
0.001762
0.001872
0.002047
0.004228
0.001777
0.002478
0.002689
0.002045
0.002856
0.004228
0.001638
0.001767
0.002570
0.001766
0.004214
0.001764
0.001766
0.001760
0.004422
0.001662
0.002564
0.002979
0.001777
0.002570
0.003164
0.002364
0.001793
0.001754
0.002037
0.002128
0.001805
0.002048
0.001785
0.001739
0.001756
0.001754
0.004155
0.003683
0.001777
0.001665
0.002989
0.004246
0.002926
0.001673
0.001763
0.001745
0.001754
0.001762
0.001755
0.001757
0.002125
0.001754
0.001763
0.001671
0.004218
0.004251
0.004263
0.004251
0.001777
0.001764
0.002104
0.001830
0.001772
0.001977
0.001749
0.001762
0.003036
0.004252
0.001785
0.003008
0.003817
0.004083
0.001784
0.002028
0.001749
0.001811
0.001746
0.001738
0.002107
0.002826
0.002790
0.001739
0.004234
0.002076
0.001928
0.001792
0.001774
0.001759
0.004238
0.004267
0.004237
0.001769
0.001779
0.001773
0.004417
0.001754
0.002121
0.002929
0.004281
0.003403
0.004429
0.001743
0.003461
0.001761
0.003378
0.001744
0.001756
0.001751
0.001950
0.002217
0.001968
0.001756
0.002549
0.001750
0.001744
0.001761
0.001635
0.001760
0.002406
0.004294
0.001777
0.001737
0.003159
0.001747
0.004319
0.002292
0.001745
0.002026
0.001747
0.001786
0.004279
0.004230
0.004264
0.001942
0.001762
0.001801
0.001747
0.002313
0.002043
0.002811
0.002295
0.001851
0.001777
0.001732
0.001689
0.002236
0.002111
0.002142
0.004250
0.001769
0.001630
0.002697
0.001764
0.001862
0.001749
0.001767
0.002234
0.002884
0.001802
0.001757
0.001758
0.001764
0.002022
0.001847
0.001753
0.002051
0.002046
0.004044
0.004279
0.004229
0.004253
0.004281
0.004249
0.004369
0.004339
0.004292
0.002278
0.002270
0.002794
0.002011
0.001778
0.001766
0.001746
0.001753
0.001746
0.001754
0.001760
0.002026
0.001766
0.002118
0.001746
0.002139
0.002857
0.004268
0.004296
0.001822
0.001742
0.001766
0.001738
0.002422
0.002419
0.001767
0.001739
0.001740
0.002231
0.001760
0.001754
0.001750
0.001764
0.002021
0.002037
0.001744
0.001753
0.001785
0.001760
0.001747
0.002100
0.002541
0.001763
0.002477
0.003594
0.001749
0.001772
0.002445
0.004309
0.001746
0.002423
0.001900
0.002506
0.001760
0.002203
0.003258
0.003869
0.004234
0.001750
0.001776
0.002533
0.002956
0.001753
0.001742
0.001753
0.001947
0.002775
0.002960
0.001759
0.001762
0.002416
0.003149
0.004240
0.001744
0.001771
0.002320
0.004265
0.001760
0.001763
0.001821
0.001779
0.001757
0.003439
0.004295
0.001759
0.002422
0.001737
0.001758
0.001758
0.002433
0.003654
0.001742
0.004278
0.004270
0.001653
0.001763
0.001756
0.003939
0.001771
0.001741
0.001741
0.001764
0.001772
0.001760
0.001727
0.001693
0.001750
0.001798
0.001983
0.002034
0.002914
0.004213
0.004300
0.004234
0.004322
0.001741
0.001753
0.001736
0.001824
0.003953
0.001773
0.001779
0.003990
0.003389
0.001762
0.002667
0.001778
0.002213
0.001752
0.001753
0.002338
0.001796
0.004396
0.004304
0.001751
0.003899
0.001751
0.002308
0.001754
0.003535
0.001764
0.001755
0.001757
0.001763
0.002029
0.002015
0.001739
0.001743
0.001746
0.001780
0.001826
0.001763
0.004251
0.003987
0.001776
0.001774
0.001767
0.001782
0.001747
0.001772
0.001766
0.002925
0.001761
0.002133
0.002363
0.001748
0.004439
0.001900
0.001775
0.001760
0.002316
0.001787
0.001771
0.001827
0.002293
0.001864
0.001754
0.002253
0.002088
0.002100
0.001753
0.001746
0.002861
0.001769
0.001773
0.001748
0.002531
0.003012
0.001644
0.001760
0.004326
0.001741
0.001745
0.001744
0.001768
0.001777
0.002215
0.002496
0.004205
0.004263
0.004262
0.001740
0.002035
0.001740
0.003234
0.001753
0.001770
0.001781
0.002990
0.003910
0.004209
0.004363
0.001730
0.001773
0.004100
0.001769
0.001765
0.001770
0.004270
0.004321
0.004433
0.002103
0.001741
0.002144
0.001766
0.001748
0.001636
0.001782
0.001774
0.001759
0.001770
0.001776
0.002222
0.004269
0.004277
0.004442
0.004426
0.001757
0.001747
0.002363
0.001750
0.001746
0.002064
0.001764
0.001832
0.001764
0.001794
0.001783
0.002739
0.001755
0.001750
0.002293
0.003075
0.001791
0.002800
0.002879
0.001751
0.001755
0.002111
0.003566
0.004189
0.002274
0.002056
0.002832
0.004233
0.001737
0.001761
0.004300
0.004295
0.001761
0.002215
0.003830
0.004238
0.001752
0.004247
0.002136
0.003744
0.001756
0.002126
0.002551
0.002715
0.002863
0.001769
0.001776
0.001651
0.001752
0.002121
0.001671
0.001766
0.001653
0.001769
0.001828
0.002213
0.001775
0.001834
0.001742
0.001743
0.002683
0.001740
0.001764
0.002142
0.001771
0.001760
0.001761
0.001644
0.002798
0.002807
0.002528
0.001740
0.002672
0.003015
0.001752
0.001781
0.002511
0.002974
0.003552
0.004303
0.001763
0.002831
0.001739
0.002043
0.002394
0.002332
0.002113
0.002417
0.001753
0.001769
0.001755
0.001761
0.001756
0.001771
0.001743
0.001766
0.002400
0.004292
0.004241
0.004251
0.001759
0.002201
0.003378
0.001792
0.002837
0.001756
0.001755
0.001748
0.002203
0.001718
0.001771
0.002579
0.002617
0.002934
0.003729
0.003863
0.001757
0.001760
0.001640
0.003748
0.001976
0.002027
0.002503
0.001772
0.002689
0.001722
0.004301
0.004271
0.001763
0.004278
0.001763
0.001754
0.001657
0.002910
0.002230
0.002529
0.004305
0.004230
0.002802
0.003916
0.004240
0.004294
0.004273
0.004328
0.004294
0.001764
0.002039
0.002021
0.003283
0.004487
0.004292
0.004254
0.004254
0.001783
0.002364
0.002544
0.001783
0.002280
0.002815
0.003403
0.004280
0.004240
0.004291
0.001709
0.001765
0.001715
0.002311
0.001755
0.001782
0.004268
0.002152
0.002520
0.001759
0.002477
0.001676
0.001744
0.003434
0.001664
0.004262
0.001756
0.002692
0.004211
0.002186
0.004014
0.004261
0.004217
0.004292
0.004207
0.001738
0.001743
0.001770
0.002424
0.003537
0.001638
0.002426
0.002669
0.004286
0.004304
0.002042
0.002548
0.001671
0.001665
0.002171
0.004124
0.001740
0.001766
0.001761
0.002236
0.001762
0.001946
0.001817
0.002308
0.001744
0.001770
0.001756
0.002291
0.004319
0.004342
0.004241
0.004242
0.001748
0.002214
0.002565
0.002981
0.001683
0.002116
0.001635
0.001760
0.004136
0.002678
0.004318
0.001902
0.002380
0.002872
0.003410
0.001768
0.002198
0.003589
0.001742
0.001762
0.001759
0.002424
0.002420
0.001799
0.001766
0.001778
0.001739
0.004204
0.004236
0.004223
0.004386
0.002416
0.001767
0.001776
0.002042
0.002831
0.004275
0.001762
0.001771
0.004298
0.004276
0.001765
0.002486
0.001732
0.003003
0.001835
0.003552
0.001760
0.002161
0.004251
0.001658
0.001758
0.002235
0.001765
0.001810
0.002207
0.001766
0.002234
0.001791
0.001751
0.002288
0.004338
0.004234
0.001769
0.002198
0.001753
0.001780
0.001790
0.001691
0.004286
0.001739
0.001760
0.001751
0.002137
0.002197
0.001795
0.002128
0.001928
0.001767
0.001739
0.001759
0.004248
0.001766
0.001778
0.002190
0.001759
0.001741
0.002210
0.001761
0.001746
0.001645
0.002662
0.002215
0.002190
0.002467
0.001758
0.001757
0.001764
0.002069
0.001829
0.002312
0.003047
0.001757
0.001754
0.001736
0.002072
0.001985
0.002296
0.002486
0.001783
0.003831
0.004570
0.001753
0.001770
0.001732
0.002516
0.002978
0.001760
0.001644
0.001766
0.001915
0.001807
0.002333
0.001770
0.001762
0.001762
0.002136
0.004664
0.001755
0.002316
0.002816
0.003143
0.004259
0.004486
0.004283
0.004234
0.004459
0.004244
0.001746
0.002201
0.002192
0.004246
0.001764
0.001775
0.002335
0.002389
0.001678
0.001795
0.001752
0.001805
0.001882
0.002200
0.001749
0.001759
0.001818
0.004483
0.001781
0.001787
0.002095
0.002224
0.001769
0.002077
0.001771
0.001760
0.001796
0.001729
0.002222
0.001767
0.002044
0.003080
0.001769
0.004281
0.003197
0.001672
0.001771
0.001772
0.002350
0.002565
0.001740
0.002144
