0.000138
0.000138
0.000138
0.000135
0.000137
0.000135
0.000328
0.000164
0.000204
0.000364
0.000142
0.000141
0.000212
0.000141
0.000144
0.000133
0.000140
0.000146
0.000139
0.000142
0.000255
0.000133
0.000195
0.000133
0.000140
0.000345
0.000374
0.000142
0.000236
0.000346
0.000341
0.000342
0.000350
0.000140
0.000142
0.000163
0.000142
0.000143
0.000170
0.000205
0.000143
0.000140
0.000170
0.000140
0.000169
0.000140
0.000129
0.000137
0.000137
0.000138
0.000240
0.000139
0.000139
0.000184
0.000130
0.000141
0.000138
0.000142
0.000128
0.000137
0.000306
0.000328
0.000141
0.000188
0.000138
0.000340
0.000139
0.000141
0.000131
0.000132
0.000138
0.000163
0.000340
0.000142
0.000140
0.000145
0.000296
0.000141
0.000140
0.000141
0.000134
0.000328
0.000144
0.000135
0.000164
0.000327
0.000135
0.000134
0.000134
0.000187
0.000136
0.000126
0.000134
0.000126
0.000135
0.000316
0.000218
0.000128
0.000135
0.000129
0.000137
0.000135
0.000137
0.000137
0.000137
0.000170
0.000131
0.000139
0.000137
0.000138
0.000336
0.000142
0.000139
0.000139
0.000190
0.000138
0.000138
0.000137
0.000140
0.000344
0.000363
0.000139
0.000336
0.000140
0.000159
0.000140
0.000173
0.000185
0.000139
0.000139
0.000136
0.000331
0.000135
0.000324
0.000136
0.000136
0.000134
0.000136
0.000134
0.000141
0.000132
0.000129
0.000136
0.000137
0.000166
0.000342
0.000130
0.000139
0.000147
0.000140
0.000140
0.000136
0.000189
0.000210
0.000342
0.000336
0.000138
0.000137
0.000140
0.000148
0.000140
0.000336
0.000338
0.000184
0.000239
0.000336
0.000169
0.000169
0.000168
0.000140
0.000160
0.000141
0.000141
0.000134
0.000136
0.000129
0.000130
0.000134
0.000136
0.000140
0.000137
0.000137
0.000168
0.000219
0.000247
0.000139
0.000340
0.000144
0.000135
0.000168
0.000135
0.000144
0.000140
0.000182
0.000141
0.000141
0.000141
0.000142
0.000136
0.000155
0.000134
0.000185
0.000136
0.000133
0.000160
0.000140
0.000140
0.000138
0.000139
0.000139
0.000139
0.000140
0.000139
0.000337
0.000132
0.000214
0.000202
0.000238
0.000336
0.000140
0.000204
0.000254
0.000251
0.000142
0.000139
0.000141
0.000136
0.000142
0.000139
0.000169
0.000139
0.000130
0.000136
0.000137
0.000136
0.000138
0.000329
0.000329
0.000129
0.000138
0.000138
0.000138
0.000333
0.000139
0.000139
0.000143
0.000141
0.000192
0.000132
0.000280
0.000133
0.000142
0.000142
0.000142
0.000185
0.000135
0.000126
0.000135
0.000135
0.000219
0.000243
0.000325
0.000126
0.000134
0.000134
0.000135
0.000136
0.000137
0.000166
0.000146
0.000144
0.000145
0.000145
0.000145
0.000142
0.000173
0.000172
0.000306
0.000143
0.000145
0.000152
0.000142
0.000143
0.000142
0.000143
0.000216
0.000165
0.000131
0.000137
0.000140
0.000337
0.000202
0.000311
0.000130
0.000140
0.000339
0.000140
0.000274
0.000334
0.000335
0.000336
0.000138
0.000138
0.000142
0.000141
0.000139
0.000139
0.000137
0.000140
0.000138
0.000200
0.000392
0.000137
0.000140
0.000170
0.000355
0.000355
0.000368
0.000365
0.000376
0.000135
0.000137
0.000135
0.000135
0.000138
0.000135
0.000134
0.000133
0.000136
0.000134
0.000138
0.000330
0.000138
0.000136
0.000138
0.000137
0.000168
0.000137
0.000137
0.000135
0.000136
0.000139
0.000136
0.000137
0.000137
0.000137
0.000135
0.000135
0.000212
0.000136
0.000158
0.000328
0.000138
0.000141
0.000158
0.000160
0.000157
0.000328
0.000331
0.000396
0.000407
0.000346
0.000347
0.000348
0.000348
0.000142
0.000142
0.000180
0.000180
0.000169
0.000143
0.000165
0.000142
0.000143
0.000142
0.000133
0.000143
0.000142
0.000149
0.000139
0.000165
0.000142
0.000186
0.000166
0.000166
0.000293
0.000335
0.000137
0.000146
0.000139
0.000138
0.000331
0.000333
0.000332
0.000138
0.000137
0.000137
0.000138
0.000130
0.000139
0.000139
0.000128
0.000131
0.000137
0.000144
0.000158
0.000159
0.000193
0.000147
0.000138
0.000137
0.000142
0.000139
0.000139
0.000360
0.000194
0.000250
0.000248
0.000139
0.000137
0.000136
0.000136
0.000193
0.000293
0.000138
0.000139
0.000138
0.000256
0.000129
0.000141
0.000138
0.000140
0.000140
0.000137
0.000338
0.000138
0.000138
0.000142
0.000211
0.000129
0.000135
0.000134
0.000136
0.000137
0.000134
0.000186
0.000282
0.000133
0.000138
0.000133
0.000138
0.000140
0.000339
0.000140
0.000132
0.000171
0.000177
0.000337
0.000139
0.000337
0.000138
0.000368
0.000137
0.000136
0.000137
0.000137
0.000131
0.000136
0.000321
0.000350
0.000137
0.000137
0.000137
0.000141
0.000141
0.000143
0.000142
0.000139
0.000141
0.000168
0.000170
0.000170
0.000177
0.000237
0.000140
0.000141
0.000140
0.000140
0.000162
0.000132
0.000176
0.000133
0.000154
0.000142
0.000141
0.000344
0.000224
0.000128
0.000336
0.000138
0.000196
0.000135
0.000135
0.000133
0.000135
0.000135
0.000335
0.000135
0.000133
0.000162
0.000163
0.000328
0.000133
0.000295
0.000133
0.000133
0.000135
0.000135
0.000136
0.000136
0.000176
0.000175
0.000134
0.000133
0.000132
0.000140
0.000138
0.000138
0.000249
0.000182
0.000191
0.000331
0.000140
0.000138
0.000137
0.000165
0.000167
0.000146
0.000139
0.000168
0.000137
0.000141
0.000161
0.000139
0.000138
0.000160
0.000128
0.000138
0.000139
0.000168
0.000166
0.000250
0.000142
0.000135
0.000138
0.000280
0.000278
0.000147
0.000136
0.000353
0.000341
0.000354
0.000137
0.000147
0.000146
0.000147
0.000138
0.000147
0.000249
0.000249
0.000246
0.000323
0.000359
0.000143
0.000141
0.000137
0.000165
0.000136
0.000202
0.000132
0.000190
0.000189
0.000236
0.000283
0.000129
0.000130
0.000139
0.000140
0.000138
0.000138
0.000137
0.000138
0.000334
0.000162
0.000140
0.000139
0.000280
0.000140
0.000132
0.000131
0.000138
0.000146
0.000142
0.000132
0.000141
0.000131
0.000142
0.000150
0.000141
0.000140
0.000142
0.000340
0.000366
0.000350
0.000330
0.000329
0.000328
0.000130
0.000136
0.000137
0.000128
0.000330
0.000171
0.000354
0.000142
0.000232
0.000201
0.000130
0.000136
0.000139
0.000137
0.000250
0.000139
0.000182
0.000138
0.000137
0.000137
0.000170
0.000255
0.000141
0.000141
0.000165
0.000141
0.000134
0.000341
0.000342
0.000340
0.000142
0.000342
0.000343
0.000335
0.000130
0.000136
0.000327
0.000166
0.000165
0.000137
0.000137
0.000137
0.000167
0.000139
0.000137
0.000136
0.000129
0.000127
0.000129
0.000136
0.000135
0.000170
0.000164
0.000144
0.000170
0.000145
0.000136
0.000143
0.000144
0.000234
0.000146
0.000143
0.000140
0.000142
0.000236
0.000138
0.000138
0.000139
0.000140
0.000138
0.000138
0.000191
0.000140
0.000141
0.000137
0.000141
0.000147
0.000134
0.000126
0.000134
0.000185
0.000135
0.000163
0.000134
0.000137
0.000384
0.000332
0.000382
0.000319
0.000326
0.000134
0.000161
0.000143
0.000134
0.000134
0.000146
0.000200
0.000150
0.000143
0.000220
0.000143
0.000145
0.000387
0.000144
0.000142
0.000142
0.000141
0.000141
0.000344
0.000143
0.000342
0.000142
0.000345
0.000338
0.000416
0.000141
0.000333
0.000138
0.000129
0.000140
0.000334
0.000138
0.000139
0.000140
0.000131
0.000338
0.000335
0.000334
0.000338
0.000343
0.000137
0.000138
0.000335
0.000333
0.000141
0.000142
0.000162
0.000282
0.000333
0.000140
0.000130
0.000140
0.000191
0.000193
0.000325
0.000338
0.000184
0.000184
0.000189
0.000147
0.000145
0.000146
0.000211
0.000148
0.000147
0.000138
0.000146
0.000148
0.000145
0.000148
0.000148
0.000352
0.000147
0.000145
0.000146
0.000176
0.000174
0.000175
0.000138
0.000140
0.000141
0.000139
0.000131
0.000143
0.000145
0.000139
0.000141
0.000211
0.000211
0.000139
0.000135
0.000333
0.000137
0.000138
0.000128
0.000218
0.000155
0.000125
0.000134
0.000133
0.000206
0.000320
0.000326
0.000134
0.000210
0.000327
0.000126
0.000132
0.000134
0.000140
0.000142
0.000363
0.000143
0.000144
0.000134
0.000136
0.000331
0.000321
0.000353
0.000331
0.000326
0.000135
0.000176
0.000136
0.000135
0.000339
0.000127
0.000157
0.000263
0.000127
0.000135
0.000173
0.000143
0.000133
0.000177
0.000176
0.000142
0.000330
0.000317
0.000231
0.000234
0.000138
0.000135
0.000135
0.000127
0.000130
0.000136
0.000135
0.000141
0.000138
0.000137
0.000140
0.000342
0.000343
0.000347
0.000341
0.000337
0.000340
0.000337
0.000143
0.000139
0.000227
0.000337
0.000142
0.000141
0.000181
0.000142
0.000137
0.000137
0.000329
0.000138
0.000137
0.000129
0.000175
0.000247
0.000260
0.000138
0.000176
0.000137
0.000174
0.000331
0.000213
0.000136
0.000136
0.000138
0.000139
0.000136
0.000138
0.000129
0.000137
0.000174
0.000134
0.000142
0.000143
0.000144
0.000142
0.000165
0.000142
0.000140
0.000141
0.000134
0.000141
0.000196
0.000142
0.000141
0.000142
0.000126
0.000125
0.000135
0.000334
0.000138
0.000148
0.000138
0.000138
0.000145
0.000140
0.000138
0.000176
0.000181
0.000237
0.000145
0.000185
0.000181
0.000248
0.000134
0.000143
0.000143
0.000144
0.000135
0.000145
0.000134
0.000143
0.000142
0.000143
0.000144
0.000144
0.000144
0.000129
0.000137
0.000128
0.000129
0.000139
0.000136
0.000138
0.000137
0.000191
0.000137
0.000137
0.000129
0.000160
0.000160
0.000182
0.000140
0.000159
0.000136
0.000129
0.000138
0.000130
0.000138
0.000148
0.000136
0.000128
0.000136
0.000135
0.000140
0.000128
0.000137
0.000136
0.000144
0.000137
0.000201
0.000136
0.000136
0.000136
0.000139
0.000332
0.000136
0.000136
0.000202
0.000197
0.000199
0.000172
0.000330
0.000339
0.000331
0.000327
0.000329
0.000131
0.000136
0.000367
0.000362
0.000150
0.000152
