0.001735
0.001774
0.001770
0.001780
0.001697
0.001779
0.001751
0.002072
0.001744
0.002672
0.001747
0.001817
0.002498
0.001705
0.001802
0.001784
0.001752
0.002344
0.001755
0.001807
0.001766
0.001817
0.001773
0.001777
0.001901
0.001752
0.004264
0.004294
0.001766
0.001817
0.001760
0.003714
0.002051
0.002144
0.001818
0.002079
0.002887
0.003267
0.001795
0.001894
0.001795
0.001792
0.001759
0.001761
0.001776
0.002701
0.003383
0.002367
0.001682
0.001774
0.001760
0.001776
0.001733
0.001829
0.001992
0.001732
0.004117
0.004180
0.004180
0.001880
0.002469
0.001873
0.001905
0.001937
0.004495
0.001765
0.001858
0.003755
0.001870
0.001826
0.001862
0.001849
0.001703
0.001704
0.001702
0.001713
0.004129
0.001700
0.001722
0.001711
0.001842
0.004371
0.001798
0.001857
0.001849
0.004152
0.001861
0.001857
0.001914
0.001673
0.001797
0.001789
0.004324
0.004638
0.001800
0.001785
0.001673
0.001782
0.001788
0.003279
0.001794
0.001785
0.001825
0.001813
0.001738
0.001719
0.004237
0.001741
0.001718
0.002271
0.001741
0.001784
0.001776
0.001753
0.002420
0.001750
0.002338
0.001907
0.004177
0.001917
0.001661
0.001656
0.001792
0.001750
0.001756
0.002149
0.003928
0.001663
0.002438
0.002688
0.004255
0.001809
0.001771
0.001760
0.004114
0.004513
0.001763
0.002321
0.001749
0.001741
0.001752
0.004255
0.004232
0.001738
0.004313
0.001730
0.001749
0.001772
0.001785
0.001711
0.001764
0.002285
0.003216
0.001769
0.001776
0.001656
0.002191
0.003070
0.003277
0.001655
0.001674
0.002150
0.001690
0.002076
0.002064
0.001805
0.004392
0.004384
0.001816
0.001808
0.002652
0.003287
0.001804
0.001805
0.001833
0.001826
0.001747
0.001771
0.001677
0.002200
0.004314
0.001757
0.001745
0.001714
0.001670
0.001732
0.001853
0.001663
0.001768
0.002026
0.002700
0.003063
0.002421
0.002690
0.002037
0.002656
0.002440
0.001685
0.001749
0.001925
0.001764
0.001756
0.001750
0.001771
0.001775
0.004292
0.001785
0.001776
0.002813
0.001766
0.002597
0.003334
0.004289
0.001771
0.001764
0.001765
0.002058
0.001773
0.002030
0.003783
0.001754
0.001767
0.001749
0.001745
0.001760
0.001751
0.001761
0.001853
0.004284
0.004276
0.001772
0.001655
0.001758
0.001775
0.001840
0.001694
0.001697
0.002118
0.001818
0.002789
0.001820
0.004423
0.004414
0.004586
0.004533
0.001735
0.001852
0.002212
0.001782
0.001809
0.001802
0.001769
0.001784
0.001857
0.003495
0.001758
0.002417
0.003379
0.003914
0.002861
0.001755
0.001754
0.001754
0.001756
0.001745
0.001751
0.002821
0.002821
0.001718
0.001770
0.001735
0.002329
0.001764
0.001667
0.001862
0.002380
0.004358
0.004352
0.001793
0.004357
0.001790
0.002898
0.001676
0.002191
0.002829
0.004333
0.003676
0.003865
0.003945
0.004484
0.001787
0.002741
0.001672
0.001789
0.001811
0.001790
0.002257
0.001797
0.002113
0.002315
0.001691
0.001773
0.001784
0.001790
0.001860
0.002474
0.004473
0.004326
0.004310
0.003283
0.001786
0.004321
0.002089
0.001721
0.002009
0.001733
0.001717
0.004213
0.004256
0.004357
0.001789
0.001793
0.001791
0.001790
0.002085
0.001798
0.002078
0.001799
0.001756
0.001754
0.001763
0.001757
0.001758
0.004010
0.001754
0.004299
0.003452
0.001759
0.002218
0.001779
0.003320
0.001758
0.001785
0.002273
0.004122
0.001747
0.001769
0.001649
0.001680
0.002082
0.001776
0.001766
0.001765
0.002043
0.002055
0.004304
0.004423
0.004280
0.004312
0.004306
0.004285
0.004304
0.004250
0.001757
0.002210
0.002820
0.001755
0.001764
0.001656
0.001730
0.001758
0.001755
0.001760
0.001750
0.001763
0.001761
0.001835
0.001760
0.002205
0.002672
0.004477
0.004091
0.001810
0.001815
0.001854
0.001818
0.002319
0.002390
0.001817
0.001811
0.001817
0.001809
0.001810
0.001819
0.001829
0.001895
0.002075
0.002183
0.001750
0.001751
0.001776
0.001634
0.001776
0.001775
0.002278
0.001783
0.002454
0.003250
0.001880
0.001771
0.004346
0.004327
0.001740
0.002413
0.001741
0.002410
0.001746
0.002200
0.002409
0.001755
0.004439
0.003869
0.001754
0.002431
0.002557
0.001742
0.001738
0.001745
0.001745
0.002685
0.002994
0.001735
0.001740
0.002394
0.002954
0.003961
0.001620
0.001733
0.002703
0.001812
0.001765
0.001778
0.001758
0.001786
0.001754
0.004453
0.004278
0.001760
0.001721
0.003988
0.001757
0.001768
0.002310
0.003653
0.001719
0.004288
0.004279
0.001616
0.001736
0.001727
0.001736
0.004083
0.001732
0.001610
0.001730
0.001733
0.003524
0.001754
0.001657
0.001780
0.001709
0.001761
0.002038
0.002570
0.004313
0.004293
0.004269
0.004291
0.001752
0.001838
0.001794
0.001837
0.001847
0.001848
0.001849
0.003768
0.001829
0.001837
0.001874
0.002527
0.002321
0.001748
0.001755
0.001829
0.001771
0.004251
0.001756
0.001750
0.004271
0.001757
0.002228
0.001751
0.001771
0.001766
0.001639
0.001752
0.001760
0.002027
0.002030
0.001641
0.001750
0.001620
0.001713
0.001697
0.001707
0.004065
0.001693
0.001701
0.003613
0.001702
0.002240
0.004144
0.001706
0.001752
0.001782
0.001770
0.001765
0.002306
0.001754
0.001768
0.001765
0.001757
0.001754
0.001791
0.001789
0.001779
0.001804
0.002336
0.001761
0.001792
0.002027
0.001969
0.002166
0.001800
0.001788
0.002669
0.001805
0.001794
0.001740
0.002516
0.002704
0.001755
0.001743
0.004236
0.001742
0.001729
0.001736
0.001764
0.001874
0.001736
0.002193
0.003870
0.004273
0.004230
0.001724
0.002028
0.001653
0.003736
0.001723
0.001741
0.001733
0.002507
0.003601
0.004277
0.004190
0.001799
0.001786
0.002247
0.001783
0.001793
0.001782
0.002261
0.004362
0.004364
0.001882
0.001655
0.003126
0.001744
0.001739
0.001626
0.001735
0.001758
0.001741
0.001755
0.001743
0.001751
0.004278
0.004260
0.004280
0.004259
0.001770
0.001767
0.001759
0.001643
0.001777
0.001772
0.001761
0.001761
0.001721
0.002499
0.001728
0.004197
0.001731
0.001730
0.002289
0.002582
0.001715
0.002598
0.003372
0.001772
0.001721
0.002058
0.003276
0.003580
0.001722
0.001716
0.001993
0.004211
0.001733
0.001762
0.004685
0.004175
0.001724
0.001945
0.003577
0.004162
0.001728
0.004198
0.002029
0.004239
0.003159
0.002097
0.002414
0.002633
0.002621
0.001730
0.001728
0.001717
0.001718
0.002077
0.001730
0.001676
0.001651
0.001853
0.001763
0.002267
0.001783
0.002137
0.001774
0.001786
0.002141
0.001854
0.002097
0.001858
0.002224
0.001848
0.001856
0.001865
0.002041
0.003003
0.002834
0.001789
0.002524
0.002726
0.001786
0.001756
0.002456
0.002740
0.003283
0.003809
0.001692
0.004332
0.001668
0.002096
0.002241
0.002538
0.002234
0.002473
0.001829
0.001867
0.001836
0.001840
0.001834
0.001830
0.001831
0.002079
0.001996
0.004466
0.004447
0.004485
0.001836
0.001879
0.003329
0.001856
0.001798
0.001804
0.001808
0.001858
0.001802
0.001717
0.001748
0.001786
0.002619
0.001793
0.004405
0.001788
0.003321
0.001786
0.001791
0.001803
0.001793
0.002088
0.003163
0.001760
0.001779
0.003007
0.004494
0.004286
0.001757
0.004316
0.001782
0.001742
0.001665
0.004429
0.001805
0.003352
0.004346
0.001783
0.003477
0.001814
0.001778
0.002595
0.004333
0.004550
0.004592
0.001822
0.001877
0.002102
0.003087
0.004468
0.004470
0.004450
0.004671
0.001816
0.002245
0.002748
0.001849
0.001813
0.002507
0.002924
0.004240
0.004456
0.004453
0.001828
0.001702
0.001711
0.002053
0.001651
0.001644
0.004289
0.001825
0.002560
0.001753
0.001779
0.001788
0.001794
0.001825
0.001782
0.001811
0.003594
0.002742
0.002742
0.002049
0.003680
0.004176
0.004213
0.004201
0.004208
0.001729
0.003604
0.001720
0.002126
0.002826
0.001752
0.002459
0.002424
0.003923
0.004251
0.002032
0.002235
0.001672
0.001772
0.001768
0.002312
0.001756
0.001917
0.001793
0.001791
0.001799
0.001749
0.001761
0.001783
0.001750
0.001668
0.001769
0.002208
0.003439
0.004292
0.004259
0.004270
0.001709
0.002196
0.002212
0.002868
0.001759
0.001708
0.001748
0.001759
0.001755
0.002406
0.004274
0.001754
0.002044
0.003081
0.003175
0.001748
0.001775
0.003606
0.001791
0.001740
0.001785
0.001837
0.002476
0.001774
0.001763
0.001782
0.001769
0.001769
0.003840
0.004502
0.004294
0.002321
0.001768
0.001731
0.001769
0.002504
0.001766
0.003314
0.001774
0.001790
0.003976
0.001819
0.002358
0.001797
0.001777
0.001669
0.001812
0.001879
0.001794
0.001787
0.001792
0.001680
0.001825
0.001771
0.001670
0.002269
0.001772
0.002278
0.001675
0.001701
0.002229
0.004112
0.002693
0.001772
0.002236
0.001797
0.001811
0.001789
0.001729
0.002105
0.001768
0.001771
0.001738
0.001770
0.002218
0.001787
0.001767
0.001794
0.001700
0.001783
0.001812
0.001800
0.001758
0.001732
0.001974
0.001759
0.001716
0.001762
0.001823
0.001749
0.001753
0.002406
0.001775
0.002110
0.004157
0.001697
0.001774
0.002436
0.001773
0.001764
0.002331
0.003035
0.001687
0.001781
0.001783
0.001795
0.001795
0.002072
0.002360
0.001779
0.003161
0.004458
0.001818
0.001828
0.001812
0.001833
0.002780
0.001802
0.001820
0.001842
0.001739
0.001841
0.001818
0.001829
0.001809
0.001729
0.001806
0.002185
0.001808
0.002277
0.002959
0.002953
0.004524
0.004384
0.004429
0.004669
0.004509
0.004401
0.001774
0.002256
0.002244
0.004329
0.001785
0.001824
0.001772
0.001796
0.001689
0.001666
0.001787
0.002011
0.001777
0.002153
0.001658
0.001777
0.001836
0.002087
0.001779
0.001782
0.002153
0.002143
0.001790
0.001784
0.001798
0.001740
0.001674
0.001716
0.001790
0.001673
0.001871
0.001787
0.001672
0.001891
0.001806
0.001788
0.001701
0.001793
0.002525
0.002524
0.001752
0.002050
