0.000622
0.000564
0.000571
0.000520
0.000529
0.000529
0.000785
0.000700
0.000805
0.001769
0.000862
0.000577
0.000971
0.000619
0.000681
0.000675
0.000599
0.000915
0.000612
0.000824
0.000754
0.000642
0.000736
0.000653
0.000620
0.000771
0.001001
0.001965
0.000984
0.001641
0.001454
0.000672
0.000735
0.000851
0.000587
0.000571
0.000659
0.000602
0.000664
0.000780
0.000843
0.000575
0.000609
0.000744
0.004450
0.000620
0.000594
0.000767
0.000999
0.000810
0.001841
0.000571
0.000579
0.000891
0.000828
0.000700
0.000762
0.000885
0.000835
0.000553
0.001428
0.001400
0.001223
0.001211
0.000594
0.000860
0.000876
0.000820
0.000678
0.000583
0.000579
0.001244
0.002628
0.000583
0.000583
0.000583
0.001341
0.000918
0.000580
0.000589
0.000544
0.000777
0.000674
0.000596
0.000983
0.000755
0.000605
0.000588
0.000553
0.000780
0.000805
0.000665
0.000566
0.000657
0.000569
0.000824
0.000962
0.000669
0.000585
0.000931
0.000611
0.000708
0.000609
0.000588
0.000834
0.000721
0.000649
0.000820
0.000745
0.000624
0.000720
0.000655
0.000600
0.000572
0.000766
0.000570
0.000559
0.000562
0.000584
0.001615
0.001369
0.000830
0.000858
0.000670
0.000819
0.000671
0.000767
0.000712
0.000724
0.000698
0.000632
0.000919
0.000634
0.001445
0.000594
0.000765
0.000575
0.000623
0.001175
0.000633
0.000581
0.000714
0.000616
0.000603
0.000668
0.001412
0.000691
0.000568
0.000584
0.000988
0.000616
0.000606
0.000876
0.000900
0.001625
0.001561
0.000828
0.000701
0.000595
0.000566
0.000592
0.000822
0.001551
0.000963
0.001051
0.001492
0.000848
0.000724
0.000737
0.000587
0.000892
0.000571
0.000590
0.000676
0.000997
0.000674
0.000654
0.000616
0.000627
0.000644
0.000594
0.000943
0.000715
0.001083
0.001030
0.000892
0.001118
0.000698
0.000650
0.000822
0.000597
0.000608
0.000626
0.000791
0.000599
0.000603
0.000638
0.000632
0.000642
0.000744
0.000717
0.000774
0.000600
0.000605
0.000770
0.000857
0.000777
0.000604
0.000590
0.000830
0.000792
0.000628
0.000583
0.001558
0.000648
0.000847
0.000838
0.001196
0.001406
0.000567
0.000946
0.001098
0.001054
0.000566
0.000579
0.000669
0.000642
0.000602
0.000637
0.000737
0.001346
0.000749
0.000621
0.000611
0.000572
0.000585
0.001522
0.001483
0.000656
0.000597
0.000601
0.000579
0.000944
0.000552
0.000966
0.000680
0.000618
0.000676
0.000641
0.000945
0.000761
0.000574
0.000581
0.000552
0.000865
0.000654
0.000628
0.000913
0.000661
0.001515
0.001117
0.001438
0.001040
0.003727
0.000695
0.000776
0.000685
0.000716
0.001377
0.000867
0.000635
0.000577
0.000828
0.000564
0.000604
0.000755
0.000825
0.001291
0.000621
0.000594
0.000699
0.000573
0.000590
0.000608
0.000897
0.000895
0.000665
0.000743
0.000562
0.000582
0.000839
0.000810
0.001404
0.001004
0.000641
0.001127
0.000864
0.001272
0.001185
0.002010
0.000846
0.000568
0.000610
0.000814
0.000843
0.000614
0.000576
0.000613
0.000610
0.000602
0.000982
0.001161
0.000601
0.000608
0.000722
0.001741
0.001536
0.001493
0.001411
0.001416
0.000579
0.000581
0.000838
0.000804
0.000575
0.000553
0.000585
0.000567
0.000575
0.000994
0.000587
0.000805
0.001050
0.000602
0.000577
0.000617
0.000684
0.000813
0.000574
0.001480
0.000797
0.000606
0.000654
0.000597
0.000614
0.000545
0.000496
0.000537
0.000799
0.001174
0.001098
0.001020
0.000487
0.000565
0.000634
0.000816
0.000666
0.001317
0.001444
0.001492
0.001872
0.001512
0.001489
0.001584
0.001434
0.000589
0.000619
0.001608
0.000846
0.000816
0.000669
0.000707
0.000592
0.000587
0.000562
0.001398
0.000613
0.000741
0.001051
0.000605
0.000730
0.000658
0.000670
0.000825
0.000644
0.001209
0.001082
0.000597
0.000932
0.000854
0.000545
0.001352
0.001367
0.001418
0.000614
0.000607
0.000575
0.000713
0.000686
0.000617
0.000574
0.000792
0.000706
0.000626
0.000606
0.000643
0.000656
0.001400
0.001188
0.000856
0.000606
0.000641
0.000636
0.000889
0.001230
0.000784
0.001090
0.001394
0.000641
0.000583
0.000567
0.000569
0.000808
0.001413
0.000585
0.000591
0.000571
0.001091
0.000842
0.000910
0.000562
0.000601
0.000605
0.000845
0.001587
0.000556
0.000612
0.000549
0.000900
0.000684
0.000575
0.000578
0.000821
0.000589
0.000579
0.000764
0.001243
0.000683
0.000563
0.000832
0.000653
0.000685
0.002379
0.000611
0.000828
0.000691
0.001549
0.000771
0.000768
0.000808
0.000567
0.000774
0.000617
0.000730
0.000655
0.000751
0.000690
0.000575
0.001325
0.001669
0.000815
0.000623
0.000628
0.000567
0.000545
0.000565
0.000656
0.000946
0.000859
0.000793
0.000807
0.000767
0.000845
0.000607
0.000595
0.000572
0.000579
0.000560
0.000614
0.000609
0.000884
0.000797
0.000601
0.000577
0.000601
0.000713
0.000860
0.000567
0.001185
0.000575
0.000657
0.000578
0.001396
0.000592
0.000566
0.000679
0.000904
0.000585
0.000569
0.000778
0.000711
0.000742
0.000661
0.000604
0.000597
0.000589
0.000589
0.000606
0.000547
0.000579
0.000925
0.000629
0.000911
0.000610
0.000576
0.000561
0.000600
0.000590
0.001128
0.000771
0.001191
0.001533
0.000808
0.000569
0.000586
0.000769
0.000706
0.000639
0.000570
0.000674
0.000659
0.000638
0.000676
0.000662
0.000641
0.000662
0.000815
0.000781
0.000601
0.000935
0.000699
0.001459
0.000589
0.000765
0.000585
0.001282
0.001237
0.000631
0.000826
0.001157
0.001470
0.001352
0.000688
0.000912
0.000588
0.000785
0.000861
0.000646
0.001023
0.001003
0.001004
0.001341
0.001480
0.000597
0.000590
0.000559
0.000697
0.000557
0.002126
0.000654
0.000747
0.000788
0.001102
0.001265
0.000881
0.000662
0.000566
0.000564
0.000775
0.000630
0.000578
0.000568
0.001427
0.000745
0.000707
0.001111
0.000738
0.000582
0.000665
0.000724
0.000618
0.000590
0.000621
0.000668
0.000597
0.000669
0.000887
0.000606
0.000583
0.000595
0.000605
0.001207
0.001258
0.001471
0.001411
0.001408
0.001339
0.001049
0.000614
0.000568
0.000945
0.000808
0.000694
0.001403
0.000565
0.001001
0.000909
0.000827
0.000570
0.000913
0.000552
0.001281
0.000792
0.000719
0.000755
0.000572
0.000621
0.000933
0.001041
0.000585
0.000612
0.000750
0.000591
0.000734
0.001557
0.001495
0.001550
0.000819
0.001620
0.001528
0.001874
0.000792
0.000572
0.000995
0.000749
0.000726
0.000640
0.000705
0.000712
0.001004
0.000581
0.001063
0.000569
0.000662
0.000805
0.000855
0.000576
0.000546
0.000821
0.000726
0.000640
0.000621
0.000545
0.000770
0.000614
0.000551
0.000873
0.000528
0.000571
0.000810
0.000699
0.000968
0.000558
0.000621
0.000605
0.000596
0.000605
0.000576
0.000807
0.000623
0.000602
0.000588
0.000623
0.000760
0.000779
0.000882
0.000694
0.000925
0.000642
0.000797
0.000607
0.000594
0.000739
0.001422
0.001458
0.001397
0.001543
0.000928
0.000751
0.000655
0.000636
0.000920
0.000582
0.000863
0.000905
0.000588
0.000884
0.001134
0.000910
0.000867
0.000594
0.000603
0.000596
0.000563
0.000572
0.000643
0.000598
0.000954
0.000610
0.001370
0.001376
0.005357
0.000608
0.001421
0.000829
0.000803
0.000599
0.000782
0.000590
0.000592
0.000673
0.000903
0.000776
0.000949
0.001367
0.001514
0.001647
0.000602
0.000575
0.001652
0.001427
0.000937
0.000573
0.000808
0.001127
0.001412
0.000596
0.000756
0.000783
0.000930
0.000821
0.001420
0.001429
0.001446
0.000790
0.000757
0.000601
0.000598
0.001111
0.000835
0.000648
0.000593
0.000950
0.000570
0.000588
0.000546
0.000576
0.000739
0.000622
0.000748
0.000593
0.000581
0.000734
0.000701
0.001077
0.000652
0.000581
0.000593
0.000581
0.000640
0.000582
0.000581
0.000573
0.000622
0.000940
0.000856
0.000574
0.000576
0.001327
0.000565
0.000830
0.000721
0.001054
0.000863
0.000864
0.000605
0.000570
0.001109
0.001569
0.001833
0.000613
0.001190
0.000920
0.000724
0.000932
0.000719
0.000578
0.000691
0.000979
0.000675
0.000551
0.000837
0.000588
0.000917
0.000915
0.001429
0.001526
0.001623
0.000735
0.000835
0.001092
0.000571
0.001501
0.000680
0.000843
0.001192
0.000653
0.000657
0.000718
0.000585
0.000563
0.000977
0.000833
0.000861
0.000945
0.001239
0.000975
0.001481
0.000595
0.000566
0.000528
0.000687
0.000639
0.000583
0.000576
0.000611
0.000625
0.000563
0.001091
0.001483
0.001483
0.001330
0.001523
0.001419
0.001411
0.001405
0.000638
0.000945
0.001015
0.000679
0.000596
0.000634
0.001121
0.000747
0.000688
0.000769
0.001022
0.000603
0.000991
0.000597
0.000988
0.001322
0.001494
0.000828
0.000697
0.000682
0.000797
0.000813
0.001510
0.000596
0.000584
0.000606
0.000604
0.000644
0.000612
0.000666
0.000660
0.000710
0.000643
0.000569
0.000690
0.000551
0.000881
0.000776
0.000626
0.000560
0.000597
0.000606
0.000579
0.000927
0.000753
0.000574
0.000582
0.000843
0.000652
0.000599
0.000983
0.000615
0.000615
0.000575
0.000578
0.000702
0.000586
0.000656
0.000874
0.000555
0.000787
0.000672
0.000706
0.000855
0.000803
0.000903
0.000873
0.002182
0.000576
0.000640
0.000606
0.000663
0.001140
0.000573
0.000592
0.001114
0.000571
0.000546
0.000670
0.001370
0.000666
0.000726
0.000617
0.000590
0.000605
0.000981
0.000821
0.000788
0.000567
0.000691
0.000719
0.000689
0.000732
0.000806
0.000647
0.000593
0.000899
0.000579
0.000660
0.000864
0.000617
0.000612
0.000685
0.000593
0.000602
0.001037
0.000966
0.000834
0.000582
0.000872
0.001152
0.000639
0.000594
0.000561
0.000586
0.000800
0.000883
0.000597
0.000596
0.000865
0.001033
0.000974
0.001137
0.001494
0.001468
0.001731
0.001467
0.001400
0.000651
0.000606
0.001104
0.001521
0.000601
0.000619
