0.024033
0.030128
0.020960
0.020933
0.020667
0.020739
0.024286
0.022214
0.026583
0.020748
0.023417
0.021058
0.021238
0.025485
0.020448
0.021158
0.025832
0.024573
0.020938
0.020449
0.021497
0.020981
0.023171
0.023519
0.021087
0.020827
0.021921
0.020318
0.025667
0.023680
0.020933
0.031592
0.021278
0.021800
0.022545
0.023665
0.026716
0.023241
0.021213
0.021318
0.021054
0.020894
0.021190
0.021318
0.021326
0.025553
0.025748
0.025680
0.025118
0.022806
0.025186
0.020821
0.023189
0.025577
0.020801
0.020943
0.021228
0.021217
0.020529
0.027635
0.028692
0.026129
0.020744
0.020875
0.020655
0.020807
0.020902
0.023856
0.027621
0.025007
0.026459
0.027647
0.021189
0.023758
0.021362
0.027453
0.022177
0.021407
0.024303
0.021263
0.025254
0.020740
0.021042
0.021214
0.020945
0.025271
0.023055
0.020740
0.020795
0.020784
0.026785
0.021265
0.020961
0.020630
0.024871
0.020848
0.023304
0.020839
0.020678
0.020497
0.021116
0.020641
0.021224
0.027271
0.020793
0.022802
0.022060
0.026508
0.021943
0.029301
0.022174
0.023666
0.026796
0.021813
0.021957
0.026387
0.023646
0.023176
0.027765
0.030785
0.020510
0.023155
0.022258
0.022131
0.024545
0.022621
0.028974
0.022656
0.023322
0.020596
0.026976
0.020671
0.022658
0.024771
0.020505
0.020425
0.022803
0.025813
0.021457
0.020550
0.021473
0.021217
0.032820
0.021417
0.025216
0.026276
0.021247
0.026954
0.027493
0.021437
0.024290
0.021936
0.024713
0.020805
0.020844
0.020705
0.021054
0.023353
0.023027
0.021155
0.020754
0.021073
0.020491
0.020706
0.020517
0.021193
0.020904
0.020531
0.021247
0.020499
0.021634
0.028596
0.023631
0.020514
0.020509
0.028229
0.025081
0.025141
0.020553
0.022662
0.027515
0.020346
0.020353
0.020780
0.020367
0.026175
0.020366
0.024468
0.020572
0.020257
0.023899
0.021695
0.029452
0.030551
0.022586
0.027571
0.020628
0.020334
0.021057
0.020592
0.022183
0.025396
0.023078
0.023602
0.021056
0.020887
0.022988
0.029428
0.020975
0.028437
0.022436
0.020666
0.024694
0.020445
0.021008
0.029923
0.020911
0.020891
0.020680
0.020803
0.020573
0.022804
0.026199
0.022915
0.020532
0.020680
0.024479
0.023165
0.023876
0.029188
0.026051
0.029401
0.030814
0.023192
0.025646
0.021312
0.026730
0.024459
0.021254
0.022601
0.025897
0.030974
0.021020
0.020962
0.023285
0.021005
0.020813
0.020723
0.020859
0.021302
0.021135
0.021555
0.021339
0.023708
0.027958
0.027203
0.021337
0.027511
0.023369
0.021529
0.021435
0.021398
0.025659
0.027696
0.020601
0.020816
0.020967
0.020880
0.022985
0.025651
0.023820
0.028191
0.020479
0.020311
0.024597
0.022493
0.023793
0.020908
0.022611
0.023857
0.023263
0.020615
0.023584
0.023234
0.021651
0.022621
0.021975
0.028174
0.020692
0.021067
0.023205
0.020677
0.020792
0.020948
0.025307
0.029198
0.031425
0.022497
0.022875
0.020142
0.020692
0.025136
0.028333
0.024309
0.022290
0.020421
0.023044
0.028665
0.021358
0.026406
0.028174
0.020606
0.025079
0.025200
0.021494
0.020803
0.024808
0.019733
0.019967
0.022026
0.023499
0.022840
0.019752
0.026304
0.020609
0.031280
0.023949
0.021770
0.024718
0.027614
0.020828
0.021229
0.022537
0.027307
0.024120
0.021114
0.023083
0.028855
0.020597
0.020358
0.025247
0.020601
0.025385
0.020653
0.020689
0.024494
0.020466
0.022692
0.024523
0.026436
0.024035
0.021402
0.023080
0.023333
0.023671
0.024566
0.021421
0.022129
0.021376
0.023154
0.024092
0.022623
0.025832
0.024073
0.020964
0.020859
0.020874
0.024283
0.021272
0.021457
0.020353
0.027365
0.024669
0.020289
0.020496
0.019871
0.019979
0.030218
0.029372
0.019993
0.020966
0.021492
0.024569
0.023395
0.021989
0.026110
0.021070
0.020833
0.022480
0.021006
0.025973
0.024517
0.024613
0.025282
0.021412
0.021115
0.021456
0.021382
0.021301
0.021084
0.021346
0.021177
0.021423
0.021354
0.021112
0.021301
0.020674
0.020737
0.022348
0.026067
0.020666
0.031032
0.020970
0.020566
0.020593
0.021034
0.023150
0.020825
0.027205
0.031971
0.021847
0.025803
0.029770
0.028794
0.028858
0.021692
0.021344
0.024022
0.021659
0.023978
0.024304
0.023964
0.025637
0.020962
0.021092
0.024798
0.021096
0.021149
0.020788
0.021002
0.023196
0.022758
0.021015
0.026156
0.020783
0.026781
0.024349
0.021272
0.023796
0.021210
0.020519
0.023875
0.031148
0.024095
0.020393
0.020885
0.023579
0.021692
0.020413
0.020188
0.020383
0.024493
0.024738
0.020742
0.022554
0.020695
0.022786
0.029522
0.021261
0.020133
0.020059
0.022354
0.026399
0.025123
0.020195
0.022251
0.020516
0.023551
0.020474
0.020807
0.025592
0.022278
0.023450
0.023755
0.020507
0.020618
0.024382
0.021285
0.022486
0.027752
0.023073
0.026769
0.026962
0.021984
0.021175
0.024805
0.022944
0.020727
0.020544
0.027306
0.023805
0.020989
0.027546
0.020841
0.025728
0.025189
0.020755
0.020971
0.020851
0.021438
0.023093
0.022047
0.025551
0.026079
0.023993
0.023311
0.022263
0.023162
0.021468
0.024058
0.023259
0.027281
0.023435
0.028673
0.020500
0.022701
0.031347
0.029954
0.021217
0.025923
0.025484
0.026523
0.023900
0.024851
0.022503
0.020923
0.021144
0.029919
0.021176
0.026798
0.031101
0.024537
0.021095
0.023549
0.028536
0.020967
0.020845
0.021432
0.025794
0.021121
0.022617
0.021266
0.020874
0.023280
0.021036
0.021246
0.020952
0.021188
0.024264
0.021608
0.031980
0.021404
0.021493
0.030820
0.021219
0.024199
0.020837
0.020524
0.020635
0.027442
0.020701
0.022927
0.022416
0.020471
0.025167
0.021299
0.023479
0.026656
0.020390
0.021058
0.020562
0.020262
0.020180
0.020561
0.020304
0.022621
0.023920
0.021500
0.029817
0.024325
0.020434
0.020229
0.020433
0.024957
0.021643
0.021112
0.020875
0.023848
0.023045
0.020484
0.021309
0.020580
0.020446
0.020193
0.020446
0.020451
0.020524
0.022762
0.020694
0.020596
0.022955
0.022825
0.023583
0.020486
0.025419
0.021230
0.020843
0.022580
0.028526
0.024964
0.021068
0.024193
0.021043
0.021084
0.021050
0.023264
0.030070
0.023206
0.027223
0.020797
0.026052
0.021064
0.023571
0.020630
0.027014
0.020669
0.023346
0.027087
0.021198
0.022082
0.026182
0.023113
0.020716
0.026152
0.025585
0.020710
0.027035
0.025925
0.023509
0.023307
0.030146
0.022558
0.020647
0.024004
0.025120
0.020832
0.020743
0.023413
0.020455
0.022880
0.020463
0.020580
0.020482
0.020986
0.020354
0.020629
0.020824
0.020679
0.028952
0.021020
0.022064
0.021217
0.021098
0.020866
0.027798
0.021080
0.020769
0.021435
0.021224
0.021451
0.024634
0.030979
0.020814
0.022348
0.020693
0.020880
0.020687
0.020955
0.020505
0.021002
0.023050
0.020499
0.024506
0.020947
0.025015
0.025030
0.020282
0.020194
0.024440
0.020256
0.020589
0.028080
0.022219
0.026728
0.025377
0.024179
0.021787
0.027617
0.021767
0.028087
0.027231
0.022122
0.024397
0.021822
0.028601
0.020526
0.020532
0.020788
0.020636
0.021134
0.020733
0.020986
0.021690
0.025271
0.020671
0.021420
0.031483
0.028432
0.023831
0.021405
0.021776
0.025751
0.021834
0.021341
0.027760
0.021421
0.031706
0.021165
0.024948
0.027487
0.023597
0.025206
0.032242
0.022067
0.021974
0.033791
0.021372
0.021521
0.021165
0.021698
0.021789
0.030157
0.024019
0.024181
0.025483
0.023187
0.021180
0.025550
0.020771
0.020656
0.021226
0.020899
0.020526
0.020620
0.020592
0.020624
0.021064
0.023289
0.020830
0.020501
0.020739
0.029534
0.028589
0.020436
0.024214
0.020446
0.027086
0.020720
0.020954
0.020698
0.022821
0.022411
0.030436
0.020453
0.020340
0.020266
0.023117
0.020406
0.020608
0.022607
0.020854
0.029417
0.023963
0.025754
0.025507
0.020815
0.023870
0.021409
0.025811
0.027891
0.026047
0.026266
0.020875
0.021149
0.021040
0.021078
0.023359
0.020925
0.023831
0.020938
0.025487
0.028186
0.023460
0.020905
0.021123
0.029610
0.020823
0.022003
0.021075
0.020855
0.021052
0.020872
0.032137
0.020857
0.031083
0.020997
0.020615
0.026352
0.022495
0.025554
0.020516
0.026203
0.020505
0.020670
0.020468
0.027111
0.020558
0.021449
0.032349
0.025210
0.020784
0.025495
0.020640
0.020752
0.025235
0.021317
0.021383
0.032024
0.021223
0.024797
0.022129
0.029778
0.022279
0.021086
0.020984
0.021787
0.024956
0.023479
0.025523
0.027283
0.024484
0.020085
0.026441
0.023925
0.022312
0.020024
0.020375
0.021196
0.020422
0.020065
0.020426
0.021470
0.024838
0.025246
0.021579
0.021100
0.023406
0.021477
0.026980
0.021225
0.021209
0.021492
0.024704
0.025967
0.022680
0.025250
0.021293
0.021104
0.021326
0.021704
0.021049
0.021023
0.021480
0.021083
0.021134
0.025603
0.020471
0.022272
0.025403
0.022644
0.020265
0.020148
0.020151
0.020263
0.020128
0.022298
0.020509
0.020450
0.023891
0.031535
0.022580
0.021004
0.020957
0.020805
0.022656
0.020819
0.025832
0.020626
0.020540
0.020617
0.022317
0.024825
0.021610
0.021597
0.021948
0.026287
0.021612
0.024911
0.021719
0.021687
0.029126
0.021700
0.024342
0.021787
0.023729
0.030189
0.021090
0.024151
0.025690
0.020833
0.021350
0.024364
0.020995
0.022501
0.021132
0.025203
0.021131
0.021414
0.021186
0.020846
0.021036
0.027985
0.021089
0.026841
0.021091
0.021027
0.022028
0.025706
0.020576
0.020794
0.025093
0.020495
0.029269
0.025598
0.022918
0.028613
0.020773
0.023956
0.020499
0.020401
0.020522
0.028023
0.020538
0.021411
0.027791
0.020689
0.020877
0.025723
0.025857
0.020514
0.025586
0.028613
0.025648
0.020980
0.020711
0.020931
0.020805
0.020600
0.020800
0.021080
0.020750
0.021214
0.021062
0.020745
0.023812
0.021017
0.021048
0.020788
0.021327
0.020747
