0.000197
0.000187
0.000198
0.000198
0.000192
0.000187
0.000197
0.000207
0.000271
0.000466
0.000197
0.000306
0.000289
0.000197
0.000204
0.000194
0.000188
0.000202
0.000190
0.000199
0.000199
0.000185
0.000195
0.000207
0.000192
0.000197
0.000292
0.000210
0.000427
0.000456
0.000439
0.000194
0.000196
0.000355
0.000187
0.000190
0.000191
0.000191
0.000195
0.000277
0.000197
0.000187
0.000194
0.000196
0.000253
0.000186
0.000186
0.000199
0.000194
0.000195
0.000316
0.000192
0.000189
0.000243
0.000188
0.000195
0.000197
0.000196
0.000196
0.000194
0.000446
0.000467
0.000205
0.000290
0.000197
0.000198
0.000198
0.000248
0.000205
0.000190
0.000180
0.000235
0.000537
0.000194
0.000197
0.000208
0.000398
0.000215
0.000194
0.000192
0.000196
0.000197
0.000195
0.000250
0.000196
0.000198
0.000195
0.000190
0.000193
0.000260
0.000196
0.000186
0.000201
0.000198
0.000195
0.000197
0.000296
0.000188
0.000182
0.000192
0.000187
0.000194
0.000188
0.000190
0.000195
0.000231
0.000195
0.000200
0.000200
0.000192
0.000206
0.000193
0.000193
0.000191
0.000253
0.000205
0.000189
0.000189
0.000197
0.000558
0.000440
0.000192
0.000193
0.000196
0.000221
0.000203
0.000198
0.000255
0.000202
0.000195
0.000192
0.000194
0.000189
0.000472
0.000197
0.000194
0.000191
0.000188
0.000205
0.000194
0.000184
0.000194
0.000181
0.000189
0.000188
0.000455
0.000193
0.000194
0.000187
0.000217
0.000191
0.000225
0.000256
0.000286
0.000462
0.000445
0.000195
0.000187
0.000189
0.000183
0.000191
0.000197
0.000442
0.000256
0.000320
0.000487
0.000236
0.000224
0.000232
0.000187
0.000198
0.000189
0.000188
0.000195
0.000201
0.000195
0.000198
0.000187
0.000190
0.000194
0.000191
0.000200
0.000226
0.000294
0.000333
0.000192
0.000230
0.000198
0.000192
0.000196
0.000186
0.000199
0.000192
0.000245
0.000196
0.000197
0.000195
0.000195
0.000195
0.000225
0.000261
0.000258
0.000194
0.000220
0.000196
0.000200
0.000193
0.000186
0.000189
0.000201
0.000192
0.000194
0.000186
0.000463
0.000190
0.000273
0.000270
0.000358
0.000448
0.000192
0.000268
0.000345
0.000337
0.000196
0.000182
0.000194
0.000196
0.000195
0.000227
0.000228
0.000196
0.000191
0.000194
0.000188
0.000210
0.000192
0.000451
0.000445
0.000194
0.000195
0.000194
0.000194
0.000194
0.000224
0.000197
0.000203
0.000197
0.000183
0.000187
0.000192
0.000197
0.000193
0.000193
0.000194
0.000263
0.000195
0.000183
0.000198
0.000192
0.000313
0.000337
0.000452
0.000194
0.000216
0.000200
0.000195
0.000198
0.000198
0.000236
0.000203
0.000201
0.000189
0.000196
0.000194
0.000186
0.000228
0.000220
0.000391
0.000188
0.000194
0.000197
0.000187
0.000197
0.000187
0.000275
0.000276
0.000220
0.000193
0.000196
0.000194
0.000192
0.000226
0.000418
0.000197
0.000190
0.000200
0.000196
0.000364
0.000351
0.000460
0.000197
0.000201
0.000187
0.000240
0.000197
0.000192
0.000187
0.000191
0.000198
0.000191
0.000271
0.000196
0.000191
0.000188
0.000227
0.000460
0.000448
0.000548
0.000457
0.000445
0.000199
0.000190
0.000192
0.000195
0.000201
0.000196
0.000200
0.000189
0.000190
0.000241
0.000198
0.000194
0.000236
0.000190
0.000186
0.000189
0.000199
0.000195
0.000194
0.000233
0.000235
0.000194
0.000226
0.000206
0.000240
0.000193
0.000192
0.000183
0.000194
0.000203
0.000440
0.000186
0.000196
0.000192
0.000224
0.000231
0.000215
0.000439
0.000445
0.000468
0.000457
0.000448
0.000449
0.000455
0.000451
0.000194
0.000186
0.000253
0.000239
0.000195
0.000186
0.000220
0.000197
0.000187
0.000190
0.000196
0.000193
0.000193
0.000196
0.000197
0.000227
0.000193
0.000226
0.000228
0.000223
0.000378
0.000196
0.000197
0.000191
0.000202
0.000185
0.000457
0.000437
0.000447
0.000199
0.000184
0.000186
0.000225
0.000196
0.000196
0.000194
0.000213
0.000197
0.000185
0.000191
0.000226
0.000212
0.000293
0.000233
0.000206
0.000199
0.000188
0.000207
0.000199
0.000324
0.000360
0.000328
0.000445
0.000202
0.000186
0.000183
0.000185
0.000276
0.000448
0.000193
0.000188
0.000193
0.000324
0.000195
0.000194
0.000191
0.000197
0.000194
0.000257
0.000451
0.000192
0.000194
0.000187
0.000289
0.000195
0.000193
0.000192
0.000195
0.000194
0.000190
0.000257
0.000378
0.000186
0.000183
0.000196
0.000199
0.000183
0.000456
0.000192
0.000197
0.000191
0.000241
0.000192
0.000195
0.000206
0.000194
0.000196
0.000200
0.000183
0.000189
0.000248
0.000193
0.000186
0.000413
0.000483
0.000190
0.000192
0.000189
0.000192
0.000202
0.000195
0.000192
0.000236
0.000188
0.000239
0.000234
0.000193
0.000235
0.000189
0.000196
0.000195
0.000190
0.000198
0.000193
0.000188
0.000242
0.000196
0.000189
0.000196
0.000186
0.000193
0.000299
0.000194
0.000455
0.000194
0.000243
0.000194
0.000197
0.000192
0.000198
0.000227
0.000220
0.000200
0.000186
0.000240
0.000226
0.000198
0.000196
0.000197
0.000188
0.000196
0.000188
0.000197
0.000193
0.000185
0.000225
0.000194
0.000198
0.000189
0.000194
0.000187
0.000191
0.000187
0.000324
0.000243
0.000310
0.000444
0.000195
0.000190
0.000183
0.000229
0.000230
0.000186
0.000201
0.000227
0.000195
0.000191
0.000218
0.000194
0.000185
0.000210
0.000195
0.000198
0.000193
0.000261
0.000228
0.000450
0.000189
0.000193
0.000196
0.000383
0.000370
0.000194
0.000194
0.000328
0.000420
0.000441
0.000193
0.000197
0.000190
0.000195
0.000189
0.000185
0.000322
0.000311
0.000313
0.000396
0.000445
0.000193
0.000196
0.000186
0.000226
0.000189
0.000463
0.000194
0.000259
0.000253
0.000314
0.000400
0.000200
0.000197
0.000191
0.000195
0.000201
0.000189
0.000196
0.000197
0.000458
0.000221
0.000189
0.000203
0.000198
0.000188
0.000192
0.000195
0.000194
0.000192
0.000185
0.000191
0.000194
0.000208
0.000194
0.000186
0.000189
0.000183
0.000196
0.000281
0.000398
0.000459
0.000452
0.000452
0.000449
0.000197
0.000187
0.000193
0.000194
0.000196
0.000199
0.000444
0.000191
0.000278
0.000452
0.000195
0.000199
0.000196
0.000218
0.000321
0.000196
0.000241
0.000197
0.000192
0.000191
0.000224
0.000334
0.000196
0.000196
0.000220
0.000193
0.000193
0.000438
0.000456
0.000440
0.000195
0.000434
0.000453
0.000426
0.000196
0.000193
0.000195
0.000223
0.000225
0.000198
0.000187
0.000188
0.000267
0.000203
0.000196
0.000187
0.000186
0.000197
0.000187
0.000189
0.000190
0.000240
0.000230
0.000201
0.000191
0.000189
0.000193
0.000194
0.000198
0.000365
0.000197
0.000193
0.000199
0.000193
0.000317
0.000194
0.000192
0.000185
0.000194
0.000187
0.000187
0.000260
0.000193
0.000194
0.000194
0.000197
0.000191
0.000197
0.000194
0.000228
0.000262
0.000193
0.000224
0.000193
0.000191
0.000192
0.000446
0.000473
0.000483
0.000445
0.000196
0.000231
0.000194
0.000190
0.000198
0.000196
0.000257
0.000194
0.000194
0.000286
0.000235
0.000196
0.000199
0.000194
0.000196
0.000186
0.000188
0.000196
0.000197
0.000192
0.000197
0.000188
0.000448
0.000445
0.000612
0.000212
0.000452
0.000201
0.000195
0.000188
0.000195
0.000185
0.000184
0.000198
0.000199
0.000195
0.000438
0.000446
0.000446
0.000554
0.000191
0.000197
0.000451
0.000437
0.000195
0.000195
0.000324
0.000353
0.000438
0.000193
0.000186
0.000208
0.000257
0.000254
0.000417
0.000438
0.000260
0.000250
0.000236
0.000195
0.000191
0.000229
0.000272
0.000194
0.000198
0.000196
0.000184
0.000196
0.000195
0.000190
0.000197
0.000191
0.000190
0.000184
0.000188
0.000224
0.000219
0.000271
0.000191
0.000212
0.000195
0.000195
0.000193
0.000193
0.000193
0.000207
0.000286
0.000291
0.000281
0.000197
0.000185
0.000452
0.000195
0.000339
0.000215
0.000299
0.000198
0.000201
0.000197
0.000186
0.000375
0.000443
0.000457
0.000198
0.000276
0.000272
0.000211
0.000199
0.000197
0.000183
0.000255
0.000193
0.000186
0.000190
0.000195
0.000192
0.000225
0.000217
0.000457
0.000445
0.000433
0.000186
0.000237
0.000218
0.000209
0.000455
0.000195
0.000219
0.000351
0.000196
0.000196
0.000238
0.000193
0.000189
0.000372
0.000244
0.000196
0.000195
0.000326
0.000312
0.000321
0.000191
0.000196
0.000261
0.000190
0.000185
0.000195
0.000186
0.000212
0.000197
0.000196
0.000211
0.000449
0.000446
0.000430
0.000451
0.000436
0.000447
0.000429
0.000197
0.000197
0.000293
0.000193
0.000221
0.000189
0.000256
0.000197
0.000192
0.000193
0.000224
0.000198
0.000186
0.000190
0.000236
0.000344
0.000413
0.000191
0.000243
0.000193
0.000235
0.000190
0.000456
0.000191
0.000193
0.000194
0.000188
0.000183
0.000191
0.000192
0.000194
0.000243
0.000195
0.000185
0.000195
0.000185
0.000198
0.000200
0.000188
0.000186
0.000193
0.000193
0.000187
0.000254
0.000192
0.000188
0.000187
0.000200
0.000191
0.000197
0.000209
0.000190
0.000189
0.000197
0.000186
0.000186
0.000191
0.000195
0.000243
0.000195
0.000197
0.000201
0.000198
0.000262
0.000263
0.000199
0.000200
0.000191
0.000188
0.000194
0.000183
0.000193
0.000195
0.000193
0.000189
0.000200
0.000194
0.000189
0.000194
0.000213
0.000188
0.000196
0.000186
0.000183
0.000194
0.000206
0.000259
0.000197
0.000207
0.000193
0.000221
0.000216
0.000243
0.000197
0.000193
0.000197
0.000196
0.000195
0.000196
0.000272
0.000188
0.000190
0.000196
0.000191
0.000190
0.000231
0.000196
0.000196
0.000185
0.000193
0.000224
0.000186
0.000185
0.000186
0.000178
0.000192
0.000234
0.000190
0.000284
0.000269
0.000272
0.000266
0.000248
0.000447
0.000455
0.000466
0.000463
0.000452
0.000192
0.000188
0.000293
0.000461
0.000195
0.000184
