0.020081
0.016783
0.016154
0.016367
0.015954
0.015736
0.018975
0.019663
0.017207
0.015105
0.020654
0.019662
0.017569
0.017287
0.016787
0.016308
0.025190
0.015798
0.015698
0.020980
0.016338
0.023941
0.016010
0.016613
0.016155
0.015273
0.016560
0.015641
0.016632
0.015320
0.016758
0.020780
0.015413
0.016538
0.017905
0.016776
0.016406
0.017869
0.017233
0.018770
0.019091
0.016355
0.017949
0.018341
0.025013
0.016828
0.016119
0.024729
0.016316
0.018661
0.020299
0.020994
0.021137
0.019500
0.021021
0.019522
0.017524
0.021578
0.015812
0.015084
0.018206
0.019015
0.016396
0.015697
0.016387
0.014770
0.015973
0.015897
0.014543
0.015530
0.015214
0.016084
0.016246
0.018663
0.018651
0.015756
0.015715
0.019359
0.015245
0.015240
0.015008
0.015729
0.019766
0.015757
0.017574
0.016470
0.020006
0.015346
0.016546
0.016645
0.026337
0.019720
0.016378
0.018452
0.018985
0.015642
0.015772
0.016042
0.016574
0.015343
0.018203
0.015191
0.017415
0.015964
0.015999
0.020997
0.016149
0.016075
0.018102
0.016521
0.016547
0.016162
0.020737
0.016622
0.015880
0.017441
0.016449
0.015982
0.016402
0.015036
0.015717
0.015467
0.018512
0.020231
0.019663
0.016751
0.019348
0.018991
0.026341
0.026213
0.031404
0.024731
0.025224
0.021288
0.016700
0.024866
0.018988
0.020433
0.019342
0.024847
0.015962
0.016917
0.017518
0.017354
0.017632
0.022753
0.018220
0.017532
0.016470
0.018108
0.022782
0.017723
0.021668
0.023052
0.021447
0.016919
0.024740
0.015079
0.017064
0.018550
0.020218
0.020794
0.020843
0.019965
0.017300
0.018557
0.017629
0.015563
0.016205
0.015808
0.017057
0.019479
0.018602
0.016430
0.020040
0.016058
0.022003
0.015616
0.016044
0.016570
0.017833
0.017721
0.015951
0.015699
0.016919
0.015162
0.020914
0.016516
0.017384
0.022044
0.017843
0.018275
0.017278
0.017206
0.016924
0.018965
0.018668
0.020778
0.015237
0.015309
0.019309
0.023626
0.015834
0.015528
0.015957
0.018334
0.014799
0.018023
0.016928
0.019623
0.015713
0.019431
0.016608
0.018205
0.015369
0.018479
0.015419
0.024252
0.022875
0.015701
0.028148
0.021585
0.022372
0.022700
0.019016
0.022604
0.023015
0.018270
0.016341
0.018289
0.020138
0.021126
0.026938
0.017280
0.019986
0.016165
0.016128
0.016236
0.016559
0.016831
0.019801
0.015693
0.016088
0.018219
0.018194
0.017072
0.016317
0.016264
0.018147
0.016307
0.016802
0.015750
0.015506
0.016418
0.017868
0.017489
0.023382
0.015968
0.025894
0.020481
0.018931
0.016321
0.020471
0.019529
0.016356
0.016185
0.016385
0.015919
0.017498
0.019793
0.018553
0.017364
0.018084
0.015296
0.015477
0.022161
0.018463
0.014880
0.017430
0.017993
0.017573
0.016244
0.019639
0.018196
0.016475
0.016708
0.016789
0.019180
0.022498
0.017186
0.017798
0.015406
0.019594
0.015961
0.016686
0.016119
0.015562
0.019891
0.016427
0.017157
0.016031
0.017079
0.016618
0.016840
0.016647
0.019017
0.016520
0.019663
0.022565
0.018622
0.019618
0.022638
0.026327
0.021972
0.022420
0.016192
0.014986
0.018802
0.015796
0.018233
0.018566
0.019544
0.017021
0.019639
0.018744
0.020006
0.019715
0.019488
0.022584
0.018603
0.016913
0.021880
0.022449
0.020550
0.019058
0.017295
0.021281
0.018919
0.016057
0.017769
0.016031
0.015223
0.015240
0.015980
0.020851
0.017465
0.015826
0.015935
0.014634
0.020389
0.016398
0.017048
0.015756
0.015481
0.017966
0.016980
0.015932
0.021360
0.015826
0.016325
0.015990
0.022456
0.017338
0.016919
0.019331
0.021090
0.020012
0.020970
0.030282
0.023143
0.016888
0.019627
0.016464
0.017320
0.015932
0.018024
0.020323
0.015916
0.018455
0.017184
0.018729
0.016181
0.022458
0.023453
0.019679
0.015366
0.020287
0.019564
0.016682
0.016672
0.018237
0.017006
0.019169
0.016295
0.015865
0.016523
0.016439
0.015501
0.014749
0.015974
0.015727
0.016836
0.015620
0.015312
0.017494
0.016353
0.016768
0.018463
0.016040
0.017447
0.021376
0.021460
0.017780
0.016012
0.017918
0.015700
0.018182
0.017155
0.017930
0.020958
0.022447
0.017872
0.021688
0.021791
0.020153
0.020596
0.021848
0.025657
0.030271
0.018555
0.021410
0.016533
0.021240
0.018435
0.017612
0.019908
0.017240
0.016474
0.017028
0.016924
0.017253
0.019095
0.016371
0.017811
0.016658
0.016752
0.016377
0.018815
0.016883
0.016795
0.020202
0.017171
0.018321
0.014395
0.024033
0.018060
0.015926
0.015770
0.016990
0.016763
0.017241
0.017090
0.016907
0.017031
0.017723
0.019068
0.015983
0.016596
0.018199
0.017731
0.018275
0.017869
0.018509
0.016413
0.016912
0.015061
0.015021
0.016832
0.016643
0.015496
0.015598
0.015186
0.017027
0.016778
0.016851
0.016592
0.015747
0.016204
0.016632
0.017036
0.019263
0.015794
0.017724
0.016360
0.015370
0.015792
0.015299
0.015161
0.016216
0.015729
0.014675
0.016477
0.020360
0.016327
0.016716
0.016736
0.017246
0.015410
0.017202
0.016552
0.016943
0.018166
0.017156
0.016175
0.015005
0.017102
0.017402
0.015078
0.018678
0.018330
0.015620
0.016697
0.018472
0.017207
0.021284
0.016337
0.018514
0.021772
0.016396
0.016065
0.015886
0.019106
0.016682
0.015335
0.018600
0.024418
0.018201
0.020458
0.021428
0.019886
0.017378
0.018861
0.017120
0.014883
0.015605
0.016101
0.018503
0.016891
0.014646
0.020475
0.016704
0.016894
0.018269
0.023571
0.020029
0.017260
0.025000
0.019821
0.017066
0.017004
0.019219
0.017585
0.015759
0.015958
0.019012
0.016432
0.014300
0.019954
0.014773
0.015561
0.017322
0.018723
0.018087
0.020048
0.016174
0.016012
0.018782
0.022164
0.017322
0.015013
0.016705
0.017621
0.018852
0.016118
0.015478
0.020114
0.016466
0.016809
0.016258
0.015801
0.015526
0.016842
0.016419
0.016116
0.016501
0.019918
0.016378
0.016009
0.015626
0.017745
0.015532
0.015245
0.015463
0.017694
0.016480
0.016854
0.016588
0.017574
0.018718
0.018255
0.018354
0.016803
0.016410
0.023749
0.016575
0.016729
0.019004
0.020955
0.016933
0.017783
0.015677
0.016257
0.020636
0.025148
0.016630
0.016085
0.019563
0.022015
0.019337
0.019695
0.019049
0.017974
0.024121
0.025128
0.016405
0.017480
0.018020
0.018690
0.015659
0.015573
0.020209
0.016356
0.018251
0.015185
0.018442
0.019357
0.016516
0.017755
0.014626
0.014824
0.017121
0.015313
0.018476
0.022329
0.021076
0.017603
0.018743
0.014929
0.014881
0.017145
0.016107
0.014843
0.019009
0.019646
0.016301
0.018179
0.016219
0.020555
0.017442
0.019845
0.018053
0.022547
0.019352
0.019035
0.019522
0.018739
0.019186
0.018724
0.018142
0.018830
0.019675
0.019013
0.016337
0.020100
0.018882
0.016018
0.018248
0.016491
0.016219
0.018277
0.017304
0.016357
0.017069
0.022571
0.015864
0.021967
0.017882
0.022973
0.023187
0.023252
0.019766
0.019119
0.019172
0.016443
0.017408
0.016880
0.016166
0.016024
0.016012
0.015058
0.016790
0.016151
0.014771
0.016240
0.016210
0.017425
0.017209
0.017836
0.017431
0.020360
0.018810
0.015996
0.017202
0.016148
0.016335
0.016943
0.016461
0.016403
0.016864
0.022885
0.017338
0.016117
0.018331
0.017054
0.015161
0.016737
0.018226
0.025849
0.017297
0.018810
0.018106
0.016219
0.019052
0.017592
0.019823
0.015373
0.015591
0.015129
0.015564
0.017551
0.016566
0.021361
0.020369
0.018443
0.019366
0.017158
0.015059
0.017262
0.017981
0.018065
0.018581
0.015408
0.014829
0.014867
0.018928
0.018046
0.021107
0.016372
0.017671
0.018712
0.017947
0.015461
0.019704
0.022919
0.018632
0.017778
0.018758
0.017450
0.017547
0.019854
0.017778
0.015332
0.014092
0.016509
0.016828
0.023880
0.017769
0.016492
0.015636
0.019242
0.018167
0.018635
0.016661
0.025123
0.016679
0.015358
0.015597
0.016907
0.016455
0.016261
0.016384
0.016401
0.019351
0.017464
0.020841
0.017673
0.016732
0.016285
0.017565
0.020328
0.017027
0.020875
0.016532
0.016765
0.017120
0.017597
0.015711
0.016681
0.015188
0.017527
0.016820
0.015837
0.016850
0.015296
0.016428
0.015588
0.015631
0.020095
0.020546
0.019402
0.019254
0.019488
0.016437
0.016988
0.017424
0.021992
0.016006
0.015995
0.015699
0.017402
0.015657
0.015703
0.016247
0.021854
0.022468
0.020929
0.016005
0.020415
0.015936
0.015115
0.025689
0.018894
0.019570
0.019961
0.017917
0.030592
0.019682
0.016289
0.015166
0.016454
0.017973
0.019458
0.018278
0.018905
0.015630
0.015753
0.015056
0.015399
0.016203
0.019601
0.017185
0.018475
0.017818
0.019267
0.017055
0.016392
0.019310
0.020938
0.016212
0.018336
0.023735
0.018698
0.021944
0.016715
0.017099
0.019576
0.019674
0.017615
0.020062
0.018260
0.022023
0.017095
0.018014
0.019107
0.018898
0.017255
0.017608
0.017457
0.017276
0.017163
0.016314
0.017260
0.016517
0.017799
0.019523
0.017743
0.017364
0.017773
0.015715
0.019038
0.020584
0.014610
0.016601
0.017432
0.016432
0.015186
0.015373
0.016524
0.016460
0.015798
0.015210
0.015351
0.019688
0.018353
0.020154
0.019794
0.019005
0.021471
0.015487
0.018284
0.017737
0.019956
0.017957
0.022284
0.016847
0.019526
0.020452
0.016536
0.017350
0.016533
0.016751
0.017584
0.016611
0.017171
0.020980
0.015975
0.017252
0.019758
0.018658
0.016962
0.016533
0.018252
0.019556
0.016587
0.016938
0.017444
0.017230
0.023880
0.015663
0.016616
0.015736
0.016215
0.018019
0.016752
0.015966
0.017193
0.015417
0.015535
0.018499
0.016075
0.018414
0.015582
0.018769
0.015766
0.019031
0.015678
0.015887
0.016416
0.016776
0.018035
0.024850
0.017585
0.016321
0.023508
0.020026
0.021153
0.019184
0.015956
0.016132
0.018501
0.018055
0.016879
0.017364
0.016157
0.016045
0.016707
0.018815
0.019489
0.016309
0.017925
