0.020702
0.022640
0.020330
0.020326
0.020623
0.020624
0.020162
0.020310
0.025277
0.020308
0.020134
0.020628
0.022555
0.024228
0.020192
0.022683
0.022539
0.025523
0.022862
0.024905
0.020924
0.020181
0.023137
0.022842
0.025655
0.025352
0.024933
0.020027
0.024957
0.020068
0.022244
0.021307
0.020905
0.020615
0.020531
0.022474
0.020351
0.022824
0.024407
0.020316
0.020875
0.019978
0.020455
0.023663
0.027064
0.021659
0.022913
0.029825
0.024991
0.020141
0.026573
0.025723
0.028250
0.020440
0.027685
0.020166
0.020051
0.020085
0.019898
0.020055
0.022586
0.020179
0.020004
0.021213
0.020637
0.025120
0.020203
0.020402
0.020603
0.020502
0.020797
0.020236
0.020294
0.025407
0.027665
0.020761
0.020954
0.021356
0.021935
0.020255
0.024083
0.021652
0.028737
0.024137
0.020735
0.019938
0.023971
0.020351
0.022047
0.020472
0.028101
0.028904
0.022311
0.020268
0.020085
0.022576
0.020589
0.020294
0.020461
0.020105
0.020511
0.020401
0.020071
0.020301
0.024469
0.020608
0.020902
0.020707
0.020222
0.020183
0.021778
0.020206
0.020785
0.020242
0.023907
0.022720
0.021888
0.020520
0.020036
0.020203
0.023475
0.020777
0.027881
0.028197
0.021864
0.021365
0.021761
0.022679
0.019914
0.027107
0.026831
0.027646
0.027290
0.020006
0.020051
0.019922
0.020236
0.020004
0.020069
0.027015
0.020533
0.020023
0.020154
0.023816
0.022054
0.020212
0.020252
0.025052
0.026117
0.020335
0.020579
0.020100
0.023631
0.020257
0.020556
0.022875
0.020797
0.020018
0.020456
0.019949
0.020609
0.025136
0.020452
0.021171
0.021878
0.020131
0.020717
0.022236
0.020016
0.020893
0.020368
0.020248
0.022988
0.026891
0.023959
0.020781
0.020443
0.021858
0.020096
0.020180
0.022887
0.024481
0.020108
0.022715
0.020095
0.020262
0.028550
0.020024
0.032553
0.027235
0.021370
0.022420
0.023591
0.023778
0.022594
0.020682
0.020042
0.029225
0.023611
0.020624
0.020803
0.020104
0.020591
0.020850
0.020612
0.022493
0.020702
0.025524
0.023961
0.020328
0.020499
0.020278
0.021065
0.021079
0.020386
0.026990
0.020407
0.027557
0.020201
0.019884
0.027346
0.025118
0.022234
0.020682
0.020510
0.025121
0.031128
0.029109
0.020429
0.021490
0.020521
0.026154
0.020053
0.020606
0.020146
0.020106
0.020135
0.020219
0.024664
0.022576
0.020266
0.020207
0.020477
0.021400
0.020771
0.019892
0.020714
0.020312
0.020568
0.020129
0.020277
0.020405
0.020434
0.024762
0.026932
0.019846
0.020043
0.022392
0.027567
0.026882
0.022451
0.024590
0.022835
0.020636
0.020105
0.020435
0.020985
0.022364
0.020711
0.020360
0.025701
0.019867
0.025307
0.020832
0.023447
0.022477
0.020671
0.020982
0.020202
0.025822
0.020453
0.020212
0.026473
0.020117
0.022006
0.025359
0.021139
0.025019
0.021290
0.020096
0.022479
0.020880
0.020547
0.021767
0.019996
0.022358
0.022868
0.020569
0.020866
0.021161
0.020483
0.026634
0.020201
0.026427
0.020350
0.020212
0.022629
0.021756
0.020084
0.023883
0.020620
0.027472
0.026981
0.020110
0.022884
0.020764
0.022033
0.027814
0.024850
0.020184
0.022476
0.020593
0.023822
0.021591
0.021222
0.027707
0.020334
0.020259
0.024934
0.021657
0.020407
0.019927
0.028259
0.020651
0.022738
0.023300
0.022102
0.025306
0.020648
0.020421
0.020461
0.020253
0.020495
0.020533
0.020507
0.021619
0.019934
0.020272
0.020384
0.024963
0.020491
0.020444
0.020093
0.020494
0.021286
0.022925
0.022154
0.020430
0.020502
0.020159
0.020216
0.030401
0.027914
0.023740
0.027478
0.029497
0.020663
0.020532
0.027517
0.030735
0.022527
0.022701
0.020544
0.020145
0.020550
0.022299
0.020711
0.019933
0.022495
0.021889
0.024590
0.023558
0.027040
0.029870
0.025902
0.024755
0.029027
0.020575
0.022252
0.025228
0.020063
0.020669
0.021748
0.020603
0.020353
0.020392
0.023965
0.022295
0.020502
0.022942
0.020709
0.022584
0.020823
0.020319
0.020195
0.024963
0.023847
0.020560
0.020479
0.020122
0.020626
0.020469
0.019935
0.020417
0.025339
0.021424
0.020415
0.020968
0.020033
0.025423
0.025253
0.020555
0.025914
0.019942
0.019982
0.019897
0.025297
0.020109
0.032442
0.020408
0.022875
0.020195
0.020199
0.020845
0.019883
0.019919
0.020733
0.020029
0.022846
0.020255
0.020264
0.020129
0.020102
0.020971
0.021030
0.020753
0.020444
0.025787
0.020118
0.022578
0.020499
0.020108
0.024082
0.021932
0.025213
0.019932
0.020454
0.026859
0.020762
0.023630
0.020059
0.020774
0.022993
0.020376
0.022657
0.020796
0.024472
0.023639
0.020158
0.024679
0.020077
0.023205
0.023776
0.024429
0.020212
0.020572
0.019916
0.020256
0.020474
0.020805
0.020648
0.020101
0.020085
0.025254
0.025209
0.022537
0.025273
0.020208
0.022439
0.024529
0.020118
0.023228
0.020339
0.020498
0.020198
0.020527
0.020659
0.020801
0.023129
0.025441
0.020333
0.020499
0.024035
0.024099
0.020234
0.019996
0.020421
0.020265
0.027951
0.020098
0.026521
0.022311
0.020949
0.025114
0.019904
0.023766
0.029508
0.020224
0.022746
0.031672
0.020117
0.023633
0.022946
0.027750
0.020027
0.022666
0.024360
0.025783
0.020212
0.020980
0.020094
0.020993
0.022575
0.027207
0.020099
0.022767
0.022653
0.026979
0.022541
0.027384
0.024671
0.020142
0.020796
0.020658
0.020504
0.020196
0.023809
0.022355
0.019954
0.025079
0.020041
0.020104
0.020650
0.022237
0.020393
0.022467
0.027793
0.033790
0.022225
0.020040
0.023054
0.023728
0.019933
0.024765
0.020466
0.023906
0.020548
0.020625
0.020300
0.020543
0.019950
0.027488
0.020093
0.020482
0.020219
0.020568
0.019944
0.020106
0.020769
0.022926
0.020379
0.020358
0.029033
0.020242
0.024044
0.020590
0.020501
0.025110
0.020327
0.020671
0.020966
0.019940
0.021191
0.020539
0.021574
0.020115
0.020175
0.020482
0.020401
0.020878
0.020540
0.020752
0.020574
0.023856
0.020511
0.023728
0.020419
0.020983
0.020448
0.020211
0.024812
0.022817
0.020482
0.026131
0.020216
0.024925
0.019932
0.020096
0.019874
0.020710
0.019987
0.024195
0.020501
0.029562
0.022674
0.020600
0.026940
0.020596
0.022659
0.020118
0.020741
0.020324
0.029671
0.027319
0.022366
0.021999
0.028586
0.020053
0.020043
0.025213
0.022812
0.020304
0.020076
0.024975
0.020085
0.021843
0.021331
0.026860
0.020866
0.022993
0.020619
0.020466
0.020240
0.031865
0.020141
0.022983
0.020339
0.022203
0.020955
0.020220
0.020608
0.021789
0.021377
0.020370
0.020281
0.020666
0.021849
0.024448
0.026809
0.020895
0.020407
0.028223
0.020000
0.024936
0.020675
0.019999
0.020261
0.022403
0.019991
0.020411
0.027405
0.026223
0.023747
0.020111
0.020940
0.020825
0.025437
0.020593
0.021999
0.022074
0.025604
0.020163
0.021537
0.024926
0.020840
0.020192
0.026778
0.024975
0.022453
0.025482
0.026963
0.024109
0.025156
0.024269
0.020361
0.020010
0.020675
0.020177
0.020160
0.020388
0.020273
0.027732
0.020744
0.022502
0.020342
0.020564
0.020030
0.019949
0.020499
0.020948
0.020416
0.022807
0.021208
0.020039
0.024127
0.020546
0.020708
0.024560
0.022544
0.021239
0.020989
0.020619
0.020198
0.020677
0.022458
0.020411
0.024833
0.024969
0.024903
0.024300
0.020492
0.020349
0.020235
0.022551
0.020773
0.023886
0.020014
0.020266
0.020329
0.020397
0.022478
0.020169
0.023443
0.021882
0.027259
0.021641
0.020383
0.028611
0.019971
0.020114
0.020161
0.020380
0.020589
0.019935
0.020838
0.026421
0.028229
0.020663
0.020490
0.020351
0.020161
0.020677
0.020174
0.026651
0.019965
0.020388
0.019980
0.020205
0.020706
0.021248
0.027513
0.021113
0.020727
0.020353
0.021836
0.022591
0.020200
0.020597
0.020731
0.025352
0.024882
0.023944
0.020168
0.020645
0.021972
0.020055
0.020246
0.020976
0.019941
0.022169
0.020507
0.022036
0.020218
0.022859
0.019975
0.021748
0.020702
0.021030
0.020853
0.029018
0.020054
0.020514
0.020464
0.019990
0.020333
0.020760
0.024047
0.020431
0.025147
0.020741
0.023733
0.020553
0.019985
0.020190
0.020684
0.020538
0.022646
0.020512
0.019981
0.020521
0.024419
0.020572
0.020994
0.019970
0.025666
0.020743
0.025100
0.022279
0.022705
0.020676
0.020779
0.022258
0.019930
0.020818
0.020245
0.020231
0.023646
0.027428
0.026829
0.019938
0.019978
0.023500
0.020197
0.020549
0.025877
0.019906
0.030834
0.020714
0.020063
0.020440
0.025870
0.020518
0.023291
0.025168
0.020157
0.020480
0.020720
0.023843
0.020759
0.020589
0.020346
0.023727
0.024808
0.020478
0.020008
0.020868
0.019906
0.020210
0.020300
0.023766
0.020176
0.024596
0.020829
0.024319
0.026644
0.020005
0.020167
0.022776
0.020662
0.023740
0.022381
0.024136
0.020128
0.020399
0.020139
0.021917
0.021053
0.021347
0.024955
0.020761
0.019931
0.020552
0.020521
0.025253
0.020048
0.020509
0.019980
0.030219
0.020279
0.020936
0.020099
0.020648
0.026580
0.020658
0.020904
0.020137
0.022174
0.020785
0.020256
0.020468
0.020247
0.020499
0.020299
0.019861
0.020462
0.025042
0.022360
0.029740
0.023753
0.020845
0.023262
0.022437
0.020973
0.022104
0.023087
0.024044
0.020167
0.020272
0.020273
0.020251
0.020587
0.019900
0.020999
0.020073
0.020629
0.021607
0.025955
0.022188
0.020049
0.020286
0.020100
0.020210
0.020861
0.022672
0.020331
0.022910
0.020043
0.019965
0.020541
0.020275
0.019998
0.024654
0.020936
0.022795
0.022442
0.023226
0.022316
0.020330
0.022608
0.026034
0.022507
0.020494
0.024561
0.020926
0.020842
0.020402
0.020301
0.021849
0.022354
0.020747
0.020737
0.022132
0.020123
0.024515
0.020502
0.024168
0.020131
0.020284
0.027359
0.023593
0.020194
0.025820
0.024167
0.020851
0.020471
0.021059
0.020244
0.020979
0.020483
0.020361
