0.001196
0.000543
0.000688
0.000765
0.000531
0.000778
0.000538
0.000826
0.000823
0.001067
0.000802
0.000636
0.000613
0.000523
0.000670
0.001629
0.000734
0.000785
0.000643
0.001041
0.000769
0.000558
0.000619
0.000589
0.000805
0.000579
0.000905
0.000565
0.001272
0.001291
0.001328
0.000588
0.000503
0.000664
0.000728
0.000571
0.000643
0.000520
0.000762
0.000812
0.000815
0.000527
0.000546
0.000560
0.000835
0.000600
0.001322
0.000697
0.000545
0.000669
0.000767
0.000676
0.000794
0.001074
0.000667
0.000571
0.000522
0.000772
0.000530
0.000737
0.000585
0.000665
0.001337
0.001317
0.001272
0.000646
0.000881
0.000547
0.000648
0.000687
0.000647
0.000664
0.000651
0.000658
0.001256
0.000632
0.000597
0.000557
0.000569
0.000617
0.000756
0.000573
0.000762
0.000555
0.000775
0.000624
0.000760
0.000545
0.000603
0.000619
0.000739
0.000617
0.000575
0.000705
0.000643
0.000795
0.000617
0.000577
0.000984
0.000781
0.000787
0.000941
0.000632
0.000548
0.000652
0.000605
0.000617
0.000643
0.000786
0.000775
0.000785
0.000899
0.000959
0.001083
0.000739
0.000556
0.000563
0.000706
0.000492
0.000895
0.000589
0.000476
0.000478
0.000487
0.000478
0.000595
0.000585
0.000660
0.000536
0.000580
0.000531
0.000580
0.000575
0.000559
0.000544
0.001480
0.001306
0.000598
0.000652
0.000745
0.000723
0.000857
0.000654
0.001666
0.000803
0.000772
0.000849
0.000659
0.000786
0.001212
0.000616
0.000645
0.000594
0.001424
0.001503
0.000818
0.001577
0.001362
0.002422
0.000800
0.000530
0.000757
0.000845
0.000913
0.000527
0.000818
0.000703
0.000647
0.000795
0.000575
0.000851
0.000594
0.000704
0.000527
0.000546
0.000562
0.000571
0.000535
0.000528
0.000963
0.000716
0.000844
0.000631
0.000663
0.000628
0.000811
0.000759
0.000578
0.000752
0.000752
0.001089
0.000619
0.000796
0.000824
0.000623
0.000793
0.001348
0.001129
0.000551
0.000787
0.000570
0.000566
0.000702
0.000768
0.000586
0.000664
0.000628
0.000742
0.000545
0.000523
0.000471
0.000575
0.000466
0.000904
0.000571
0.000413
0.000702
0.000405
0.001158
0.001346
0.001327
0.000555
0.000553
0.000540
0.000742
0.000634
0.000779
0.000851
0.000576
0.000540
0.000756
0.000672
0.001282
0.001647
0.001490
0.001313
0.000540
0.000628
0.000655
0.000568
0.002004
0.001329
0.001361
0.000607
0.001110
0.000635
0.000574
0.000575
0.000529
0.000517
0.000538
0.000553
0.000567
0.000532
0.000668
0.000625
0.000516
0.000640
0.000641
0.001084
0.001511
0.001143
0.000509
0.000686
0.000617
0.000708
0.000780
0.001152
0.000820
0.000647
0.000538
0.002767
0.002892
0.001490
0.000617
0.000712
0.000726
0.000720
0.000688
0.000516
0.001049
0.001030
0.001198
0.001423
0.000707
0.000541
0.000540
0.000799
0.000810
0.000615
0.002532
0.000533
0.000559
0.000603
0.000706
0.000520
0.000655
0.001268
0.000588
0.000546
0.000734
0.000557
0.000952
0.000841
0.000816
0.001056
0.001328
0.000670
0.000693
0.000575
0.000565
0.000782
0.000658
0.000561
0.001052
0.001293
0.001875
0.001389
0.001354
0.001715
0.001352
0.001365
0.001319
0.001320
0.001472
0.001340
0.002386
0.000835
0.000692
0.000594
0.000885
0.000829
0.000748
0.000588
0.000487
0.000586
0.000805
0.000562
0.000701
0.000633
0.000494
0.000482
0.000481
0.001324
0.000652
0.000580
0.000715
0.001154
0.000621
0.000608
0.000490
0.000540
0.000594
0.000545
0.001028
0.000614
0.000573
0.000575
0.000593
0.000538
0.000800
0.000623
0.000678
0.000757
0.000797
0.000566
0.001359
0.001955
0.001394
0.001325
0.001646
0.000607
0.000717
0.000739
0.000546
0.000543
0.000554
0.000636
0.000540
0.000676
0.000540
0.000544
0.000789
0.001026
0.000568
0.000625
0.000650
0.000804
0.001124
0.000554
0.000683
0.000628
0.000891
0.000561
0.000640
0.000685
0.000607
0.000539
0.000756
0.000620
0.000647
0.000867
0.000655
0.000540
0.001592
0.000551
0.000949
0.000980
0.000640
0.000578
0.000758
0.000925
0.000769
0.000543
0.000710
0.000557
0.000606
0.001732
0.001406
0.001092
0.001906
0.000689
0.000611
0.000889
0.000600
0.000657
0.000685
0.000619
0.001175
0.001059
0.001138
0.000658
0.000771
0.001327
0.000559
0.000531
0.000849
0.000555
0.000785
0.000526
0.001451
0.000907
0.000931
0.000573
0.000787
0.000654
0.000529
0.000724
0.000728
0.000613
0.000542
0.000553
0.000538
0.000669
0.000564
0.000627
0.000556
0.000550
0.000843
0.000782
0.000625
0.000654
0.000951
0.000818
0.000610
0.000601
0.000783
0.000788
0.000562
0.000578
0.000548
0.000579
0.000696
0.000585
0.000861
0.000551
0.000834
0.000648
0.000765
0.000557
0.000468
0.000472
0.000508
0.000530
0.000511
0.000502
0.000806
0.000576
0.000558
0.001295
0.000514
0.000467
0.000540
0.000489
0.000457
0.000575
0.000791
0.000521
0.000497
0.000469
0.001052
0.000990
0.000744
0.000546
0.000896
0.000783
0.000680
0.000576
0.000539
0.000597
0.000513
0.000568
0.000792
0.000653
0.000538
0.000570
0.000660
0.001095
0.000711
0.000643
0.000991
0.000651
0.000578
0.000628
0.001084
0.000606
0.000720
0.000615
0.001219
0.001104
0.000487
0.000732
0.000505
0.000548
0.001197
0.000687
0.000668
0.000476
0.001064
0.000726
0.000682
0.000808
0.000783
0.000565
0.000731
0.000619
0.000589
0.000630
0.000680
0.000673
0.001268
0.000499
0.000901
0.000526
0.000860
0.000863
0.000450
0.000672
0.000512
0.000505
0.000555
0.000487
0.000820
0.000460
0.001262
0.001165
0.000598
0.000507
0.000622
0.000757
0.000571
0.000580
0.000552
0.000563
0.000628
0.000548
0.000587
0.000559
0.000573
0.000576
0.001219
0.001323
0.000635
0.000545
0.000755
0.000829
0.000727
0.000821
0.000527
0.000561
0.000530
0.000755
0.000558
0.000580
0.001039
0.000772
0.000564
0.000745
0.000760
0.001403
0.001414
0.000788
0.000868
0.000578
0.000633
0.000709
0.001108
0.000570
0.000597
0.000491
0.000467
0.000479
0.000490
0.000503
0.000788
0.000514
0.000588
0.001769
0.000616
0.001217
0.001251
0.000827
0.000496
0.000525
0.001324
0.001336
0.000564
0.000648
0.000638
0.000854
0.000541
0.000756
0.000757
0.000604
0.000991
0.000783
0.000610
0.000529
0.000658
0.000529
0.000612
0.001642
0.001947
0.000584
0.000767
0.000577
0.000553
0.000612
0.000571
0.000577
0.000525
0.000980
0.001016
0.000646
0.000556
0.000796
0.000550
0.000564
0.000914
0.000825
0.000565
0.000520
0.000500
0.000526
0.001097
0.001170
0.000584
0.000497
0.000524
0.000509
0.000560
0.000773
0.000589
0.000587
0.000481
0.000608
0.000624
0.000843
0.000486
0.001039
0.001163
0.000602
0.000768
0.000766
0.000550
0.000738
0.000727
0.000839
0.000881
0.001088
0.000932
0.000590
0.000541
0.000574
0.000563
0.000561
0.000553
0.000705
0.000528
0.000676
0.000509
0.000661
0.001393
0.000793
0.000558
0.001257
0.001322
0.000759
0.000960
0.000758
0.000573
0.000720
0.000974
0.001169
0.001018
0.000584
0.000663
0.001073
0.001339
0.001388
0.001446
0.000599
0.000714
0.000567
0.000563
0.000551
0.000743
0.000964
0.000779
0.000820
0.000547
0.001086
0.000732
0.000641
0.001079
0.000543
0.000938
0.000516
0.000546
0.000747
0.000528
0.000540
0.000549
0.001337
0.001453
0.000643
0.000649
0.000555
0.000548
0.000555
0.000782
0.001069
0.000691
0.001086
0.000665
0.000843
0.000574
0.000548
0.000915
0.001245
0.001349
0.001357
0.001269
0.001320
0.000768
0.000630
0.000773
0.000690
0.000786
0.000759
0.001020
0.000573
0.000607
0.000707
0.000550
0.000752
0.001369
0.000589
0.000551
0.000482
0.000472
0.001184
0.001359
0.001584
0.000637
0.000809
0.000527
0.000488
0.000668
0.000517
0.000473
0.000463
0.000473
0.000651
0.000659
0.000626
0.000620
0.001090
0.001244
0.001375
0.000639
0.000742
0.000555
0.000598
0.000821
0.000645
0.000572
0.000774
0.000836
0.000739
0.000709
0.000558
0.000799
0.000542
0.000767
0.000752
0.000552
0.000545
0.000784
0.000554
0.000554
0.001464
0.001342
0.001796
0.001365
0.001329
0.001266
0.000690
0.001309
0.000728
0.000619
0.000806
0.000548
0.000665
0.000647
0.000708
0.000730
0.000810
0.000556
0.000814
0.000884
0.000564
0.001078
0.000560
0.000620
0.000685
0.000849
0.000844
0.000534
0.000517
0.000570
0.000519
0.000544
0.000605
0.000548
0.000583
0.000566
0.000627
0.000631
0.000980
0.000842
0.000521
0.000640
0.000791
0.000722
0.000608
0.000533
0.000608
0.000727
0.000746
0.000795
0.000765
0.000558
0.000748
0.001221
0.000898
0.000547
0.000535
0.000534
0.000669
0.000577
0.001142
0.000647
0.000724
0.000653
0.000562
0.000546
0.001155
0.000552
0.000529
0.000815
0.000648
0.000624
0.000533
0.000528
0.000564
0.000552
0.000853
0.000625
0.000590
0.000791
0.000823
0.000550
0.000565
0.001111
0.001036
0.000988
0.001265
0.001377
0.001878
0.000614
0.000641
0.001004
0.000916
0.000913
0.001360
0.001301
0.000545
0.000567
0.000526
0.000760
0.000718
0.001308
0.001414
0.001979
0.000737
0.000975
0.000787
0.000766
0.000853
0.000877
0.000745
0.000633
0.000520
0.000628
0.000627
0.000619
0.000534
0.001271
0.000799
0.000537
0.000543
0.000564
0.000611
0.000520
0.000666
0.000939
0.000679
0.000527
0.000551
0.000541
0.000740
0.000695
0.000782
0.000791
0.000558
0.000647
0.000554
0.000528
0.000540
0.000701
0.000897
0.000600
0.000564
0.000600
0.000706
0.000669
0.000706
0.000993
0.001662
0.001503
0.001237
0.001336
0.001473
0.001295
0.001405
0.001480
0.001339
0.004418
0.001598
0.001373
0.001292
0.001303
0.001342
0.001331
0.001310
0.004536
0.001429
0.001304
0.001319
0.001318
0.001293
0.001303
0.001411
0.001615
0.001336
0.001374
0.001548
0.001606
0.001331
