1.2250000000000018e-6
0.0006096350000000011
4.236000000000019e-6
3.8820188137192523e-8
2.0291842448875074e-5
1.2195117091724897e-7
1.441899999999999e-5
0.0007965689999999998
1.668700000000016e-5
3.9231577545093475e-7
2.3001267427236672e-5
4.2225871977548056e-7
0.00018045899999999984
0.0008297149999999996
0.00023650599999999983
4.655795281765052e-6
2.3406266434619788e-5
5.275576135320158e-6
0.0023234160000000026
0.0025552560000000036
0.0024221310000000027
5.7234279575570215e-5
5.6835018476122407e-5
5.855814935781541e-5
0.02304562799999997
0.01796035799999999
0.02207490599999999
0.00017990559483661844
0.00015655502752702643
0.00015951655766353797
