0.025947
0.031256
0.020963
0.021276
0.027215
0.024224
0.023356
0.020772
0.020663
0.022765
0.021298
0.029571
0.029083
0.021318
0.021300
0.022018
0.021448
0.023291
0.021185
0.021212
0.028837
0.021373
0.024499
0.029830
0.031660
0.027519
0.029600
0.025807
0.021349
0.029303
0.028828
0.020878
0.020602
0.025876
0.031025
0.020864
0.020726
0.020835
0.022785
0.023902
0.026827
0.020590
0.030747
0.026022
0.021149
0.023552
0.025710
0.028005
0.025643
0.021049
0.023313
0.021165
0.021769
0.021472
0.023907
0.027366
0.023591
0.027014
0.021134
0.021061
0.020681
0.028237
0.023966
0.031209
0.026728
0.031209
0.022365
0.022025
0.031374
0.031078
0.021311
0.020973
0.020816
0.028195
0.025518
0.021490
0.021004
0.023855
0.029827
0.020584
0.023762
0.020681
0.020945
0.022512
0.030219
0.020555
0.028390
0.023315
0.027919
0.020340
0.020150
0.020635
0.021200
0.024812
0.025500
0.032530
0.025914
0.020749
0.026848
0.027231
0.027190
0.029350
0.025377
0.026046
0.024466
0.028867
0.021522
0.030441
0.023012
0.021272
0.033040
0.024227
0.027189
0.029328
0.020319
0.031474
0.020581
0.030729
0.021089
0.020980
0.024616
0.027859
0.028620
0.020909
0.025543
0.021013
0.024664
0.027103
0.026840
0.021506
0.027015
0.021569
0.021718
0.020963
0.026586
0.028559
0.026988
0.021607
0.030809
0.024138
0.029616
0.027257
0.031299
0.022403
0.021189
0.027805
0.026557
0.025550
0.021364
0.022407
0.021298
0.026593
0.022666
0.020896
0.021528
0.021325
0.021152
0.026860
0.021123
0.025435
0.021637
0.029131
0.023334
0.026937
0.027139
0.030438
0.023149
0.026455
0.021029
0.021124
0.021282
0.027571
0.020425
0.028923
0.024889
0.021093
0.021342
0.027967
0.024508
0.023948
0.021372
0.021700
0.029397
0.021221
0.024214
0.021690
0.030151
0.026684
0.026539
0.023156
0.025499
0.026244
0.023794
0.024344
0.020877
0.021948
0.024013
0.021633
0.029078
0.029599
0.028504
0.023642
0.023848
0.023072
0.025859
0.024059
0.022791
0.022152
0.025817
0.021336
0.033851
0.029337
0.021165
0.026123
0.027889
0.024612
0.031701
0.028935
0.023368
0.027812
0.022645
0.021714
0.027400
0.023657
0.027023
0.021148
0.021361
0.024348
0.022613
0.022287
0.025356
0.024216
0.022067
0.023591
0.031911
0.021748
0.023636
0.029585
0.028870
0.029210
0.027257
0.024425
0.025600
0.026700
0.021424
0.023314
0.021281
0.020926
0.028457
0.021558
0.022066
0.026686
0.021779
0.027260
0.031214
0.020887
0.020888
0.021108
0.021728
0.025124
0.023866
0.021035
0.021519
0.028197
0.021436
0.020654
0.027348
0.030073
0.026066
0.032377
0.021583
0.022678
0.025035
0.021060
0.029164
0.024529
0.021054
0.026122
0.025188
0.021415
0.023597
0.024507
0.021438
0.021235
0.024019
0.021282
0.021007
0.026388
0.024004
0.025857
0.021118
0.026095
0.032268
0.025822
0.027259
0.025944
0.030710
0.020379
0.021056
0.020215
0.023246
0.024098
0.025266
0.028592
0.021378
0.026879
0.021962
0.022724
0.023205
0.027938
0.029870
0.027430
0.020947
0.021802
0.022890
0.027840
0.022852
0.025163
0.024553
0.022037
0.020866
0.025626
0.029252
0.021939
0.025437
0.021168
0.021398
0.021634
0.026579
0.028392
0.020532
0.029533
0.020747
0.022997
0.023296
0.029048
0.026326
0.021617
0.030029
0.021053
0.027772
0.023990
0.021445
0.023167
0.021703
0.026804
0.025926
0.025412
0.029986
0.028324
0.028088
0.022503
0.026563
0.026682
0.020930
0.023935
0.029558
0.025107
0.028299
0.025539
0.025034
0.021575
0.020741
0.023395
0.022037
0.021049
0.020975
0.028829
0.030318
0.024401
0.024772
0.031747
0.021373
0.029263
0.025683
0.029679
0.020550
0.020309
0.024196
0.026889
0.029350
0.025581
0.029253
0.026268
0.025963
0.024973
0.026340
0.029590
0.022358
0.028061
0.028980
0.024888
0.023865
0.021980
0.025706
0.028920
0.023728
0.025085
0.026962
0.026776
0.028823
0.021079
0.021310
0.023910
0.021126
0.021475
0.023346
0.022558
0.027235
0.021249
0.031737
0.022021
0.022845
0.027550
0.025234
0.021570
0.024330
0.023124
0.023766
0.028117
0.020686
0.025991
0.020724
0.023759
0.031447
0.020901
0.021682
0.024063
0.027557
0.023748
0.021293
0.030221
0.021018
0.028714
0.020797
0.029609
0.026121
0.023796
0.021291
0.027375
0.025853
0.020813
0.030656
0.028360
0.027800
0.029773
0.024879
0.023996
0.032575
0.023915
0.021072
0.029811
0.021099
0.027084
0.028290
0.021038
0.023739
0.020738
0.024537
0.028707
0.030911
0.020999
0.024319
0.021000
0.020997
0.024490
0.023552
0.028825
0.027908
0.021276
0.027303
0.028553
0.028411
0.020611
0.025635
0.027820
0.021322
0.021008
0.025900
0.021451
0.023201
0.032069
0.028606
0.020836
0.024930
0.024201
0.023034
0.020774
0.030472
0.023958
0.021114
0.021199
0.020650
0.020744
0.027724
0.021063
0.026528
0.020415
0.020324
0.020523
0.022296
0.021138
0.020937
0.020842
0.029913
0.022647
0.023075
0.021845
0.021330
0.024422
0.021647
0.021044
0.020971
0.024214
0.022883
0.030021
0.028269
0.021569
0.025138
0.031616
0.020495
0.024229
0.026129
0.021777
0.022149
0.030651
0.021660
0.032131
0.024294
0.031079
0.027505
0.030911
0.021329
0.020842
0.021050
0.031993
0.020981
0.027498
0.020558
0.020428
0.021023
0.020813
0.020596
0.020498
0.025227
0.030323
0.021630
0.023387
0.020381
0.029506
0.029511
0.031532
0.020655
0.025525
0.021927
0.020992
0.029621
0.024610
0.026676
0.027264
0.021728
0.032028
0.023936
0.026267
0.020547
0.025921
0.030368
0.030146
0.026550
0.023340
0.021236
0.028991
0.026265
0.030570
0.021214
0.023202
0.020586
0.020448
0.019921
0.020129
0.021233
0.023929
0.020738
0.020552
0.026657
0.021360
0.021372
0.021306
0.021240
0.025998
0.022392
0.027939
0.025821
0.026348
0.027684
0.023229
0.020973
0.023255
0.023533
0.024544
0.023567
0.021924
0.027886
0.020454
0.027076
0.023500
0.022048
0.021005
0.026213
0.030656
0.021725
0.028912
0.030424
0.025034
0.022129
0.027750
0.022912
0.020983
0.022678
0.023526
0.021308
0.024548
0.021008
0.023467
0.021835
0.028460
0.025737
0.020707
0.029894
0.020685
0.021908
0.021269
0.020954
0.028441
0.027257
0.032103
0.021184
0.031532
0.021929
0.022200
0.024475
0.022527
0.023859
0.022877
0.021501
0.025788
0.022398
0.020440
0.029909
0.020698
0.020903
0.025792
0.023366
0.020734
0.023101
0.022913
0.021576
0.031031
0.020186
0.027439
0.021258
0.024375
0.020698
0.026148
0.020200
0.030647
0.025651
0.021225
0.025733
0.025330
0.025794
0.021463
0.021623
0.021328
0.028988
0.028418
0.028411
0.023513
0.022254
0.031139
0.020793
0.023250
0.022917
0.020782
0.020585
0.024970
0.020037
0.020809
0.020547
0.027781
0.025668
0.021006
0.023180
0.029008
0.026013
0.023956
0.021981
0.027542
0.020801
0.022944
0.021435
0.025856
0.020165
0.021378
0.031948
0.029057
0.020763
0.029637
0.020875
0.029539
0.025487
0.027854
0.020457
0.020844
0.020510
0.022216
0.026326
0.032091
0.025782
0.029083
0.026302
0.021980
0.021086
0.023698
0.020836
0.029010
0.025912
0.021370
0.020910
0.029038
0.024816
0.031928
0.021700
0.022678
0.031402
0.021483
0.031879
0.030841
0.027564
0.029990
0.023027
0.029796
0.024876
0.020243
0.024762
0.031902
0.022010
0.020289
0.020554
0.020819
0.022603
0.023244
0.020409
0.020432
0.023147
0.025233
0.025443
0.023333
0.021174
0.026049
0.030208
0.024804
0.024409
0.028241
0.021004
0.029620
0.023215
0.023572
0.021296
0.028483
0.020700
0.028252
0.024300
0.025162
0.020973
0.024207
0.025441
0.022391
0.021652
0.029330
0.023525
0.028182
0.028500
0.023954
0.026723
0.031308
0.020772
0.023082
0.021121
0.020997
0.022188
0.021507
0.022461
0.025113
0.021998
0.026464
0.030506
0.026773
0.021482
0.021472
0.022311
0.022027
0.020677
0.023962
0.025704
0.026786
0.021022
0.024495
0.021966
0.021407
0.025230
0.020248
0.027311
0.021040
0.025869
0.021782
0.021435
0.026496
0.027827
0.024151
0.022146
0.020794
0.020001
0.026239
0.034767
0.022431
0.020662
0.024971
0.024986
0.021911
0.026503
0.023635
0.031105
0.020737
0.025558
0.021797
0.022343
0.020633
0.028054
0.022141
0.026606
0.023973
0.021408
0.021849
0.021233
0.030689
0.029119
0.021009
0.029390
0.028609
0.030867
0.032197
0.025734
0.021306
0.020889
0.024179
0.029324
0.020260
0.020176
0.025493
0.022967
0.025623
0.020468
0.020634
0.021984
0.023122
0.022937
0.019909
0.023499
0.020019
0.020569
0.021457
0.026434
0.027333
0.021193
0.026538
0.020575
0.024768
0.028791
0.020495
0.020643
0.022211
0.024607
0.022306
0.030142
0.027975
0.027455
0.020743
0.028180
0.020632
0.024985
0.020971
0.021145
0.020970
0.020759
0.028589
0.025433
0.026441
0.024535
0.024554
0.021678
0.022511
0.020868
0.026568
0.025697
0.028477
0.024732
0.031472
0.020713
0.020780
0.021367
0.023307
0.030799
0.026665
0.027912
0.020311
0.024386
0.020180
0.024694
0.020977
0.020804
0.025531
0.026105
0.027711
0.020684
0.020139
0.019982
0.020131
0.020246
0.020296
0.027590
0.020530
0.020441
0.028411
0.020302
0.031158
0.023905
0.020861
0.023953
0.020834
0.029160
0.022853
0.020887
0.020885
0.025316
0.020764
0.022997
0.022840
0.020865
0.027373
0.023756
0.020721
0.026410
0.021982
0.024787
0.025739
0.030991
0.021209
0.025748
0.022628
0.021120
0.022546
0.024227
0.026760
0.027856
0.028098
0.031555
0.021287
0.025244
0.020697
0.024791
0.024586
0.024802
0.022728
0.031533
0.024270
0.022658
0.020741
0.020540
0.024356
0.020716
0.020490
0.032071
0.020820
0.022872
0.031346
0.022038
0.020446
0.026338
0.026162
0.022181
0.023663
0.021444
0.021321
0.029224
0.021601
0.030136
0.023477
0.021312
0.023054
0.029088
