0.004277
0.004265
0.004498
0.004286
0.004258
0.001791
0.001792
0.004307
0.001794
0.002422
0.001787
0.001767
0.001798
0.001785
0.004249
0.004291
0.003428
0.001780
0.001783
0.001770
0.004372
0.004364
0.004355
0.002044
0.003475
0.002074
0.002570
0.001764
0.001785
0.004299
0.004275
0.004251
0.003601
0.004256
0.004288
0.004560
0.001788
0.004309
0.004244
0.004261
0.001773
0.004346
0.004220
0.004367
0.004296
0.004281
0.004267
0.004313
0.004307
0.004280
0.004300
0.004308
0.004249
0.004325
0.001765
0.001814
0.001844
0.004251
0.004252
0.001789
0.004238
0.004257
0.004352
0.001792
0.004252
0.004280
0.001778
0.001834
0.004365
0.001846
0.003222
0.001772
0.004556
0.002980
0.004251
0.004274
0.004280
0.004253
0.004360
0.004230
0.002436
0.004274
0.004230
0.004285
0.001785
0.004271
0.004356
0.001794
0.002677
0.004274
0.004311
0.004546
0.001861
0.004237
0.004307
0.004268
0.002841
0.001841
0.004358
0.004326
0.002670
0.001789
0.004264
0.004248
0.004303
0.004279
0.004265
0.004271
0.001766
0.001789
0.004245
0.004308
0.001762
0.001803
0.001987
0.001799
0.001791
0.001781
0.004242
0.004306
0.004226
0.004269
0.001781
0.004452
0.002668
0.004292
0.002566
0.001797
0.004323
0.004304
0.004265
0.004246
0.004310
0.004247
0.001777
0.003215
0.001950
0.001788
0.004344
0.003663
0.004150
0.004301
0.003957
0.004540
0.004233
0.004238
0.004315
0.001794
0.004288
0.001794
0.004533
0.001768
0.001762
0.003206
0.002847
0.004285
0.004243
0.004294
0.001775
0.001813
0.001811
0.001776
0.001798
0.001789
0.001842
0.001770
0.004231
0.001784
0.002562
0.004244
0.002199
0.001768
0.001776
0.001781
0.004273
0.001766
0.001775
0.004089
0.004458
0.004327
0.003209
0.004306
0.004282
0.004336
0.001796
0.001801
0.004274
0.004497
0.004292
0.001776
0.004369
0.001799
0.004252
0.004239
0.004296
0.002692
0.004266
0.004294
0.004303
0.004275
0.001845
0.001776
0.004349
0.004293
0.004290
0.004522
0.004352
0.001790
0.002013
0.001776
0.001785
0.004350
0.004896
0.004246
0.003766
0.004263
0.001781
0.004343
0.001808
0.001767
0.001865
0.004359
0.001778
0.004316
0.004266
0.004279
0.002482
0.003948
0.001797
0.001784
0.004257
0.001808
0.001771
0.004571
0.003748
0.004241
0.004373
0.001782
0.001787
0.002338
0.001786
0.004710
0.002364
0.003177
0.004569
0.004308
0.002288
0.005073
0.004207
0.004332
0.003218
0.004241
0.001796
0.002336
0.001987
0.001779
0.001814
0.003014
0.004395
0.003214
0.001802
0.001797
0.001831
0.002002
0.004810
0.004390
0.004288
0.004333
0.002356
0.004012
0.004724
0.002178
0.004906
0.001879
0.003412
0.003038
0.002175
0.003455
0.003405
0.002423
0.001774
0.001853
0.001797
0.002725
0.001786
0.004252
0.004298
0.001787
0.004341
0.004339
0.001777
0.001769
0.002881
0.004303
0.004546
0.001787
0.004321
0.004337
0.004342
0.001926
0.001800
0.004243
0.001773
0.004256
0.004328
0.004242
0.004304
0.001825
0.003018
0.004344
0.004481
0.001810
0.004256
0.001774
0.001787
0.001839
0.004334
0.004236
0.003083
0.004581
0.004344
0.004364
0.002045
0.001762
0.001906
0.001778
0.001785
0.001767
0.004264
0.004252
0.001813
0.002213
0.001761
0.001778
0.001764
0.001791
0.001789
0.001808
0.004323
0.004235
0.004312
0.004314
0.003035
0.001802
0.004291
0.004374
0.004344
0.001761
0.003776
0.004500
0.001796
0.002736
0.004226
0.001796
0.001798
0.004239
0.004256
0.002942
0.001921
0.001775
0.002685
0.001790
0.003204
0.004704
0.003687
0.004254
0.001771
0.004274
0.004308
0.001845
0.004306
0.001787
0.001773
0.003934
0.004260
0.001802
0.004246
0.004271
0.004300
0.003401
0.003740
0.002551
0.002050
0.004310
0.001802
0.002445
0.004259
0.004238
0.004563
0.004296
0.004262
0.004291
0.004265
0.002100
0.004344
0.003035
0.001765
0.004457
0.004325
0.003008
0.004364
0.004376
0.004277
0.004576
0.001786
0.003272
0.002533
0.001809
0.004370
0.004349
0.004311
0.004248
0.004287
0.004321
0.004329
0.002457
0.001774
0.004333
0.002257
0.004359
0.001774
0.001809
0.004231
0.001772
0.004310
0.004257
0.001886
0.004358
0.004255
0.004323
0.002107
0.004328
0.004260
0.004258
0.004285
0.004308
0.003046
0.002244
0.001819
0.001783
0.001791
0.001804
0.004249
0.004256
0.004405
0.002156
0.001770
0.004260
0.001775
0.004326
0.004225
0.004614
0.004334
0.004319
0.004400
0.001781
0.001771
0.001792
0.004262
0.001763
0.004299
0.004253
0.004266
0.004301
0.001761
0.004301
0.004261
0.004243
0.004399
0.002842
0.004260
0.004287
0.004300
0.004314
0.004254
0.003936
0.003958
0.001766
0.001822
0.001807
0.001798
0.004312
0.001784
0.001790
0.001799
0.004245
0.004288
0.002595
0.004302
0.001789
0.004259
0.004309
0.004248
0.003126
0.004237
0.002586
0.004262
0.004499
0.004262
0.004299
0.001901
0.001781
0.001834
0.004257
0.004284
0.001795
0.004313
0.004592
0.004302
0.004273
0.001784
0.001808
0.001761
0.002261
0.001786
0.001774
0.004400
0.004287
0.002382
0.004291
0.004221
0.004272
0.004350
0.004318
0.004343
0.004545
0.004275
0.004287
0.001794
0.004261
0.004371
0.004325
0.004300
0.004307
0.004268
0.001796
0.004327
0.001773
0.002244
0.004494
0.004344
0.001771
0.004265
0.002710
0.001786
0.001789
0.001809
0.001797
0.001762
0.001783
0.001769
0.002460
0.001782
0.001775
0.003779
0.004250
0.004364
0.004305
0.004388
0.002906
0.001795
0.004300
0.004333
0.004303
0.004565
0.004269
0.004277
0.004262
0.001814
0.001764
0.004250
0.004228
0.004270
0.002310
0.004236
0.004282
0.004297
0.001774
0.004338
0.004241
0.004362
0.002443
0.002460
0.004262
0.004223
0.004293
0.004343
0.004427
0.004330
0.004336
0.001894
0.004258
0.004250
0.004328
0.002644
0.001772
0.002419
0.003217
0.001792
0.004247
0.004261
0.004519
0.001764
0.001781
0.004259
0.004436
0.001788
0.004302
0.004326
0.004289
0.001776
0.001783
0.001797
0.001789
0.004254
0.004304
0.004290
0.004265
0.001779
0.001795
0.001761
0.004285
0.004304
0.004522
0.004286
0.002712
0.003386
0.003575
0.002592
0.004236
0.004589
0.002013
0.002328
0.002122
0.004312
0.001828
0.002716
0.004271
0.004243
0.004246
0.004413
0.004513
0.001772
0.001792
0.004359
0.001767
0.004314
0.004302
0.004379
0.001759
0.004228
0.004255
0.004273
0.001778
0.001827
0.004307
0.004305
0.004252
0.004237
0.003709
0.004536
0.004312
0.004326
0.004300
0.004299
0.004260
0.001787
0.004281
0.002580
0.004259
0.004343
0.001778
0.001776
0.004304
0.002673
0.001771
0.004272
0.001784
0.002548
0.001812
0.001837
0.002734
0.004308
0.001769
0.001792
0.003415
0.002747
0.003023
0.004276
0.004265
0.004236
0.002845
0.001826
0.002714
0.002569
0.004240
0.002259
0.004296
0.003044
0.002272
0.004267
0.004374
0.004310
0.004221
0.003667
0.001764
0.004237
0.004243
0.004269
0.004366
0.004400
0.004417
0.004268
0.004262
0.004239
0.004353
0.004255
0.004479
0.004245
0.001799
0.004300
0.004293
0.001804
0.001766
0.004248
0.004279
0.002610
0.004268
0.004376
0.004344
0.003957
0.004336
0.004285
0.001787
0.001791
0.001779
0.001785
0.004320
0.003406
0.001771
0.004238
0.004632
0.004258
0.004281
0.001790
0.004351
0.004361
0.004348
0.004307
0.004323
0.001780
0.001833
0.001786
0.001772
0.002851
0.002690
0.001859
0.004381
0.001782
0.004393
0.004337
0.004307
0.002450
0.004248
0.004284
0.001789
0.004298
0.001821
0.001792
0.004441
0.001780
0.003247
0.004565
0.001780
0.002534
0.004261
0.004339
0.004328
0.002839
0.004254
0.002839
0.004318
0.004294
0.004294
0.004317
0.004421
0.004287
0.004269
0.001764
0.002341
0.004302
0.001784
0.004226
0.001824
0.004289
0.004321
0.004293
0.004328
0.004327
0.004326
0.001772
0.004367
0.004520
0.004462
0.001786
0.001785
0.001772
0.001785
0.004326
0.004295
0.004267
0.002425
0.001787
0.004333
0.004241
0.004245
0.001815
0.004395
0.002431
0.001800
0.004282
0.004228
0.004295
0.004306
0.004297
0.004969
0.001811
0.001774
0.004251
0.004243
0.004300
0.001947
0.004332
0.001786
0.001789
0.001868
0.004612
0.004289
0.001788
0.004430
0.004554
0.004267
0.004396
0.004255
0.004548
0.001776
0.004261
0.001862
0.004307
0.004386
0.001811
0.001778
0.002698
0.004288
0.004274
0.004307
0.004251
0.004246
0.004568
0.004257
0.004260
0.004503
0.004240
0.004304
0.001779
0.004242
0.001769
0.004248
0.001826
0.003655
0.004284
0.004313
0.004249
0.004241
0.001761
0.001783
0.004248
0.001778
0.002932
0.004245
0.004271
0.001782
0.002173
0.004269
0.004241
0.004320
0.004234
0.001830
0.003295
0.001766
0.004282
0.001767
0.003448
0.004521
0.004281
0.004369
0.004347
0.004250
0.004262
0.001785
0.004266
0.004344
0.002954
0.004379
0.004253
0.002716
0.004259
0.003629
0.001771
0.004218
0.004242
0.004269
0.001803
0.001767
0.004292
0.001789
0.001797
0.004285
0.004351
0.001777
0.004242
0.001827
0.002252
0.004329
0.004295
0.004338
0.004271
0.004275
0.004283
0.004508
0.001960
0.001772
0.001773
0.004272
0.004296
0.004357
0.004368
0.001763
0.004278
0.004326
0.004354
0.004261
0.001843
0.004263
0.004365
0.004286
0.004274
0.001777
0.002206
0.004260
0.004390
0.004369
0.004570
0.004518
0.001784
0.004294
0.001783
0.001780
0.004283
0.004229
0.004358
0.004361
0.004276
0.004283
0.002931
0.004274
0.004325
0.004506
0.004254
0.004254
0.001902
0.001848
0.001777
0.001811
0.001785
0.001779
0.002585
0.004286
0.004348
0.001768
0.002874
0.004524
0.004299
0.002729
0.004359
0.004252
0.004232
0.004221
0.004241
0.004285
0.004412
0.004294
0.004310
0.004501
0.004345
0.004325
0.004220
0.004269
0.004259
0.001950
0.004379
