0.053679
0.052398
0.056455
0.059494
0.055022
0.070974
0.071978
0.083222
0.078198
0.093759
0.126007
0.086753
0.083428
0.066580
0.059123
0.059262
0.063799
0.074412
0.052445
0.092697
0.102564
0.109352
0.061327
0.064129
0.090866
0.074219
0.067230
0.082837
0.079848
0.124557
0.077933
0.086598
0.124494
0.066611
0.063656
0.071875
0.064630
0.057472
0.058737
0.073748
0.100802
0.119572
0.065588
0.048639
0.046432
0.050505
0.141698
0.091818
0.060390
0.106847
0.056592
0.074030
0.089689
0.061606
0.061335
0.069468
0.059664
0.075865
0.057545
0.089266
0.079002
0.059933
0.137234
0.116621
0.076389
0.051049
0.074272
0.072359
0.052210
0.041796
0.054291
0.064118
0.047606
0.056171
0.098414
0.084053
0.061953
0.084615
0.044260
0.042983
0.041860
0.043658
0.052653
0.057113
0.056738
0.063007
0.055664
0.052205
0.050576
0.057804
0.048377
0.056468
0.117282
0.092616
0.082817
0.073427
0.058207
0.074297
0.049118
0.043129
0.099381
0.077833
0.053826
0.064478
0.055389
0.087102
0.058173
0.054498
0.082169
0.071423
0.086766
0.066828
0.112996
0.100329
0.078891
0.061916
0.056994
0.070943
0.056705
0.048571
0.074937
0.043097
0.054061
0.074349
0.049727
0.103029
0.072462
0.115713
0.060199
0.067209
0.053504
0.137988
0.072340
0.077697
0.066302
0.057910
0.050837
0.083914
0.051790
0.079573
0.071859
0.066989
0.042785
0.034730
0.038271
0.039325
0.037595
0.056690
0.050995
0.084162
0.065459
0.058067
0.049900
0.064281
0.078688
0.068277
0.076848
0.055573
0.070212
0.091595
0.053814
0.076964
0.083549
0.048961
0.062416
0.054312
0.160639
0.088255
0.145401
0.097982
0.094542
0.052244
0.058491
0.050317
0.056623
0.060565
0.059432
0.107704
0.089838
0.062914
0.067268
0.063437
0.068712
0.082385
0.104080
0.101099
0.083224
0.050685
0.053594
0.046430
0.059710
0.039160
0.060490
0.050527
0.085233
0.081474
0.068747
0.080655
0.059596
0.099911
0.082381
0.089767
0.059301
0.099427
0.111933
0.092809
0.099777
0.138939
0.108820
0.061766
0.048402
0.053944
0.052997
0.116705
0.057066
0.101812
0.104366
0.159152
0.097651
0.127165
0.186226
0.104235
0.059579
0.091171
0.081417
0.087601
0.123513
0.105732
0.082358
0.096172
0.077772
0.094062
0.095862
0.062791
0.059946
0.083986
0.052803
0.047964
0.066199
0.108538
0.067032
0.118730
0.111857
0.076189
0.067547
0.094329
0.054415
0.074936
0.092755
0.067438
0.071773
0.097665
0.059570
0.055992
0.068895
0.057146
0.100402
0.074429
0.066887
0.096933
0.052650
0.060635
0.064317
0.056260
0.108729
0.055799
0.052199
0.090400
0.114007
0.072298
0.078391
0.077998
0.088325
0.095662
0.055592
0.056460
0.144758
0.086864
0.104015
0.074948
0.082760
0.046622
0.056173
0.051620
0.059314
0.062944
0.072540
0.072242
0.086659
0.099457
0.128842
0.119308
0.063321
0.056993
0.059715
0.053068
0.053951
0.095425
0.152535
0.077374
0.104433
0.063265
0.102289
0.078358
0.079995
0.051601
0.050978
0.062374
0.124759
0.125106
0.062249
0.051531
0.042758
0.045451
0.063725
0.058381
0.047619
0.056721
0.049222
0.126919
0.071903
0.075216
0.101344
0.054442
0.061132
0.060110
0.059836
0.057889
0.052708
0.103232
0.074754
0.104265
0.067019
0.103678
0.057103
0.082861
0.065013
0.074758
0.056998
0.052143
0.065843
0.052492
0.080218
0.130571
0.053078
0.054728
0.058968
0.080521
0.061396
0.086071
0.062702
0.085379
0.057408
0.078594
0.140978
0.125080
0.106670
0.098740
0.057985
0.080048
0.073758
0.151640
0.091074
0.053553
0.109858
0.062266
0.137055
0.055505
0.081101
0.128497
0.066035
0.093818
0.062049
0.062887
0.058557
0.062153
0.067252
0.094710
0.071672
0.056734
0.056630
0.066258
0.070496
0.129881
0.092580
0.150780
0.152295
0.099907
0.096913
0.073959
0.106431
0.053614
0.077616
0.086266
0.100652
0.070829
0.137251
0.038523
0.075378
0.043752
0.043771
0.042710
0.109254
0.072049
0.081989
0.079004
0.123103
0.049565
0.052333
0.049376
0.083165
0.053879
0.061166
0.062917
0.058179
0.065462
0.068787
0.060650
0.053169
0.066411
0.055470
0.073391
0.052740
0.049618
0.051858
0.064174
0.048899
0.052154
0.070074
0.107671
0.089590
0.112279
0.062378
0.067058
0.140496
0.061906
0.092446
0.056345
0.055442
0.098513
0.086830
0.090839
0.067502
0.097894
0.092642
0.063865
0.121500
0.068417
0.135020
0.054892
0.061231
0.067421
0.086842
0.103341
0.099451
0.078647
0.057731
0.055220
0.068271
0.068165
0.068435
0.132399
0.071884
0.062730
0.054035
0.063083
0.109747
0.059838
0.077183
0.082828
0.049881
0.048839
0.069478
0.061363
0.115949
0.063106
0.046123
0.079500
0.082957
0.100844
0.071269
0.052837
0.048064
0.076614
0.053864
0.048226
0.054742
0.077971
0.086981
0.055398
0.060145
0.108089
0.060040
0.055458
0.084793
0.058644
0.058186
0.058422
0.150772
0.052033
0.072409
0.077419
0.087311
0.080767
0.068229
0.085867
0.076430
0.062539
0.110931
0.058948
0.069028
0.054441
0.058238
0.087872
0.059433
0.048850
0.054181
0.043317
0.058520
0.072299
0.134230
0.082086
0.085302
0.088768
0.134942
0.104587
0.048460
0.055961
0.076833
0.091241
0.080826
0.069716
0.088290
0.075512
0.070472
0.064289
0.053821
0.064246
0.071228
0.054310
0.071347
0.071643
0.083989
0.053122
0.075763
0.055701
0.050072
0.050619
0.056087
0.055157
0.077245
0.060781
0.056428
0.069655
0.062816
0.077883
0.112080
0.051426
0.049212
0.100981
0.112383
0.072227
0.064359
0.061778
0.065544
0.060113
0.051937
0.045075
0.047996
0.047123
0.040425
0.037107
0.038670
0.043464
0.036301
0.073725
0.075892
0.089430
0.114196
0.098081
0.095127
0.093947
0.066786
0.078518
0.058549
0.087591
0.056014
0.062404
0.079193
0.097462
0.092429
0.088569
0.084474
0.056434
0.052334
0.098475
0.098166
0.063613
0.102445
0.087623
0.063400
0.087159
0.058672
0.056059
0.058046
0.094809
0.057634
0.075270
0.051329
0.055790
0.055988
0.064503
0.049309
0.055557
0.053580
0.060088
0.055251
0.059101
0.053738
0.058257
0.059842
0.079859
0.107841
0.114122
0.123774
0.091694
0.054084
0.082219
0.094056
0.064462
0.065154
0.091007
0.072182
0.076842
0.088072
0.071614
0.071861
0.070711
0.121355
0.145918
0.090905
0.067210
0.063707
0.067851
0.094822
0.064231
0.073834
0.100359
0.077501
0.100580
0.050389
0.053737
0.125628
0.047343
0.069393
0.122361
0.081650
0.097803
0.067350
0.091025
0.112899
0.085454
0.056876
0.052073
0.059545
0.084496
0.100851
0.083950
0.075377
0.125381
0.085983
0.115436
0.089521
0.139485
0.080477
0.096578
0.101339
0.054625
0.069125
0.069080
0.073215
0.150643
0.067548
0.076272
0.094848
0.066590
0.096001
0.083615
0.070620
0.048594
0.074829
0.082398
0.094512
0.060122
0.071532
0.055511
0.043621
0.059745
0.069146
0.066310
0.064080
0.081337
0.053155
0.043308
0.045355
0.071920
0.050736
0.133877
0.161054
0.076587
0.096267
0.089244
0.050677
0.053767
0.099594
0.082757
0.095287
0.065998
0.082700
0.106751
0.055632
0.048120
0.078527
0.054291
0.069465
0.054141
0.059299
0.128511
0.098506
0.099113
0.048954
0.055090
0.041430
0.047074
0.044098
0.041337
0.101252
0.046496
0.044224
0.047539
0.046120
0.051466
0.047979
0.055914
0.071490
0.069340
0.064456
0.114086
0.059168
0.136573
0.068303
0.093515
0.109379
0.089684
0.052333
0.052959
0.085379
0.054891
0.118757
0.063543
0.073616
0.077843
0.072014
0.053240
0.053159
0.068761
0.056492
0.058628
0.063093
0.076105
0.054005
0.083486
0.116406
0.061337
0.098817
0.079044
0.129024
0.075698
0.053801
0.076802
0.096418
0.053080
0.067712
0.084627
0.086216
0.082954
0.058802
0.065135
0.056625
0.056036
0.079157
0.071094
0.092673
0.111885
0.194799
0.067544
0.108816
0.056869
0.063537
0.067069
0.101250
0.066605
0.069037
0.060630
0.070513
0.093079
0.066145
0.081978
0.074111
0.082349
0.067279
0.054822
0.052501
0.060699
0.053028
0.125867
0.072146
0.051709
0.055486
0.092509
0.055100
0.054363
0.052407
0.050005
0.093594
0.064235
0.045929
0.076290
0.059795
0.046101
0.069266
0.067248
0.054736
0.050526
0.056202
0.051151
0.140913
0.080489
0.076223
0.072599
0.084053
0.054216
0.055543
0.116529
0.065569
0.091392
0.047072
0.072438
0.068159
0.090863
0.118147
0.072494
0.074269
0.075452
0.064669
0.066385
0.073642
0.118576
0.101200
0.088816
0.073035
0.056481
0.051646
0.071365
0.060508
0.071951
0.065774
0.060183
0.066564
0.067602
0.070452
0.100404
0.064248
0.080665
0.066930
0.072004
0.052246
0.045076
0.047117
0.054125
0.054737
0.050577
0.059174
0.066396
0.069483
0.069722
0.069143
0.062956
0.048815
0.050761
0.043121
0.046037
0.045020
0.047912
0.043856
0.050856
0.062170
0.049745
0.088334
0.057614
0.092532
0.053217
0.054283
0.058949
0.053658
0.055983
0.086728
0.131717
0.066408
0.099800
0.073667
0.084936
0.111420
0.055543
0.058634
0.078264
0.060230
0.121433
0.075865
0.124834
0.081921
0.094879
0.086331
0.050182
0.049473
0.051713
0.050428
0.049169
0.051444
0.064280
0.048754
0.054159
0.054243
0.050238
0.050587
0.094889
0.090661
0.092100
0.076985
0.052854
0.068759
0.114562
0.080869
0.050854
0.067073
0.057303
0.077549
0.048218
0.065483
0.060531
0.088543
0.055146
0.066953
0.065147
0.078406
0.077331
0.138869
0.064703
0.052232
0.053324
0.082453
0.056148
0.072684
0.080076
0.072016
0.064227
0.075609
0.054731
0.066059
0.130312
0.074992
0.093473
0.065460
0.121416
0.102929
0.058439
0.045364
0.049785
0.049449
0.056820
0.062536
0.054744
0.081655
0.075735
0.057487
0.136563
0.106703
0.115264
0.073281
0.139245
0.095737
0.123427
0.059387
0.092880
0.051839
0.055085
0.065176
0.064830
0.070506
0.065624
0.064056
