0.020884
0.022921
0.028547
0.022629
0.022836
0.023035
0.024104
0.023457
0.023169
0.023526
0.020950
0.023348
0.024598
0.021911
0.022736
0.022241
0.021488
0.020466
0.021198
0.029802
0.027113
0.030430
0.023515
0.020893
0.026987
0.025062
0.025296
0.024697
0.023083
0.028178
0.023119
0.030214
0.030339
0.021674
0.020787
0.022863
0.020918
0.020805
0.021444
0.025588
0.027803
0.023493
0.020472
0.020978
0.020896
0.020626
0.031329
0.026115
0.020695
0.033826
0.025992
0.023447
0.021532
0.020690
0.020681
0.022682
0.020705
0.024350
0.022278
0.025131
0.020997
0.020773
0.033012
0.026880
0.020487
0.025707
0.020752
0.020905
0.022600
0.022960
0.020792
0.020621
0.020933
0.022151
0.030359
0.032530
0.021242
0.020900
0.021083
0.021289
0.022491
0.022976
0.020707
0.022239
0.023148
0.020890
0.020932
0.021258
0.025810
0.020737
0.024871
0.020728
0.026824
0.021646
0.027455
0.020971
0.020793
0.020965
0.021163
0.020887
0.028985
0.022699
0.020742
0.023240
0.024932
0.023815
0.025439
0.022542
0.020903
0.020763
0.030870
0.021145
0.027919
0.029640
0.020546
0.020861
0.023279
0.020960
0.020702
0.020951
0.020455
0.020669
0.020587
0.020877
0.020766
0.029598
0.021300
0.028370
0.028304
0.023860
0.025142
0.029338
0.020822
0.024173
0.020595
0.020929
0.023161
0.025319
0.020591
0.024558
0.021286
0.020703
0.021172
0.022279
0.021890
0.020640
0.021075
0.023172
0.020972
0.026212
0.021013
0.020701
0.022323
0.023488
0.026790
0.020978
0.020500
0.022811
0.023002
0.022286
0.021922
0.026248
0.025584
0.021565
0.023377
0.021706
0.023177
0.027731
0.030899
0.024214
0.030457
0.024903
0.023049
0.024550
0.024879
0.020942
0.024830
0.033324
0.024345
0.027435
0.020919
0.022525
0.020842
0.020791
0.023013
0.024393
0.022013
0.022189
0.021014
0.020745
0.022854
0.020681
0.020715
0.024989
0.030464
0.025528
0.022885
0.032626
0.021918
0.029352
0.021000
0.027648
0.020910
0.026976
0.028782
0.024068
0.029002
0.028143
0.021049
0.020599
0.020852
0.024163
0.021310
0.024368
0.020686
0.026304
0.028335
0.030441
0.020607
0.026457
0.027627
0.026234
0.027165
0.021296
0.020676
0.030902
0.031731
0.021877
0.024463
0.032727
0.024276
0.022535
0.028127
0.023315
0.021125
0.021553
0.021439
0.021259
0.021179
0.024351
0.020826
0.029411
0.031261
0.021686
0.026553
0.020623
0.022844
0.022361
0.026171
0.023689
0.024006
0.020915
0.020528
0.022623
0.022225
0.025417
0.025364
0.024520
0.021985
0.020852
0.021044
0.026641
0.020808
0.021538
0.025687
0.023082
0.021891
0.027214
0.021162
0.027473
0.027174
0.020726
0.024219
0.022741
0.021356
0.023012
0.027560
0.020859
0.023825
0.021998
0.027152
0.023075
0.022206
0.023316
0.020612
0.020564
0.024408
0.025427
0.023750
0.028064
0.025875
0.021407
0.022633
0.022440
0.021120
0.022991
0.020841
0.023631
0.027490
0.023670
0.031962
0.022645
0.030854
0.027634
0.031655
0.020767
0.021213
0.021332
0.033160
0.027105
0.021943
0.020607
0.022351
0.020716
0.020855
0.020616
0.021563
0.021044
0.021085
0.032337
0.020837
0.021065
0.022174
0.020865
0.022714
0.024125
0.022058
0.023933
0.023677
0.027598
0.021305
0.033775
0.020577
0.032220
0.020541
0.024005
0.022343
0.020502
0.023536
0.021010
0.021914
0.021609
0.028018
0.025890
0.022291
0.023027
0.022014
0.020880
0.020801
0.032236
0.022010
0.027947
0.022756
0.024061
0.027228
0.025913
0.032650
0.029858
0.023927
0.022973
0.025663
0.026491
0.026856
0.022064
0.021361
0.022264
0.020931
0.023399
0.023882
0.028524
0.020590
0.023612
0.025019
0.022476
0.022592
0.021651
0.023207
0.024886
0.023740
0.022805
0.023137
0.020875
0.029456
0.024131
0.021439
0.028156
0.027866
0.029493
0.027953
0.024133
0.028606
0.023171
0.022074
0.024969
0.021544
0.020822
0.029537
0.021681
0.024627
0.021133
0.025455
0.021876
0.029493
0.024079
0.020754
0.021033
0.023285
0.024215
0.025864
0.022341
0.020593
0.022681
0.029029
0.020999
0.022138
0.024656
0.025857
0.020533
0.021771
0.026812
0.022128
0.022561
0.024327
0.021133
0.021170
0.022802
0.020877
0.022152
0.020699
0.024950
0.021750
0.029264
0.022645
0.023481
0.027010
0.026811
0.023784
0.022510
0.021124
0.026698
0.021332
0.032648
0.022797
0.021496
0.024595
0.023047
0.033807
0.020536
0.030036
0.023305
0.021469
0.021129
0.023569
0.025567
0.023344
0.021975
0.024037
0.025001
0.023513
0.023143
0.020497
0.031933
0.024208
0.021909
0.022760
0.023979
0.030883
0.027151
0.026553
0.025780
0.020648
0.020875
0.020898
0.022851
0.025706
0.021973
0.020852
0.023314
0.023526
0.026067
0.022892
0.020548
0.021045
0.029798
0.022173
0.021221
0.020756
0.020826
0.020766
0.025387
0.022245
0.020790
0.022034
0.022537
0.022562
0.024071
0.020659
0.024123
0.030776
0.020821
0.020954
0.020845
0.025556
0.020998
0.023290
0.021039
0.020643
0.020769
0.031852
0.024416
0.020829
0.022038
0.021116
0.029296
0.023898
0.020970
0.024834
0.021036
0.020829
0.022835
0.031466
0.020547
0.020761
0.030991
0.029934
0.033604
0.023872
0.025071
0.026333
0.027921
0.029292
0.023421
0.023131
0.021860
0.022740
0.022007
0.022212
0.020590
0.021164
0.024073
0.020930
0.020808
0.031314
0.020580
0.020772
0.023296
0.021935
0.023515
0.025017
0.020917
0.021930
0.022803
0.022568
0.024209
0.020653
0.029401
0.029865
0.023353
0.022686
0.027527
0.027061
0.021493
0.022316
0.020781
0.020686
0.021071
0.024371
0.023394
0.020693
0.021457
0.020737
0.021222
0.020660
0.020893
0.021092
0.024325
0.020640
0.026571
0.028589
0.027266
0.021057
0.020758
0.020894
0.023062
0.022194
0.027764
0.020922
0.022817
0.027403
0.023176
0.032477
0.028112
0.030401
0.021430
0.021035
0.027257
0.022626
0.023095
0.026951
0.026309
0.023416
0.024493
0.021821
0.022208
0.023532
0.026914
0.022932
0.023330
0.024814
0.021683
0.021712
0.022265
0.020576
0.022077
0.020698
0.021036
0.021167
0.021285
0.022926
0.022598
0.020825
0.024909
0.030754
0.031441
0.023838
0.026812
0.024469
0.020536
0.024265
0.022736
0.022439
0.022774
0.023794
0.028913
0.021973
0.024162
0.023867
0.023664
0.021300
0.030166
0.028574
0.020817
0.024111
0.020748
0.027527
0.022982
0.020617
0.027804
0.022630
0.027618
0.024158
0.021764
0.025343
0.021085
0.022648
0.026105
0.022558
0.024702
0.023319
0.027456
0.029051
0.020656
0.026635
0.025050
0.020814
0.025195
0.027156
0.023649
0.021918
0.029023
0.022960
0.024170
0.022031
0.028463
0.024692
0.027795
0.021880
0.022128
0.020723
0.020781
0.024572
0.029062
0.021064
0.020616
0.020720
0.023123
0.024831
0.023726
0.021102
0.020817
0.020633
0.022863
0.030282
0.020538
0.020668
0.024254
0.020852
0.020966
0.025180
0.029182
0.031703
0.021364
0.020524
0.022383
0.021504
0.020790
0.024045
0.020866
0.028889
0.020868
0.026437
0.020609
0.021111
0.024337
0.020837
0.022690
0.030402
0.021058
0.022028
0.032451
0.020921
0.022899
0.020931
0.021777
0.021202
0.020860
0.020688
0.027729
0.030678
0.023019
0.021848
0.022341
0.020713
0.021358
0.023071
0.022060
0.030057
0.023208
0.020742
0.022666
0.020904
0.021742
0.023204
0.026959
0.026819
0.024957
0.027373
0.028912
0.023574
0.029623
0.022923
0.021019
0.025893
0.028254
0.021163
0.023016
0.022441
0.021045
0.032834
0.020719
0.022544
0.020688
0.020874
0.024422
0.020722
0.020819
0.021275
0.022977
0.025910
0.022603
0.020979
0.024918
0.029110
0.020897
0.030725
0.028027
0.031712
0.026668
0.023047
0.022714
0.024836
0.022703
0.023011
0.020820
0.024300
0.026703
0.020695
0.022809
0.025425
0.022798
0.024776
0.023776
0.024868
0.021665
0.030124
0.023064
0.032039
0.022422
0.025299
0.025415
0.033159
0.020565
0.020589
0.021749
0.020880
0.032484
0.020787
0.028257
0.022305
0.023691
0.022598
0.022577
0.024345
0.021672
0.023256
0.022591
0.027824
0.020629
0.021538
0.027937
0.023415
0.021156
0.021185
0.020975
0.021743
0.021903
0.020224
0.022736
0.020877
0.020897
0.023256
0.022275
0.020880
0.022116
0.020983
0.021023
0.021101
0.025968
0.027703
0.020692
0.032547
0.020767
0.022856
0.026761
0.020651
0.025228
0.020940
0.024750
0.020603
0.027470
0.026691
0.020944
0.021843
0.021439
0.021326
0.024045
0.020990
0.029546
0.029785
0.021474
0.021209
0.023167
0.026512
0.022069
0.025743
0.020946
0.020797
0.020691
0.022095
0.020722
0.020618
0.030110
0.025275
0.021193
0.020956
0.020887
0.020895
0.021797
0.020988
0.020498
0.020645
0.024466
0.021834
0.022877
0.020805
0.021430
0.023103
0.023751
0.020728
0.022540
0.022342
0.023263
0.022429
0.022359
0.022723
0.022245
0.023983
0.020844
0.021110
0.021003
0.020805
0.021047
0.021363
0.025672
0.020752
0.023446
0.020883
0.033285
0.021638
0.025410
0.026709
0.020862
0.023346
0.020636
0.023716
0.021725
0.021112
0.030920
0.028223
0.030082
0.020805
0.023231
0.029896
0.021366
0.024509
0.022386
0.020886
0.020974
0.023365
0.020962
0.021532
0.021036
0.025286
0.020554
0.023793
0.033492
0.022830
0.024913
0.020485
0.022887
0.020792
0.026524
0.025251
0.020631
0.022026
0.021950
0.027306
0.022722
0.023470
0.022130
0.026516
0.025659
0.020669
0.021911
0.023498
0.020997
0.029100
0.022817
0.023180
0.022947
0.026953
0.020948
0.025863
0.020640
0.022702
0.023781
0.021251
0.021274
0.023715
0.028410
0.025654
0.020874
0.020906
0.028207
0.027831
0.020897
0.020871
0.022960
0.020505
0.022667
0.025687
0.020923
0.027401
0.020903
0.023251
0.030275
0.030669
0.027196
0.025652
0.033545
0.022485
0.028655
0.024402
0.023786
0.021116
0.024593
0.020454
0.023164
0.022474
0.020990
0.020441
