0.001721
0.005329
0.004323
0.004406
0.004434
0.001743
0.001845
0.001740
0.001934
0.001797
0.001792
0.001839
0.001788
0.001793
0.004372
0.004448
0.001772
0.001758
0.002563
0.002465
0.001917
0.001801
0.004412
0.001806
0.002516
0.001685
0.001786
0.001687
0.001683
0.003219
0.001825
0.004438
0.001739
0.005361
0.004318
0.004278
0.004353
0.004411
0.004468
0.002320
0.004407
0.004346
0.004328
0.004700
0.004281
0.004296
0.001767
0.004289
0.001794
0.004311
0.004298
0.004300
0.004313
0.004322
0.004532
0.001728
0.002568
0.004495
0.004721
0.001927
0.002601
0.004164
0.004162
0.003171
0.004394
0.004323
0.004620
0.001786
0.004439
0.001663
0.001816
0.004381
0.002305
0.001747
0.001732
0.004207
0.004286
0.004215
0.004212
0.004355
0.002416
0.002473
0.001801
0.004564
0.001611
0.004306
0.004287
0.001729
0.001895
0.001867
0.004505
0.004519
0.001673
0.001975
0.004309
0.004327
0.001730
0.004115
0.004202
0.004252
0.001651
0.003373
0.002434
0.004329
0.001883
0.002839
0.004618
0.004638
0.001697
0.001792
0.003393
0.004233
0.001847
0.001883
0.001731
0.001869
0.001852
0.002547
0.004997
0.004546
0.004642
0.004619
0.001656
0.001754
0.001752
0.002649
0.001771
0.003646
0.001743
0.004260
0.004259
0.002903
0.004411
0.004488
0.001805
0.001634
0.001687
0.001735
0.001781
0.001719
0.001784
0.001780
0.004269
0.004222
0.004474
0.004409
0.004450
0.001763
0.001818
0.004243
0.001748
0.004510
0.003479
0.002613
0.004421
0.002923
0.004238
0.004216
0.001645
0.001648
0.001741
0.001653
0.001744
0.001769
0.001755
0.002309
0.002169
0.001776
0.001658
0.004258
0.001659
0.001761
0.001769
0.001750
0.004329
0.001686
0.001818
0.001635
0.004219
0.004398
0.001796
0.004428
0.004489
0.003579
0.001796
0.001664
0.001785
0.004359
0.004296
0.001725
0.004416
0.001664
0.001766
0.001790
0.004351
0.003735
0.004013
0.004451
0.005663
0.004446
0.001812
0.002582
0.002788
0.005145
0.001740
0.004255
0.004203
0.001725
0.001739
0.001643
0.001649
0.002752
0.002762
0.004407
0.001804
0.004161
0.001788
0.004330
0.001656
0.001767
0.001671
0.004320
0.001802
0.004767
0.004373
0.002763
0.001816
0.001802
0.001652
0.001762
0.004373
0.004350
0.002557
0.002520
0.001773
0.003343
0.004317
0.001739
0.002783
0.004433
0.001832
0.001852
0.002547
0.001789
0.004498
0.004278
0.001757
0.002683
0.002805
0.004280
0.001689
0.002810
0.001738
0.004329
0.001786
0.001813
0.004666
0.002235
0.003846
0.004227
0.004566
0.002747
0.002510
0.004213
0.001822
0.004774
0.004373
0.004427
0.001780
0.003525
0.004537
0.001742
0.004512
0.004418
0.001822
0.001802
0.001779
0.002520
0.001647
0.001982
0.004433
0.003480
0.001769
0.001797
0.002550
0.004611
0.004303
0.001941
0.004481
0.004254
0.001746
0.001647
0.001816
0.003287
0.004568
0.001815
0.002275
0.004572
0.004195
0.001773
0.002437
0.004071
0.004211
0.002942
0.001728
0.004194
0.004240
0.003072
0.001734
0.001806
0.004476
0.004424
0.001909
0.001770
0.001677
0.001769
0.001765
0.004382
0.001718
0.004297
0.002428
0.001837
0.001935
0.004633
0.001857
0.001880
0.001829
0.003271
0.001820
0.004298
0.002251
0.001770
0.001797
0.001860
0.001742
0.001881
0.001749
0.001752
0.004477
0.004477
0.004516
0.004258
0.001752
0.001745
0.002940
0.004365
0.004356
0.001734
0.001812
0.004386
0.001758
0.001761
0.003101
0.001669
0.001710
0.001740
0.004159
0.001628
0.002672
0.001774
0.001657
0.001761
0.001765
0.004356
0.001700
0.004361
0.001727
0.004263
0.004430
0.001615
0.003397
0.002768
0.001663
0.002723
0.001816
0.001771
0.003080
0.004272
0.002007
0.001728
0.001723
0.001611
0.004204
0.001759
0.004168
0.001718
0.002370
0.004472
0.004366
0.001805
0.004393
0.004231
0.004238
0.002249
0.004476
0.005745
0.001757
0.004188
0.004215
0.001789
0.004345
0.002468
0.004373
0.004429
0.001648
0.001650
0.004290
0.002861
0.001835
0.004494
0.005045
0.004853
0.004440
0.001760
0.004444
0.004197
0.001798
0.001840
0.001825
0.004437
0.001599
0.001786
0.002397
0.001672
0.004322
0.004324
0.001783
0.004423
0.004558
0.001757
0.004249
0.002544
0.004273
0.004346
0.004408
0.004256
0.001740
0.002005
0.001950
0.001852
0.001817
0.001810
0.004540
0.004392
0.002140
0.001875
0.001764
0.003321
0.002158
0.002435
0.001749
0.004243
0.004702
0.004624
0.004668
0.001891
0.001826
0.003440
0.004493
0.001835
0.001720
0.004581
0.004468
0.004472
0.002587
0.001808
0.004445
0.001685
0.004384
0.001634
0.002337
0.001778
0.004299
0.004515
0.004329
0.001767
0.001656
0.004349
0.001754
0.001786
0.001701
0.001785
0.001963
0.001790
0.003111
0.001797
0.004444
0.001736
0.004475
0.001811
0.002318
0.003108
0.004272
0.003014
0.002637
0.001770
0.001766
0.004286
0.001857
0.003157
0.004392
0.004386
0.001677
0.003768
0.002785
0.001761
0.004475
0.004263
0.002690
0.002968
0.001767
0.001775
0.002863
0.001782
0.002264
0.003454
0.001891
0.004484
0.001632
0.004262
0.004281
0.004340
0.004408
0.001841
0.004265
0.004332
0.004474
0.002464
0.002155
0.001810
0.004345
0.004388
0.002876
0.004292
0.001957
0.001763
0.004314
0.001685
0.002263
0.001828
0.001775
0.001836
0.004459
0.001848
0.001809
0.001713
0.001832
0.001755
0.001651
0.002080
0.001764
0.001755
0.004284
0.001839
0.001777
0.004294
0.001737
0.004294
0.004267
0.001664
0.001776
0.001777
0.001904
0.004306
0.004262
0.004336
0.004285
0.001779
0.001640
0.001617
0.004090
0.003421
0.004314
0.001715
0.002838
0.004169
0.001607
0.001663
0.002001
0.004309
0.004325
0.004299
0.001760
0.001757
0.004265
0.001839
0.001879
0.004445
0.004452
0.002765
0.001703
0.001797
0.001787
0.004220
0.001726
0.001725
0.001725
0.001630
0.001752
0.002790
0.004426
0.004606
0.001666
0.001786
0.004373
0.004761
0.001831
0.004758
0.004409
0.004315
0.001660
0.001778
0.002613
0.002879
0.003930
0.001845
0.004277
0.004284
0.001850
0.001791
0.001762
0.002689
0.001614
0.004231
0.001639
0.001855
0.001677
0.001754
0.004252
0.002557
0.003702
0.001802
0.001827
0.001832
0.002226
0.001784
0.002134
0.001644
0.004286
0.001803
0.004335
0.004375
0.004294
0.002909
0.004344
0.001743
0.004488
0.004374
0.004360
0.001785
0.004340
0.004463
0.004373
0.001804
0.001686
0.002666
0.004243
0.001739
0.001831
0.004477
0.004429
0.004453
0.003099
0.004425
0.004363
0.004355
0.001778
0.002681
0.001700
0.004265
0.002950
0.001750
0.001637
0.002284
0.002025
0.001675
0.001763
0.001765
0.001774
0.003599
0.001766
0.002865
0.001714
0.001807
0.001678
0.004377
0.004219
0.001744
0.004564
0.004551
0.004460
0.004349
0.003979
0.001782
0.001780
0.004286
0.004471
0.002188
0.004326
0.001724
0.004396
0.003518
0.002289
0.004251
0.001743
0.001831
0.004422
0.004415
0.004424
0.004437
0.004606
0.004337
0.001696
0.001799
0.004372
0.004368
0.001756
0.001755
0.004273
0.001702
0.002566
0.001771
0.001747
0.001879
0.001877
0.004824
0.001844
0.002726
0.004206
0.004201
0.001726
0.004204
0.004231
0.001650
0.001943
0.001784
0.001664
0.004340
0.001668
0.001694
0.002173
0.004645
0.004427
0.004351
0.004323
0.002894
0.001794
0.004323
0.004249
0.004336
0.001729
0.001748
0.001653
0.001740
0.001702
0.003502
0.001849
0.002289
0.001772
0.004247
0.004175
0.004189
0.001730
0.003377
0.004183
0.001783
0.001862
0.002111
0.001814
0.001828
0.001868
0.001777
0.001782
0.001691
0.001762
0.001732
0.004399
0.002804
0.004359
0.004424
0.004217
0.001745
0.004228
0.004207
0.004267
0.004219
0.004447
0.004103
0.001984
0.001819
0.004430
0.003616
0.001883
0.004753
0.001904
0.004255
0.001862
0.004526
0.004529
0.004557
0.001756
0.003986
0.004292
0.004367
0.001774
0.002579
0.001772
0.001752
0.001752
0.004461
0.004244
0.001724
0.003006
0.004331
0.004253
0.004298
0.004735
0.001762
0.001871
0.001817
0.001881
0.004529
0.004530
0.004233
0.004278
0.004508
0.002106
0.002201
0.004889
0.004299
0.001811
0.004289
0.003310
0.002205
0.002773
0.001650
0.002842
0.004289
0.001665
0.001772
0.004317
0.004398
0.004281
0.001772
0.001767
0.001710
0.003003
0.001747
0.001651
0.004276
0.001815
0.001725
0.001678
0.003191
0.004177
0.004454
0.004205
0.004208
0.004197
0.004227
0.004225
0.004232
0.004653
0.004244
0.001689
0.004305
0.001799
0.001802
0.001647
0.001870
0.004269
0.004415
0.004237
0.004784
0.004185
0.001724
0.001805
0.001808
0.002073
0.004442
0.004338
0.001775
0.001759
0.004475
0.003030
0.004544
0.002889
0.001754
0.001759
0.001768
0.003003
0.001794
0.001678
0.004248
0.001762
0.004263
0.004152
0.001865
0.001833
0.001821
0.003045
0.004361
0.001808
0.003316
0.004528
0.001728
0.004330
0.001693
0.002109
0.004457
0.004303
0.001790
0.001784
0.002073
0.003034
0.001650
0.001777
0.001769
0.004407
0.001750
0.002580
0.001661
0.001668
0.004366
0.002636
0.001809
0.004343
0.004321
0.004007
0.004366
0.001692
0.002338
0.001883
0.001821
0.004476
0.004393
0.004503
0.002151
0.002386
0.004384
0.001873
0.004251
0.001702
0.001777
0.004779
0.004393
0.004370
0.001685
0.001796
0.002266
0.002611
0.004512
0.004518
0.004447
0.001833
0.004526
0.003620
0.002202
0.004581
0.002490
0.004529
0.004583
0.004506
0.004575
0.002232
0.004235
0.004508
0.004515
0.004484
0.004454
0.001827
0.001783
0.003844
0.001719
0.001724
0.001812
0.001718
0.003153
0.004354
0.001737
0.003174
0.001851
0.004610
0.001757
0.004264
0.004456
0.004256
0.004270
0.004319
0.004269
0.004293
0.004290
0.004245
0.004208
0.004251
0.004193
0.004277
0.004287
0.004333
0.004044
0.002879
