0.000215
0.000481
0.000476
0.000256
0.000214
0.000216
0.000468
0.000485
0.000220
0.000468
0.000373
0.000219
0.000475
0.000217
0.000473
0.000472
0.000469
0.000511
0.000220
0.000215
0.000216
0.000219
0.000215
0.000542
0.000214
0.000585
0.000481
0.000473
0.000478
0.000500
0.000479
0.000218
0.000218
0.000219
0.000473
0.000466
0.000486
0.000483
0.000476
0.000477
0.000218
0.000218
0.000212
0.000217
0.000214
0.000470
0.000478
0.000481
0.000481
0.000472
0.000217
0.000214
0.000246
0.000447
0.000531
0.000475
0.000477
0.000474
0.000215
0.000215
0.000225
0.000213
0.000215
0.000473
0.000491
0.000474
0.000266
0.000472
0.000472
0.000482
0.000491
0.000470
0.000480
0.000292
0.000235
0.000332
0.000474
0.000500
0.000506
0.000475
0.000478
0.000213
0.000243
0.000217
0.000247
0.000217
0.000271
0.000475
0.000219
0.000482
0.000480
0.000213
0.000211
0.000236
0.000216
0.000480
0.000509
0.000479
0.000219
0.000317
0.000473
0.000470
0.000476
0.000474
0.000248
0.000214
0.000510
0.000226
0.000477
0.000483
0.000469
0.000504
0.000225
0.000214
0.000480
0.000221
0.000470
0.000479
0.000217
0.000551
0.000476
0.000531
0.000475
0.000215
0.000475
0.000216
0.000511
0.000478
0.000218
0.000285
0.000215
0.000218
0.000217
0.000215
0.000255
0.000217
0.000213
0.000477
0.000472
0.000475
0.000214
0.000476
0.000469
0.000212
0.000215
0.000471
0.000297
0.000484
0.000501
0.000481
0.000250
0.000475
0.000281
0.000214
0.000386
0.000219
0.000476
0.000480
0.000219
0.000214
0.000449
0.000520
0.000484
0.000485
0.000490
0.000217
0.000484
0.000469
0.000224
0.000215
0.000223
0.000473
0.000474
0.000474
0.000478
0.000493
0.000482
0.000480
0.000480
0.000473
0.000613
0.000469
0.000217
0.000343
0.000214
0.000216
0.000215
0.000213
0.000217
0.000217
0.000419
0.000216
0.000219
0.000217
0.000210
0.000476
0.000217
0.000215
0.000216
0.000214
0.000475
0.000477
0.000690
0.000316
0.000479
0.000296
0.000231
0.000474
0.000288
0.000221
0.000212
0.000216
0.000478
0.000533
0.000213
0.000214
0.000687
0.000214
0.000213
0.000249
0.000279
0.000218
0.000243
0.000216
0.000482
0.000214
0.000215
0.000476
0.000476
0.000523
0.000500
0.000559
0.000217
0.000449
0.000297
0.000218
0.000335
0.000477
0.000474
0.000470
0.000216
0.000313
0.000220
0.000447
0.000216
0.000331
0.000245
0.000294
0.000216
0.000480
0.000233
0.000473
0.000474
0.000576
0.000483
0.000475
0.000473
0.000468
0.000213
0.000216
0.000215
0.000470
0.000313
0.000216
0.000213
0.000482
0.000214
0.000216
0.000321
0.000229
0.000217
0.000218
0.000249
0.000215
0.000417
0.000475
0.000486
0.000479
0.000214
0.000467
0.000480
0.000471
0.000284
0.000356
0.000218
0.000219
0.000217
0.000219
0.000476
0.000471
0.000211
0.000482
0.000515
0.000213
0.000550
0.000469
0.000465
0.000216
0.000285
0.000215
0.000215
0.000215
0.000216
0.000215
0.000410
0.000466
0.000214
0.000214
0.000590
0.000212
0.000215
0.000275
0.000229
0.000475
0.000468
0.000217
0.000262
0.000217
0.000258
0.000217
0.000257
0.000213
0.000214
0.000217
0.000214
0.000497
0.000479
0.000213
0.000490
0.000471
0.000467
0.000224
0.000487
0.000211
0.000218
0.000470
0.000259
0.000288
0.000231
0.000500
0.000478
0.000483
0.000705
0.000212
0.000229
0.000211
0.000482
0.000218
0.000214
0.000217
0.000534
0.000484
0.000470
0.000477
0.000218
0.000478
0.000493
0.000486
0.000480
0.000506
0.000622
0.000236
0.000225
0.000496
0.000281
0.000476
0.000476
0.000473
0.000226
0.000475
0.000216
0.000471
0.000273
0.000464
0.000475
0.000471
0.000215
0.000468
0.000472
0.000472
0.000212
0.000211
0.000510
0.000222
0.000476
0.000480
0.000519
0.000480
0.000473
0.000469
0.000302
0.000258
0.000413
0.000217
0.000478
0.000215
0.000476
0.000270
0.000481
0.000479
0.000470
0.000268
0.000231
0.000214
0.000243
0.000217
0.000286
0.000479
0.000474
0.000224
0.000452
0.000477
0.000489
0.000470
0.000214
0.000215
0.000216
0.000472
0.000484
0.000212
0.000234
0.000472
0.000483
0.000472
0.000227
0.000228
0.000217
0.000476
0.000238
0.000473
0.000479
0.000492
0.000467
0.000503
0.000478
0.000472
0.000310
0.000219
0.000217
0.000342
0.000215
0.000475
0.000486
0.000506
0.000503
0.000541
0.000478
0.000480
0.000471
0.000227
0.000225
0.000226
0.000486
0.000259
0.000228
0.000334
0.000480
0.000217
0.000221
0.000217
0.000217
0.000418
0.000299
0.000217
0.000483
0.000514
0.000218
0.000212
0.000223
0.000216
0.000293
0.000213
0.000239
0.000479
0.000478
0.000219
0.000475
0.000472
0.000470
0.000230
0.000484
0.000471
0.000475
0.000475
0.000221
0.000476
0.000479
0.000484
0.000473
0.000312
0.000214
0.000466
0.000477
0.000218
0.000215
0.000214
0.000474
0.000476
0.000213
0.000216
0.000214
0.000474
0.000216
0.000216
0.000219
0.000502
0.000480
0.000216
0.000263
0.000471
0.000211
0.000214
0.000214
0.000215
0.000218
0.000328
0.000506
0.000631
0.000216
0.000475
0.000231
0.000212
0.000475
0.000303
0.000475
0.000473
0.000478
0.000212
0.000476
0.000477
0.000480
0.000214
0.000480
0.000364
0.000474
0.000329
0.000475
0.000475
0.000473
0.000473
0.000215
0.000471
0.000472
0.000212
0.000215
0.000285
0.000236
0.000470
0.000471
0.000482
0.000474
0.000482
0.000285
0.000474
0.000477
0.000468
0.000476
0.000219
0.000260
0.000215
0.000216
0.000474
0.000477
0.000217
0.000470
0.000473
0.000474
0.000481
0.000214
0.000216
0.000485
0.000473
0.000481
0.000216
0.000278
0.000218
0.000306
0.000215
0.000218
0.000215
0.000475
0.000472
0.000478
0.000464
0.000241
0.000235
0.000226
0.000513
0.000481
0.000253
0.000471
0.000472
0.000212
0.000474
0.000216
0.000508
0.000215
0.000548
0.000492
0.000477
0.000471
0.000213
0.000472
0.000306
0.000214
0.000211
0.000471
0.000472
0.000481
0.000216
0.000213
0.000343
0.000482
0.000490
0.000479
0.000215
0.000213
0.000255
0.000602
0.000473
0.000480
0.000218
0.000260
0.000293
0.000505
0.000474
0.000416
0.000211
0.000471
0.000212
0.000215
0.000218
0.000217
0.000406
0.000242
0.000220
0.000474
0.000213
0.000470
0.000214
0.000520
0.000480
0.000476
0.000475
0.000231
0.000471
0.000491
0.000475
0.000476
0.000469
0.000218
0.000211
0.000226
0.000199
0.000481
0.000476
0.000474
0.000345
0.000292
0.000475
0.000470
0.000473
0.000216
0.000477
0.000479
0.000215
0.000470
0.000214
0.000213
0.000475
0.000218
0.000326
0.000477
0.000511
0.000254
0.000484
0.000213
0.000468
0.000409
0.000218
0.000213
0.000208
0.000479
0.000478
0.000472
0.000216
0.000215
0.000214
0.000214
0.000307
0.000470
0.000467
0.000293
0.000210
0.000476
0.000474
0.000477
0.000471
0.000214
0.000472
0.000518
0.000322
0.000475
0.000473
0.000477
0.000221
0.000476
0.000218
0.000229
0.000526
0.000475
0.000327
0.000212
0.000476
0.000216
0.000223
0.000479
0.000218
0.000485
0.000214
0.000486
0.000212
0.000471
0.000479
0.000284
0.000215
0.000216
0.000217
0.000219
0.000214
0.000218
0.000217
0.000462
0.000475
0.000472
0.000223
0.000476
0.000479
0.000473
0.000476
0.000476
0.000529
0.000480
0.000471
0.000217
0.000470
0.000275
0.000214
0.000475
0.000217
0.000213
0.000476
0.000503
0.000478
0.000484
0.000216
0.000308
0.000479
0.000295
0.000217
0.000214
0.000474
0.000479
0.000213
0.000478
0.000491
0.000224
0.000472
0.000310
0.000473
0.000477
0.000310
0.000233
0.000473
0.000279
0.000219
0.000214
0.000477
0.000473
0.000213
0.000214
0.000469
0.000213
0.000463
0.000481
0.000214
0.000479
0.000479
0.000469
0.000483
0.000217
0.000298
0.000214
0.000214
0.000431
0.000470
0.000468
0.000474
0.000477
0.000481
0.000488
0.000214
0.000341
0.000471
0.000480
0.000228
0.000219
0.000213
0.000477
0.000214
0.000217
0.000474
0.000227
0.000342
0.000472
0.000212
0.000473
0.000470
0.000292
0.000213
0.000214
0.000213
0.000214
0.000479
0.000480
0.000476
0.000215
0.000215
0.000214
0.000218
0.000216
0.000466
0.000213
0.000281
0.000473
0.000467
0.000580
0.000410
0.000476
0.000301
0.000477
0.000471
0.000472
0.000219
0.000309
0.000220
0.000474
0.000470
0.000473
0.000213
0.000467
0.000470
0.000224
0.000272
0.000226
0.000539
0.000216
0.000470
0.000214
0.000471
0.000470
0.000213
0.000470
0.000506
0.000232
0.000478
0.000473
0.000214
0.000480
0.000488
0.000491
0.000474
0.000485
0.000214
0.000214
0.000227
0.000481
0.000229
0.000485
0.000220
0.000216
0.000217
0.000215
0.000215
0.000486
0.000482
0.000473
0.000473
0.000504
0.000474
0.000468
0.000475
0.000474
0.000214
0.000494
0.000469
0.000473
0.000216
0.000214
0.000476
0.000290
0.000471
0.000474
0.000213
0.000213
0.000407
0.000462
0.000234
0.000754
0.000471
0.000406
0.000512
0.000476
0.000215
0.000213
0.000468
0.000469
0.000476
0.000215
0.000500
0.000474
0.000468
0.000229
0.000474
0.000409
0.000480
0.000484
0.000504
0.000525
0.000476
0.000216
0.000216
0.000442
0.000551
0.000223
0.000446
0.000490
0.000217
0.000473
0.000267
0.000471
0.000469
0.000478
0.000473
0.000609
0.000476
0.000468
0.000476
0.000211
0.000212
0.000215
0.000476
0.000471
0.000294
0.000481
0.000476
0.000550
0.000212
0.000387
0.000481
0.000304
0.000477
0.000481
0.000492
0.000473
0.000477
0.000213
0.000296
0.000213
0.000471
0.000480
0.000473
0.000516
0.000661
0.000479
0.000479
0.000475
0.000474
0.000545
0.000475
0.000510
0.000468
0.000469
0.000222
0.000212
0.000477
0.000471
0.000487
0.000475
0.000481
0.000478
0.000481
0.000475
0.000473
0.000473
0.000475
0.000485
0.000471
0.000470
0.000476
0.000552
