0.000341
0.000337
0.000350
0.000199
0.000275
0.000344
0.000349
0.000341
0.000133
0.000347
0.000135
0.000154
0.000347
0.000159
0.000347
0.000193
0.000361
0.000344
0.000233
0.000146
0.000145
0.000144
0.000147
0.000146
0.000145
0.000346
0.000349
0.000140
0.000336
0.000342
0.000336
0.000129
0.000140
0.000139
0.000215
0.000334
0.000335
0.000337
0.000335
0.000334
0.000333
0.000127
0.000142
0.000135
0.000128
0.000224
0.000331
0.000334
0.000333
0.000334
0.000143
0.000137
0.000144
0.000145
0.000343
0.000353
0.000354
0.000344
0.000140
0.000142
0.000188
0.000156
0.000141
0.000246
0.000336
0.000375
0.000150
0.000140
0.000340
0.000340
0.000345
0.000352
0.000345
0.000140
0.000144
0.000144
0.000348
0.000334
0.000331
0.000331
0.000327
0.000127
0.000127
0.000168
0.000145
0.000344
0.000135
0.000260
0.000397
0.000347
0.000384
0.000140
0.000160
0.000198
0.000147
0.000344
0.000249
0.000257
0.000217
0.000142
0.000329
0.000332
0.000336
0.000328
0.000136
0.000136
0.000166
0.000217
0.000141
0.000337
0.000336
0.000340
0.000131
0.000141
0.000335
0.000140
0.000142
0.000346
0.000137
0.000134
0.000272
0.000349
0.000333
0.000345
0.000139
0.000140
0.000332
0.000344
0.000144
0.000144
0.000144
0.000143
0.000148
0.000130
0.000138
0.000142
0.000135
0.000216
0.000237
0.000342
0.000141
0.000139
0.000337
0.000145
0.000139
0.000255
0.000139
0.000339
0.000340
0.000332
0.000129
0.000173
0.000138
0.000130
0.000140
0.000142
0.000333
0.000333
0.000145
0.000246
0.000144
0.000351
0.000345
0.000342
0.000349
0.000143
0.000281
0.000348
0.000182
0.000131
0.000205
0.000328
0.000333
0.000383
0.000342
0.000343
0.000357
0.000342
0.000344
0.000351
0.000342
0.000399
0.000144
0.000142
0.000352
0.000148
0.000146
0.000133
0.000131
0.000138
0.000139
0.000137
0.000140
0.000129
0.000137
0.000271
0.000140
0.000130
0.000139
0.000143
0.000139
0.000336
0.000338
0.000139
0.000338
0.000138
0.000132
0.000336
0.000146
0.000147
0.000147
0.000142
0.000342
0.000378
0.000141
0.000141
0.000217
0.000217
0.000141
0.000258
0.000142
0.000223
0.000142
0.000166
0.000341
0.000140
0.000147
0.000344
0.000343
0.000350
0.000378
0.000388
0.000153
0.000153
0.000208
0.000148
0.000145
0.000146
0.000327
0.000326
0.000333
0.000136
0.000333
0.000136
0.000173
0.000138
0.000159
0.000141
0.000139
0.000138
0.000221
0.000288
0.000285
0.000246
0.000354
0.000334
0.000344
0.000349
0.000136
0.000143
0.000138
0.000336
0.000141
0.000190
0.000141
0.000343
0.000142
0.000131
0.000141
0.000143
0.000151
0.000139
0.000138
0.000131
0.000152
0.000371
0.000371
0.000370
0.000154
0.000373
0.000369
0.000339
0.000289
0.000182
0.000190
0.000140
0.000142
0.000141
0.000203
0.000383
0.000137
0.000338
0.000136
0.000165
0.000342
0.000365
0.000257
0.000154
0.000137
0.000137
0.000232
0.000139
0.000142
0.000142
0.000142
0.000303
0.000134
0.000137
0.000252
0.000210
0.000137
0.000138
0.000265
0.000137
0.000335
0.000142
0.000168
0.000152
0.000167
0.000173
0.000163
0.000143
0.000141
0.000143
0.000140
0.000348
0.000345
0.000146
0.000144
0.000349
0.000351
0.000425
0.000331
0.000138
0.000138
0.000359
0.000141
0.000141
0.000347
0.000195
0.000191
0.000346
0.000335
0.000140
0.000139
0.000131
0.000341
0.000141
0.000140
0.000389
0.000217
0.000356
0.000358
0.000356
0.000127
0.000404
0.000343
0.000340
0.000340
0.000345
0.000339
0.000153
0.000231
0.000265
0.000387
0.000348
0.000447
0.000462
0.000147
0.000279
0.000134
0.000194
0.000134
0.000357
0.000366
0.000358
0.000158
0.000344
0.000348
0.000354
0.000141
0.000139
0.000340
0.000142
0.000140
0.000342
0.000356
0.000220
0.000210
0.000332
0.000144
0.000139
0.000255
0.000139
0.000140
0.000139
0.000350
0.000146
0.000337
0.000327
0.000329
0.000187
0.000327
0.000237
0.000140
0.000139
0.000162
0.000334
0.000341
0.000138
0.000213
0.000348
0.000345
0.000340
0.000131
0.000139
0.000143
0.000141
0.000342
0.000149
0.000141
0.000340
0.000338
0.000406
0.000140
0.000133
0.000140
0.000338
0.000139
0.000333
0.000334
0.000331
0.000340
0.000338
0.000337
0.000330
0.000141
0.000142
0.000143
0.000144
0.000142
0.000343
0.000354
0.000327
0.000265
0.000329
0.000329
0.000331
0.000328
0.000132
0.000142
0.000128
0.000138
0.000138
0.000141
0.000138
0.000218
0.000135
0.000199
0.000139
0.000131
0.000140
0.000137
0.000140
0.000293
0.000342
0.000145
0.000219
0.000145
0.000145
0.000140
0.000220
0.000140
0.000339
0.000332
0.000130
0.000138
0.000352
0.000354
0.000145
0.000337
0.000336
0.000338
0.000337
0.000141
0.000340
0.000337
0.000337
0.000334
0.000140
0.000131
0.000140
0.000137
0.000132
0.000130
0.000144
0.000140
0.000336
0.000135
0.000136
0.000143
0.000205
0.000136
0.000145
0.000135
0.000135
0.000333
0.000127
0.000158
0.000276
0.000542
0.000143
0.000133
0.000134
0.000345
0.000135
0.000263
0.000370
0.000132
0.000141
0.000142
0.000143
0.000143
0.000146
0.000336
0.000338
0.000330
0.000136
0.000134
0.000345
0.000334
0.000330
0.000374
0.000143
0.000296
0.000131
0.000242
0.000345
0.000340
0.000340
0.000140
0.000140
0.000356
0.000131
0.000130
0.000142
0.000140
0.000341
0.000398
0.000331
0.000331
0.000214
0.000140
0.000197
0.000335
0.000334
0.000333
0.000139
0.000131
0.000144
0.000135
0.000236
0.000373
0.000138
0.000146
0.000346
0.000339
0.000340
0.000142
0.000143
0.000142
0.000348
0.000288
0.000132
0.000140
0.000141
0.000143
0.000144
0.000133
0.000129
0.000191
0.000279
0.000344
0.000364
0.000161
0.000139
0.000136
0.000341
0.000203
0.000130
0.000242
0.000341
0.000144
0.000329
0.000146
0.000305
0.000137
0.000330
0.000335
0.000333
0.000347
0.000130
0.000201
0.000132
0.000138
0.000131
0.000189
0.000332
0.000404
0.000137
0.000134
0.000134
0.000326
0.000403
0.000334
0.000144
0.000180
0.000164
0.000142
0.000338
0.000354
0.000141
0.000137
0.000138
0.000329
0.000331
0.000137
0.000134
0.000210
0.000137
0.000137
0.000145
0.000353
0.000144
0.000144
0.000145
0.000144
0.000129
0.000141
0.000139
0.000342
0.000338
0.000346
0.000336
0.000136
0.000219
0.000334
0.000341
0.000343
0.000272
0.000137
0.000217
0.000134
0.000138
0.000229
0.000342
0.000347
0.000143
0.000151
0.000331
0.000328
0.000331
0.000138
0.000136
0.000331
0.000136
0.000148
0.000144
0.000144
0.000143
0.000139
0.000146
0.000226
0.000336
0.000131
0.000142
0.000140
0.000356
0.000138
0.000164
0.000139
0.000128
0.000365
0.000364
0.000372
0.000129
0.000139
0.000139
0.000147
0.000137
0.000296
0.000267
0.000138
0.000137
0.000329
0.000326
0.000443
0.000330
0.000138
0.000150
0.000331
0.000137
0.000256
0.000328
0.000331
0.000138
0.000137
0.000137
0.000137
0.000378
0.000348
0.000146
0.000150
0.000326
0.000135
0.000140
0.000213
0.000141
0.000343
0.000131
0.000144
0.000139
0.000140
0.000338
0.000338
0.000141
0.000142
0.000246
0.000134
0.000133
0.000126
0.000326
0.000349
0.000359
0.000345
0.000142
0.000342
0.000347
0.000296
0.000349
0.000352
0.000356
0.000355
0.000350
0.000135
0.000346
0.000344
0.000145
0.000349
0.000200
0.000148
0.000358
0.000333
0.000334
0.000343
0.000152
0.000139
0.000341
0.000131
0.000136
0.000165
0.000337
0.000335
0.000138
0.000347
0.000337
0.000142
0.000332
0.000137
0.000292
0.000441
0.000212
0.000136
0.000331
0.000136
0.000138
0.000232
0.000137
0.000333
0.000146
0.000178
0.000394
0.000133
0.000132
0.000420
0.000139
0.000347
0.000341
0.000335
0.000407
0.000132
0.000143
0.000133
0.000141
0.000141
0.000329
0.000327
0.000335
0.000327
0.000327
0.000357
0.000145
0.000144
0.000251
0.000135
0.000188
0.000135
0.000180
0.000328
0.000155
0.000138
0.000586
0.000141
0.000143
0.000241
0.000131
0.000336
0.000333
0.000137
0.000144
0.000142
0.000142
0.000136
0.000364
0.000401
0.000360
0.000319
0.000128
0.000126
0.000135
0.000126
0.000136
0.000125
0.000207
0.000219
0.000351
0.000328
0.000140
0.000344
0.000141
0.000171
0.000337
0.000335
0.000139
0.000142
0.000143
0.000342
0.000343
0.000356
0.000141
0.000236
0.000343
0.000133
0.000144
0.000134
0.000143
0.000348
0.000345
0.000318
0.000143
0.000347
0.000147
0.000338
0.000324
0.000136
0.000362
0.000328
0.000138
0.000135
0.000328
0.000334
0.000309
0.000405
0.000143
0.000150
0.000137
0.000145
0.000128
0.000202
0.000141
0.000137
0.000137
0.000127
0.000142
0.000366
0.000140
0.000346
0.000364
0.000343
0.000345
0.000344
0.000347
0.000347
0.000353
0.000346
0.000350
0.000348
0.000128
0.000334
0.000351
0.000140
0.000201
0.000375
0.000214
0.000140
0.000141
0.000340
0.000141
0.000348
0.000402
0.000148
0.000359
0.000150
0.000213
0.000167
0.000354
0.000334
0.000332
0.000334
0.000334
0.000334
0.000350
0.000133
0.000231
0.000143
0.000340
0.000332
0.000340
0.000330
0.000333
0.000137
0.000136
0.000138
0.000333
0.000132
0.000140
0.000395
0.000132
0.000137
0.000133
0.000389
0.000376
0.000404
0.000369
0.000374
0.000331
0.000346
0.000351
0.000149
0.000214
0.000153
0.000152
0.000210
0.000152
0.000246
0.000416
0.000230
0.000128
0.000137
0.000263
0.000209
0.000226
0.000346
0.000345
0.000349
0.000139
0.000149
0.000131
0.000145
0.000347
0.000350
0.000354
0.000350
0.000348
0.000347
0.000355
0.000342
0.000387
0.000335
0.000337
0.000337
0.000352
0.000338
0.000348
0.000139
0.000347
0.000337
0.000340
0.000337
0.000336
0.000332
0.000335
0.000344
0.000332
0.000332
0.000336
0.000335
0.000339
0.000348
0.000343
0.000344
