0.024673
0.078433
0.080117
0.019026
0.024377
0.026708
0.047755
0.042057
0.024722
0.056398
0.042787
0.034879
0.060931
0.041802
0.060425
0.046413
0.059244
0.061685
0.036034
0.023638
0.017421
0.023891
0.021152
0.025956
0.020303
0.080460
0.083568
0.055428
0.063378
0.061316
0.064704
0.034470
0.038503
0.034498
0.058329
0.065716
0.062656
0.056864
0.049171
0.048425
0.038382
0.030994
0.014322
0.019493
0.017325
0.042222
0.037123
0.048293
0.047789
0.048858
0.018085
0.020017
0.022296
0.026575
0.044150
0.044352
0.037600
0.051679
0.027899
0.032052
0.022976
0.032677
0.029290
0.048720
0.071376
0.065543
0.027578
0.050869
0.056344
0.035846
0.060479
0.054176
0.051832
0.032043
0.024946
0.027402
0.050412
0.054223
0.057521
0.052033
0.037244
0.015925
0.013675
0.018044
0.026004
0.033897
0.031808
0.062984
0.021268
0.071033
0.048662
0.016815
0.013310
0.025719
0.019170
0.042387
0.049534
0.063566
0.033329
0.035659
0.060754
0.065500
0.047663
0.056604
0.028379
0.024933
0.038270
0.023762
0.059986
0.065050
0.064720
0.068189
0.026285
0.036075
0.081329
0.032235
0.038542
0.070140
0.032850
0.061510
0.053395
0.058595
0.056131
0.061459
0.057187
0.031636
0.062282
0.050468
0.033075
0.026828
0.025085
0.021441
0.020638
0.023551
0.027629
0.030875
0.032420
0.040553
0.041733
0.026936
0.022634
0.039280
0.048349
0.020558
0.029961
0.043753
0.019225
0.050995
0.057489
0.082940
0.030185
0.062544
0.027472
0.023671
0.044068
0.029213
0.041688
0.042517
0.019282
0.020722
0.027625
0.042967
0.053947
0.045962
0.050889
0.018935
0.040369
0.055700
0.027745
0.015040
0.030582
0.062098
0.064957
0.068166
0.063002
0.037877
0.056492
0.062132
0.048129
0.053936
0.044436
0.050706
0.016649
0.024081
0.076638
0.023920
0.026163
0.019312
0.013528
0.020469
0.025517
0.015672
0.016136
0.012688
0.011687
0.037504
0.020055
0.031365
0.030424
0.023928
0.053139
0.068278
0.057868
0.033328
0.065724
0.022575
0.023330
0.063458
0.053518
0.026676
0.011397
0.027092
0.063159
0.055368
0.021567
0.022565
0.036515
0.029418
0.029272
0.018598
0.024558
0.044516
0.027027
0.030189
0.058991
0.032159
0.029934
0.042744
0.048903
0.059058
0.044098
0.050786
0.022501
0.034651
0.028428
0.027132
0.030272
0.056454
0.053182
0.053805
0.018679
0.036268
0.025682
0.036064
0.023645
0.029971
0.026374
0.022808
0.036646
0.041912
0.025522
0.073059
0.071041
0.071518
0.081882
0.068939
0.064946
0.077168
0.028040
0.021107
0.022177
0.052337
0.027730
0.035802
0.016223
0.041004
0.034748
0.033083
0.033641
0.024097
0.021409
0.024259
0.029821
0.024936
0.035212
0.058669
0.054307
0.056213
0.023242
0.066055
0.049361
0.079830
0.035592
0.039736
0.043329
0.041389
0.028027
0.030243
0.045483
0.055764
0.022616
0.053306
0.059676
0.044227
0.053393
0.053839
0.043986
0.019045
0.021583
0.018139
0.024438
0.026582
0.032203
0.016362
0.027403
0.051055
0.022337
0.032928
0.039604
0.022998
0.024700
0.022172
0.030230
0.044015
0.080849
0.023587
0.044539
0.026748
0.058720
0.024343
0.050213
0.027439
0.024363
0.029711
0.035870
0.058309
0.071132
0.022073
0.039952
0.060082
0.062558
0.029415
0.036744
0.017832
0.014629
0.048976
0.025352
0.022271
0.053968
0.048089
0.047547
0.056027
0.057053
0.026521
0.022763
0.016002
0.047914
0.016701
0.017918
0.030905
0.067042
0.081104
0.069993
0.072162
0.035287
0.045196
0.070799
0.054974
0.049548
0.059958
0.056765
0.032248
0.021234
0.051051
0.023131
0.065075
0.072211
0.069955
0.029929
0.040899
0.019159
0.041487
0.020990
0.068349
0.067228
0.068994
0.031110
0.061143
0.055392
0.066295
0.022383
0.021739
0.059077
0.030160
0.046380
0.056088
0.059320
0.059426
0.060499
0.056027
0.030365
0.026266
0.023813
0.019482
0.038174
0.036647
0.051158
0.024014
0.053906
0.066528
0.061127
0.017515
0.028889
0.032175
0.023517
0.033158
0.026615
0.050938
0.055072
0.020701
0.030700
0.062795
0.062362
0.061561
0.021600
0.020411
0.017888
0.035823
0.045026
0.026062
0.015425
0.069760
0.068824
0.053901
0.024274
0.025263
0.032784
0.051488
0.020174
0.047609
0.043298
0.039278
0.042191
0.045822
0.039505
0.061862
0.026951
0.021481
0.022831
0.024705
0.019275
0.046315
0.047519
0.046606
0.041748
0.036088
0.042162
0.041648
0.048243
0.025815
0.025805
0.026314
0.062327
0.029252
0.025937
0.034594
0.090109
0.028926
0.032403
0.031046
0.021415
0.036436
0.036589
0.020982
0.040806
0.041426
0.030222
0.065538
0.041964
0.026271
0.025616
0.021313
0.022373
0.054452
0.065563
0.020755
0.054087
0.040172
0.046674
0.017639
0.037355
0.033685
0.032977
0.029401
0.013410
0.072405
0.066658
0.066939
0.059389
0.030477
0.025196
0.046768
0.039107
0.017976
0.017420
0.025428
0.040271
0.063515
0.023408
0.019909
0.032638
0.064951
0.019533
0.019536
0.021683
0.034994
0.051834
0.015383
0.028477
0.052056
0.022433
0.027002
0.021351
0.024309
0.020701
0.025144
0.051267
0.047093
0.033078
0.039814
0.026052
0.024799
0.042513
0.035739
0.082321
0.066978
0.071473
0.031711
0.058393
0.045081
0.033071
0.015882
0.068501
0.045407
0.072552
0.033654
0.058814
0.055027
0.061159
0.060006
0.032122
0.048478
0.062623
0.019308
0.023874
0.026203
0.022722
0.078323
0.057283
0.053336
0.054287
0.049189
0.026085
0.057550
0.061180
0.074696
0.062706
0.024608
0.027950
0.027991
0.039734
0.050066
0.044627
0.018544
0.040308
0.070045
0.072851
0.072478
0.034999
0.039198
0.058775
0.076499
0.084195
0.034404
0.033109
0.030980
0.034466
0.031240
0.033970
0.020190
0.041727
0.043957
0.067462
0.050051
0.026888
0.030012
0.025897
0.052744
0.038576
0.024873
0.043189
0.053651
0.018228
0.034799
0.013622
0.061639
0.024794
0.049234
0.065151
0.068421
0.068568
0.020800
0.035746
0.024999
0.021064
0.024413
0.042057
0.048535
0.056538
0.017111
0.028919
0.032312
0.050645
0.067537
0.069847
0.032630
0.076725
0.053682
0.038169
0.062691
0.060497
0.027879
0.008825
0.010293
0.018951
0.021263
0.017127
0.021012
0.050513
0.017808
0.017263
0.026609
0.018531
0.026051
0.029156
0.030780
0.045127
0.021796
0.033091
0.025432
0.052604
0.046958
0.081058
0.058489
0.029687
0.048272
0.079068
0.058964
0.066056
0.074357
0.027201
0.030261
0.027017
0.030776
0.061782
0.065296
0.079226
0.035433
0.032777
0.070470
0.084689
0.072937
0.027911
0.051389
0.067483
0.023409
0.040195
0.027091
0.026259
0.043455
0.019316
0.039407
0.070927
0.070339
0.032965
0.068790
0.032677
0.039203
0.032795
0.020954
0.017164
0.014482
0.044417
0.052004
0.040937
0.015578
0.017122
0.014510
0.015543
0.016297
0.028494
0.031252
0.015766
0.013903
0.031233
0.030288
0.029159
0.030507
0.026707
0.061487
0.067529
0.032843
0.047800
0.061440
0.066694
0.035904
0.061538
0.038582
0.025845
0.038113
0.047783
0.023309
0.022566
0.053305
0.020511
0.020701
0.047508
0.022626
0.056544
0.021646
0.036140
0.028523
0.046472
0.069806
0.084583
0.028619
0.031170
0.025858
0.033116
0.024594
0.028454
0.021737
0.056579
0.052000
0.063431
0.024614
0.048979
0.045495
0.057316
0.043490
0.045371
0.088255
0.064346
0.081957
0.033249
0.045595
0.078300
0.029464
0.049244
0.021189
0.024945
0.049374
0.046140
0.042949
0.040116
0.029078
0.031359
0.056923
0.023244
0.033818
0.035454
0.058756
0.073771
0.027553
0.072168
0.068383
0.024809
0.086853
0.029329
0.063031
0.073824
0.013498
0.021755
0.048004
0.022642
0.025678
0.030760
0.052745
0.060492
0.018048
0.030492
0.050406
0.025071
0.032556
0.045067
0.026758
0.050479
0.058917
0.072613
0.072782
0.023453
0.035970
0.027211
0.026512
0.029272
0.046837
0.042244
0.052789
0.050718
0.064571
0.043618
0.019416
0.026209
0.049448
0.071708
0.030507
0.030433
0.036501
0.051622
0.020066
0.018210
0.042401
0.026387
0.032787
0.056175
0.025687
0.048993
0.060703
0.029685
0.037553
0.026748
0.021813
0.022034
0.044639
0.044622
0.042602
0.020090
0.018150
0.023059
0.020515
0.018424
0.038077
0.021459
0.038009
0.076327
0.077146
0.079123
0.032649
0.074231
0.031577
0.059185
0.043227
0.042004
0.018054
0.022617
0.018796
0.052854
0.058201
0.051971
0.023433
0.035357
0.060412
0.021746
0.031828
0.021716
0.039600
0.025053
0.065142
0.019874
0.048647
0.067254
0.031426
0.033855
0.039392
0.016596
0.045634
0.048086
0.019277
0.040988
0.043886
0.041292
0.036743
0.050376
0.017041
0.019872
0.034688
0.059385
0.016116
0.038715
0.020591
0.016645
0.014134
0.018949
0.018338
0.041280
0.026181
0.059425
0.059234
0.058051
0.051040
0.057353
0.057124
0.047352
0.026395
0.060522
0.064318
0.052954
0.025539
0.014926
0.026069
0.010200
0.021212
0.020578
0.010853
0.020940
0.030609
0.049747
0.021078
0.062391
0.061074
0.028875
0.065086
0.056499
0.020901
0.020672
0.035806
0.057024
0.061727
0.027633
0.067797
0.057803
0.061505
0.024726
0.062372
0.047404
0.060074
0.041831
0.043152
0.044964
0.034119
0.017648
0.018698
0.030245
0.052595
0.023369
0.028152
0.050102
0.019364
0.030041
0.020656
0.061170
0.060861
0.044433
0.047947
0.040248
0.039022
0.044991
0.058080
0.022459
0.024952
0.028649
0.047429
0.049559
0.025835
0.062850
0.042987
0.023859
0.014430
0.023335
0.040853
0.032133
0.055466
0.056263
0.058670
0.061640
0.053941
0.021038
0.029136
0.024953
0.060380
0.066111
0.031689
0.038499
0.047890
0.030387
0.042765
0.075639
0.060953
0.079362
0.070087
0.045277
0.041996
0.040608
0.019015
0.019040
0.056868
0.045273
0.041459
0.074694
0.059852
0.078267
0.058919
0.057034
0.061812
0.053527
0.056521
0.061216
0.056760
0.058162
0.053527
0.056056
