0.101994
0.113658
0.110741
0.112772
0.126715
0.045616
0.056416
0.113022
0.041138
0.032633
0.032139
0.032825
0.032063
0.032554
0.069882
0.140576
0.059501
0.035793
0.040123
0.039998
0.074140
0.062354
0.126980
0.044077
0.069120
0.053928
0.047194
0.051488
0.044768
0.139016
0.084500
0.094504
0.063915
0.121148
0.106740
0.101336
0.042624
0.138422
0.125577
0.060035
0.096413
0.086348
0.095847
0.157622
0.153267
0.135797
0.110178
0.116707
0.123282
0.124500
0.132360
0.115045
0.110229
0.142114
0.050689
0.035785
0.041523
0.084227
0.069046
0.034343
0.067173
0.070636
0.072283
0.058730
0.111403
0.093378
0.056189
0.041099
0.072532
0.038835
0.036014
0.035828
0.071981
0.037199
0.085780
0.069653
0.076955
0.073489
0.120674
0.073158
0.046856
0.086256
0.074465
0.080958
0.030842
0.066053
0.073784
0.028252
0.049726
0.085713
0.114013
0.090876
0.051487
0.113209
0.134470
0.099471
0.070947
0.070605
0.134284
0.139311
0.058414
0.052183
0.085437
0.100592
0.094999
0.076690
0.132590
0.152207
0.043482
0.034806
0.058420
0.082281
0.021349
0.024295
0.023736
0.025625
0.027820
0.023308
0.059286
0.055999
0.113905
0.139632
0.042777
0.072654
0.042304
0.078959
0.038730
0.038354
0.088380
0.095656
0.099444
0.120233
0.151890
0.141180
0.070206
0.071473
0.054384
0.054353
0.119674
0.054595
0.053360
0.092090
0.074968
0.094563
0.139637
0.148755
0.153922
0.057699
0.104674
0.108497
0.095751
0.075908
0.067847
0.047433
0.107099
0.144604
0.150662
0.064330
0.030457
0.027692
0.031333
0.025670
0.023094
0.049652
0.046932
0.056609
0.076361
0.045091
0.060262
0.134865
0.073241
0.039985
0.041453
0.040762
0.082326
0.050384
0.063862
0.075831
0.122732
0.087225
0.050810
0.084799
0.085640
0.148432
0.064199
0.044110
0.102534
0.103481
0.113512
0.036519
0.088524
0.045849
0.076690
0.108178
0.154160
0.068056
0.161212
0.126785
0.100037
0.127043
0.054346
0.055905
0.101167
0.145838
0.081276
0.110821
0.104208
0.045732
0.038939
0.065195
0.059001
0.136769
0.061231
0.125846
0.068087
0.119055
0.031820
0.060112
0.027619
0.029314
0.022869
0.103581
0.072449
0.117988
0.142917
0.127902
0.047428
0.063935
0.060328
0.035206
0.103844
0.148717
0.111808
0.065754
0.063657
0.078048
0.114591
0.055786
0.085413
0.156733
0.097874
0.100717
0.091274
0.051349
0.102592
0.107574
0.073521
0.085695
0.091150
0.150165
0.065058
0.142645
0.058144
0.137805
0.059897
0.069555
0.120063
0.064307
0.098163
0.077445
0.122455
0.074269
0.066391
0.048368
0.108844
0.148436
0.162449
0.080368
0.036272
0.065511
0.081449
0.044116
0.136301
0.103305
0.056045
0.065175
0.052152
0.077035
0.064272
0.055695
0.105593
0.076628
0.055973
0.068100
0.116754
0.108977
0.140775
0.036817
0.149357
0.131064
0.060810
0.075699
0.044565
0.077286
0.123554
0.047528
0.087208
0.155862
0.153173
0.096179
0.079362
0.143839
0.115610
0.067652
0.071648
0.146328
0.105124
0.150954
0.081507
0.125209
0.139279
0.128102
0.088164
0.058583
0.035582
0.039729
0.091446
0.131998
0.043405
0.109892
0.140015
0.069723
0.050219
0.146881
0.106332
0.065142
0.066899
0.060390
0.075312
0.136612
0.047085
0.056967
0.048263
0.048983
0.056675
0.074930
0.059384
0.047934
0.128819
0.087947
0.093039
0.088548
0.058899
0.058444
0.118194
0.140631
0.124723
0.043209
0.061416
0.099783
0.042571
0.037990
0.084184
0.042517
0.047514
0.072939
0.096614
0.050501
0.047499
0.076499
0.077445
0.081537
0.083916
0.143890
0.072792
0.132116
0.028126
0.053004
0.087546
0.024900
0.067164
0.046000
0.058666
0.066126
0.123714
0.032598
0.075964
0.083055
0.065089
0.041975
0.063661
0.073358
0.047843
0.097940
0.120603
0.073838
0.103755
0.113524
0.119490
0.085705
0.125202
0.166769
0.125685
0.112969
0.115067
0.059813
0.051565
0.130903
0.101660
0.060828
0.116071
0.094321
0.100908
0.121129
0.071521
0.056595
0.066552
0.054607
0.099366
0.099781
0.126603
0.132349
0.142446
0.104210
0.116556
0.050226
0.061568
0.071965
0.063621
0.131192
0.050650
0.030500
0.091708
0.035604
0.096408
0.084877
0.035375
0.122169
0.137584
0.108955
0.173821
0.095463
0.138519
0.135305
0.143320
0.133195
0.065093
0.129821
0.130755
0.074982
0.072431
0.048103
0.123826
0.155132
0.077386
0.055445
0.037473
0.070751
0.067395
0.105978
0.075447
0.132864
0.118009
0.110978
0.101442
0.048914
0.057572
0.061421
0.161788
0.063843
0.109092
0.144287
0.100744
0.123278
0.087325
0.141915
0.097499
0.099215
0.139831
0.072487
0.097269
0.117257
0.114073
0.110688
0.115929
0.049311
0.062867
0.052973
0.036888
0.045676
0.055914
0.063324
0.057580
0.054684
0.048791
0.103606
0.102647
0.046947
0.089036
0.047386
0.137878
0.153605
0.099947
0.073336
0.167521
0.037236
0.069445
0.096145
0.090027
0.082822
0.045566
0.122645
0.047404
0.105869
0.094978
0.053238
0.096855
0.192677
0.088456
0.104815
0.042202
0.033834
0.093329
0.039264
0.035795
0.036243
0.077748
0.095707
0.050685
0.080149
0.074633
0.072590
0.153958
0.059592
0.103595
0.142355
0.134991
0.110332
0.050272
0.098495
0.078149
0.069543
0.068163
0.080538
0.087976
0.037823
0.091744
0.037944
0.037081
0.094474
0.079074
0.041948
0.104471
0.044967
0.071845
0.019854
0.023134
0.020674
0.029387
0.031551
0.027511
0.030176
0.026476
0.024131
0.072714
0.148218
0.107702
0.140073
0.109184
0.058871
0.041406
0.071892
0.073080
0.142481
0.111164
0.107972
0.122220
0.127540
0.041904
0.042994
0.082600
0.088971
0.076818
0.026878
0.073804
0.076953
0.052394
0.044124
0.072169
0.097943
0.088981
0.043631
0.044328
0.091788
0.140024
0.088530
0.107167
0.114713
0.123319
0.106754
0.059967
0.099744
0.092558
0.131963
0.061216
0.069224
0.062193
0.056594
0.051023
0.088507
0.058516
0.060394
0.032514
0.035673
0.087769
0.114095
0.029744
0.078924
0.126871
0.100455
0.057771
0.062643
0.052812
0.043849
0.124699
0.137718
0.131745
0.146151
0.062561
0.055523
0.124044
0.138439
0.111279
0.106468
0.107145
0.082255
0.065906
0.079612
0.186114
0.088147
0.083910
0.071201
0.037765
0.115231
0.116245
0.058558
0.060216
0.072895
0.108220
0.076938
0.086958
0.135833
0.086028
0.033226
0.067871
0.032136
0.120119
0.129703
0.128123
0.032402
0.069129
0.075431
0.087539
0.039245
0.040680
0.081438
0.082659
0.097521
0.124613
0.157470
0.097436
0.106860
0.089451
0.103151
0.103143
0.092328
0.044754
0.105464
0.050473
0.138623
0.101245
0.041894
0.040736
0.085126
0.057153
0.055035
0.084942
0.038291
0.038632
0.040687
0.042408
0.037195
0.093296
0.056145
0.050755
0.067317
0.046045
0.070011
0.139172
0.151267
0.162541
0.119026
0.058248
0.050827
0.062308
0.133252
0.126166
0.115434
0.058057
0.034329
0.095104
0.075056
0.133897
0.148417
0.075774
0.038612
0.104606
0.081871
0.095018
0.090284
0.107689
0.109604
0.067711
0.098854
0.143581
0.108189
0.083837
0.128738
0.136396
0.054095
0.127962
0.130960
0.041968
0.054676
0.081516
0.112743
0.041305
0.097954
0.094431
0.087331
0.050955
0.097591
0.102730
0.041107
0.034873
0.036529
0.033223
0.067709
0.038441
0.032521
0.127285
0.133392
0.132853
0.137499
0.055354
0.136405
0.112658
0.124050
0.051573
0.060564
0.020561
0.019827
0.022481
0.024241
0.053942
0.044183
0.055067
0.054302
0.047701
0.134709
0.130647
0.084633
0.059699
0.123237
0.119859
0.061394
0.065369
0.054320
0.039636
0.072678
0.039869
0.051088
0.090030
0.042933
0.044289
0.077198
0.134021
0.115425
0.086591
0.132737
0.103417
0.085787
0.095272
0.096401
0.096341
0.101660
0.144588
0.155851
0.038074
0.045419
0.070181
0.067011
0.096784
0.168738
0.130643
0.137160
0.069193
0.080107
0.084570
0.078273
0.045270
0.057151
0.058512
0.057853
0.024512
0.024101
0.026249
0.022104
0.048475
0.061723
0.069899
0.026302
0.023676
0.048356
0.047910
0.121790
0.052602
0.070984
0.064945
0.066589
0.123598
0.119327
0.123925
0.085214
0.110894
0.121738
0.036954
0.039006
0.086451
0.119510
0.080787
0.098195
0.160489
0.045865
0.031207
0.042852
0.074443
0.091422
0.051627
0.110878
0.114398
0.114249
0.101810
0.093111
0.081237
0.051573
0.084566
0.089335
0.085483
0.145152
0.031110
0.041873
0.034873
0.064676
0.070269
0.071496
0.077107
0.075516
0.072849
0.125544
0.118325
0.126453
0.117890
0.125130
0.044109
0.086899
0.039816
0.070288
0.062540
0.075490
0.095580
0.146579
0.109679
0.106783
0.046263
0.054305
0.078412
0.047066
0.061521
0.119575
0.127677
0.075378
0.055918
0.072346
0.065603
0.073831
0.080277
0.056274
0.066442
0.065419
0.157644
0.090682
0.055652
0.098258
0.136200
0.130126
0.075750
0.085412
0.078359
0.054712
0.099800
0.116405
0.064629
0.103502
0.080181
0.038932
0.145579
0.070198
0.040110
0.086076
0.089863
0.106777
0.040747
0.044610
0.118470
0.040516
0.061598
0.116645
0.102741
0.052803
0.077607
0.035980
0.023641
0.146554
0.077165
0.118846
0.113277
0.081410
0.072472
0.092397
0.031442
0.028326
0.024753
0.044779
0.063786
0.060949
0.079243
0.035944
0.072524
0.088166
0.083752
0.148631
0.070460
0.080625
0.062353
0.053194
0.100023
0.021768
0.025416
0.054245
0.064836
0.082488
0.077502
0.073315
0.035704
0.104051
0.039196
0.038767
0.094648
0.061489
0.068795
0.060752
0.067901
0.080213
0.068378
0.142510
0.124090
0.098790
0.131528
0.085258
0.039086
0.039773
0.038182
0.054683
0.042704
0.060844
0.044183
0.141217
0.107755
0.064520
0.071464
0.087590
0.148727
0.062923
0.114258
0.101565
0.084471
0.103629
0.085100
0.111954
0.085504
0.130160
0.098457
0.113695
0.086182
0.085555
0.129173
0.138280
0.113340
0.057579
0.127272
