0.005780
0.012070
0.012523
0.014322
0.015270
0.016022
0.004210
0.011490
0.007191
0.007376
0.006459
0.004154
0.012455
0.019823
0.016739
0.014405
0.018093
0.005481
0.013307
0.008998
0.006897
0.007161
0.013274
0.019847
0.006280
0.007689
0.006078
0.006324
0.008589
0.019504
0.005828
0.008768
0.007204
0.013480
0.014521
0.011058
0.020550
0.004393
0.013837
0.014966
0.018600
0.005485
0.004105
0.003873
0.004786
0.008862
0.004310
0.005286
0.013151
0.017226
0.013763
0.011412
0.017082
0.015579
0.006994
0.010340
0.007640
0.012695
0.019336
0.004520
0.007681
0.008939
0.014495
0.005175
0.005976
0.016594
0.014643
0.012440
0.004914
0.005439
0.003935
0.009653
0.015364
0.004183
0.004012
0.007219
0.012417
0.005604
0.011328
0.014448
0.014857
0.006621
0.005913
0.015491
0.016528
0.013370
0.011748
0.013430
0.005574
0.010217
0.005250
0.017623
0.005273
0.006442
0.008159
0.006435
0.004516
0.004350
0.003944
0.011259
0.018295
0.017715
0.013811
0.019141
0.015428
0.015916
0.017303
0.004497
0.004655
0.013703
0.005199
0.006246
0.008062
0.008811
0.006768
0.008751
0.007922
0.014170
0.019005
0.013628
0.018054
0.019634
0.012375
0.012320
0.012765
0.003941
0.003984
0.013733
0.014288
0.004258
0.005084
0.004996
0.004483
0.012088
0.004430
0.004239
0.003503
0.003700
0.015725
0.016969
0.003739
0.004966
0.007433
0.006794
0.013110
0.015075
0.005622
0.005108
0.007075
0.013167
0.006772
0.006049
0.005976
0.005874
0.006652
0.007764
0.005859
0.003994
0.005303
0.007326
0.008176
0.015612
0.012765
0.006068
0.009105
0.003899
0.004093
0.003889
0.013561
0.007529
0.007749
0.005144
0.005830
0.012428
0.004735
0.005948
0.004483
0.013923
0.004823
0.004308
0.008006
0.005417
0.005990
0.005856
0.007691
0.005343
0.007409
0.016900
0.018259
0.006248
0.005814
0.006532
0.016681
0.005588
0.006907
0.005918
0.016020
0.014427
0.004239
0.013161
0.005149
0.005581
0.004837
0.005461
0.004011
0.011006
0.004011
0.005490
0.006553
0.006467
0.009895
0.006450
0.009750
0.006854
0.013379
0.010665
0.013580
0.006150
0.011973
0.014881
0.004325
0.004470
0.005883
0.012367
0.009773
0.008058
0.004783
0.008356
0.008421
0.016378
0.005825
0.017612
0.015647
0.015105
0.012495
0.016213
0.004669
0.004449
0.015485
0.007645
0.017286
0.019180
0.019668
0.008752
0.005983
0.022235
0.005001
0.008481
0.008644
0.003918
0.014090
0.006467
0.008932
0.006222
0.008031
0.012904
0.004337
0.004588
0.004441
0.013589
0.012236
0.004760
0.010823
0.008779
0.006332
0.008444
0.004759
0.003390
0.005102
0.004217
0.005218
0.004863
0.014906
0.013451
0.006120
0.012838
0.004145
0.004004
0.004118
0.004351
0.003387
0.004573
0.005249
0.010813
0.003647
0.006244
0.004091
0.012901
0.009632
0.008782
0.012932
0.011210
0.013655
0.004592
0.004841
0.004558
0.005429
0.004546
0.012240
0.003799
0.005422
0.004820
0.004763
0.006045
0.015240
0.015850
0.005189
0.005523
0.005028
0.006047
0.013228
0.013952
0.006319
0.007706
0.003449
0.004739
0.009323
0.007470
0.006457
0.005595
0.009723
0.008405
0.010267
0.014542
0.012077
0.004918
0.005151
0.010361
0.018242
0.005290
0.020961
0.005925
0.012701
0.010286
0.006453
0.011223
0.018054
0.016143
0.016860
0.017243
0.011133
0.010253
0.017158
0.015612
0.016881
0.020656
0.014463
0.005632
0.012900
0.015670
0.012454
0.018218
0.015732
0.018566
0.005495
0.016194
0.016335
0.005470
0.003735
0.008682
0.006303
0.012724
0.017363
0.016937
0.020853
0.006762
0.013588
0.004753
0.014952
0.014688
0.020552
0.015340
0.021218
0.005226
0.012666
0.017404
0.010273
0.004298
0.005211
0.004865
0.005750
0.005289
0.006035
0.006096
0.005553
0.011362
0.006264
0.005232
0.005062
0.004550
0.007338
0.016419
0.015722
0.005863
0.005358
0.005158
0.015703
0.012477
0.013453
0.012411
0.013438
0.008423
0.012275
0.011438
0.010491
0.011246
0.009586
0.006049
0.004175
0.007219
0.005973
0.005137
0.011261
0.014230
0.005365
0.004416
0.017293
0.018435
0.016796
0.015071
0.005040
0.003727
0.006870
0.010888
0.004880
0.006370
0.005499
0.006291
0.004907
0.015435
0.012655
0.009515
0.005845
0.004991
0.006308
0.004472
0.011447
0.005241
0.005271
0.013900
0.009103
0.012280
0.005530
0.015426
0.013278
0.013094
0.007450
0.017089
0.004101
0.006511
0.006640
0.004845
0.013500
0.006051
0.008353
0.004444
0.006608
0.009533
0.004618
0.013042
0.005815
0.009948
0.009107
0.005643
0.005756
0.014509
0.018775
0.006346
0.008045
0.006048
0.015108
0.013790
0.011429
0.019671
0.005913
0.006893
0.009431
0.006436
0.006387
0.016697
0.017036
0.005862
0.015651
0.014027
0.006357
0.006818
0.013059
0.004285
0.005501
0.004662
0.004002
0.005314
0.012612
0.003772
0.003993
0.005971
0.016294
0.015141
0.017067
0.004758
0.006672
0.008047
0.006007
0.003741
0.004057
0.011120
0.004443
0.005492
0.011582
0.006057
0.016464
0.007975
0.012671
0.015954
0.011012
0.009516
0.006257
0.005049
0.005051
0.013049
0.004017
0.005612
0.008997
0.008875
0.014692
0.005796
0.007025
0.015191
0.006066
0.006805
0.016438
0.011136
0.004759
0.003622
0.004575
0.016913
0.017938
0.006504
0.005763
0.012256
0.004716
0.005222
0.016739
0.014517
0.015397
0.012323
0.012356
0.015960
0.006990
0.012120
0.014942
0.014666
0.003124
0.003440
0.003974
0.004809
0.006185
0.006494
0.004542
0.004528
0.004887
0.004351
0.003241
0.004505
0.008049
0.014613
0.016210
0.006546
0.007371
0.008675
0.014736
0.014418
0.015015
0.006435
0.007793
0.006627
0.008011
0.005957
0.012595
0.004851
0.004850
0.004242
0.007838
0.004525
0.004538
0.006990
0.015495
0.014214
0.013078
0.015035
0.015656
0.006042
0.010199
0.004089
0.012458
0.012429
0.011332
0.003994
0.004735
0.003665
0.009460
0.006658
0.013222
0.007778
0.008549
0.006189
0.005057
0.005747
0.006047
0.008396
0.013635
0.005341
0.014171
0.004949
0.004810
0.003895
0.010026
0.004593
0.009378
0.013077
0.004127
0.003772
0.003265
0.003202
0.002772
0.006587
0.005333
0.005840
0.005595
0.007575
0.005415
0.005095
0.013494
0.007218
0.004763
0.006268
0.004973
0.005899
0.004969
0.007180
0.005686
0.016703
0.007001
0.014371
0.014184
0.016579
0.010141
0.004755
0.005290
0.012967
0.006559
0.004891
0.005714
0.008061
0.010573
0.003854
0.003465
0.009561
0.013989
0.005663
0.006072
0.012806
0.017553
0.018277
0.005036
0.004955
0.004790
0.004635
0.004850
0.005206
0.010833
0.005457
0.006101
0.013370
0.004695
0.004436
0.007498
0.007035
0.006961
0.005933
0.006531
0.011364
0.014917
0.004441
0.004428
0.013194
0.012070
0.010609
0.009195
0.005039
0.005466
0.005631
0.011670
0.012602
0.013963
0.013319
0.003837
0.006539
0.016126
0.009879
0.012726
0.015888
0.009698
0.009965
0.004752
0.012792
0.004436
0.008054
0.010445
0.004351
0.006835
0.015301
0.017867
0.017762
0.006148
0.005832
0.015736
0.012158
0.013398
0.012329
0.006475
0.005568
0.006692
0.006227
0.007037
0.005878
0.016308
0.010947
0.006238
0.006175
0.005382
0.015315
0.006686
0.014509
0.010394
0.015533
0.012436
0.005514
0.017565
0.014122
0.010394
0.008401
0.017318
0.005838
0.005254
0.012205
0.005253
0.012231
0.010379
0.010009
0.010111
0.015094
0.010998
0.012847
0.006273
0.005337
0.007055
0.013428
0.003781
0.010367
0.004352
0.006932
0.011150
0.004428
0.005297
0.008215
0.007565
0.005899
0.005293
0.008729
0.011746
0.015340
0.013488
0.013612
0.005030
0.011436
0.010459
0.005653
0.006080
0.005784
0.004816
0.006684
0.004936
0.015020
0.013677
0.013584
0.013072
0.010085
0.004321
0.013990
0.013608
0.005392
0.005750
0.012920
0.004926
0.004331
0.013018
0.014215
0.011760
0.010275
0.006148
0.015623
0.011932
0.011021
0.007170
0.006772
0.007016
0.016150
0.012346
0.014674
0.009706
0.005634
0.010576
0.008533
0.010047
0.008989
0.005054
0.011904
0.013324
0.009131
0.006641
0.006584
0.005558
0.005023
0.006051
0.008736
0.017226
0.014283
0.005822
0.014829
0.005765
0.005468
0.004990
0.003873
0.020028
0.014444
0.006512
0.009967
0.013176
0.004430
0.003967
0.005814
0.015938
0.006612
0.015444
0.018873
0.009437
0.014072
0.013976
0.014544
0.004508
0.004504
0.005320
0.006583
0.004672
0.005585
0.003881
0.006852
0.016726
0.006027
0.016385
0.012135
0.013396
0.007279
0.006094
0.006383
0.008926
0.005496
0.006013
0.016571
0.006278
0.016800
0.013319
0.004547
0.004770
0.004650
0.006410
0.012072
0.011480
0.011967
0.003447
0.004576
0.005495
0.004550
0.004013
0.004108
0.005472
0.004123
0.010719
0.003834
0.011137
0.010668
0.004803
0.010901
0.005158
0.004594
0.006028
0.005706
0.006431
0.007812
0.009396
0.005259
0.004505
0.004907
0.011914
0.012669
0.010167
0.011741
0.009429
0.005067
0.012862
0.012928
0.011670
0.011199
0.013706
0.011299
0.015288
0.012176
0.006057
0.016849
0.011725
0.004601
0.005832
0.013798
0.015701
0.015173
0.012108
0.004253
0.003945
0.011957
0.011529
0.012824
0.004306
0.005980
0.014611
0.005464
0.012277
0.005869
0.003858
0.004936
0.005008
0.005014
0.004542
0.009395
0.007805
0.008563
0.014092
0.013775
0.017330
0.013973
0.013256
0.014003
0.017229
0.014828
0.016064
0.015004
0.014879
0.012798
0.015139
0.017411
0.019484
0.018337
0.014137
0.006993
0.007238
0.005616
0.014701
0.016764
0.011787
0.013208
0.014817
0.016399
0.012898
0.011481
0.012017
0.012972
0.016779
0.017233
0.015467
0.015726
0.016917
0.017676
0.017648
0.026879
0.006005
0.011102
0.014730
0.015836
0.019700
0.011758
0.005667
0.011867
0.013513
0.017471
0.018214
0.017609
0.017209
0.015785
0.015699
0.015327
0.018897
