0.001857
0.000986
0.001433
0.001517
0.001829
0.000766
0.000723
0.001548
0.000778
0.000742
0.000666
0.000775
0.000785
0.000833
0.001208
0.001994
0.001772
0.000715
0.000810
0.000760
0.000802
0.000692
0.000740
0.000746
0.000851
0.000780
0.001259
0.000851
0.000774
0.001964
0.001872
0.001789
0.000872
0.001827
0.002168
0.001714
0.001920
0.001764
0.000856
0.001889
0.001075
0.000749
0.001659
0.001971
0.001888
0.000745
0.000735
0.001602
0.001820
0.001706
0.000835
0.001791
0.001739
0.001861
0.001142
0.000783
0.000855
0.002394
0.001839
0.001777
0.000733
0.000644
0.000648
0.001541
0.001637
0.001004
0.000835
0.001910
0.002046
0.000782
0.000758
0.001994
0.001607
0.000858
0.001786
0.001872
0.001843
0.002907
0.000854
0.000763
0.000814
0.001833
0.001127
0.000785
0.001792
0.000686
0.000687
0.001706
0.000733
0.000741
0.001572
0.001855
0.001956
0.001719
0.001645
0.001425
0.001822
0.002034
0.001730
0.000837
0.001381
0.001377
0.000843
0.000778
0.001767
0.001761
0.000818
0.002065
0.000617
0.000695
0.001622
0.001641
0.001805
0.001534
0.001663
0.001439
0.001370
0.000624
0.001770
0.001293
0.001943
0.000832
0.000916
0.000740
0.000749
0.001847
0.002053
0.000806
0.000755
0.000958
0.001355
0.001104
0.000747
0.000720
0.000720
0.000815
0.000824
0.001474
0.000811
0.000733
0.000756
0.001508
0.001089
0.000795
0.001846
0.001741
0.000796
0.001431
0.001199
0.001290
0.001848
0.000730
0.002131
0.000661
0.000821
0.000848
0.001145
0.000639
0.001035
0.000745
0.000772
0.000712
0.000705
0.000974
0.000767
0.000796
0.000985
0.001643
0.000772
0.000852
0.001211
0.001671
0.001551
0.001792
0.001796
0.000769
0.000738
0.001136
0.000821
0.000734
0.000701
0.000795
0.000819
0.000760
0.000835
0.000780
0.000603
0.000555
0.000579
0.000651
0.000597
0.000763
0.000673
0.000765
0.000725
0.001402
0.001392
0.001439
0.001776
0.000865
0.000803
0.001962
0.001592
0.000850
0.001825
0.001074
0.001100
0.002013
0.000843
0.001420
0.002169
0.001834
0.000843
0.000915
0.000767
0.000983
0.000949
0.002001
0.001669
0.000745
0.001895
0.001817
0.001998
0.000561
0.000994
0.001173
0.000688
0.000799
0.002257
0.000851
0.002192
0.001812
0.002450
0.000977
0.001469
0.000926
0.001128
0.000744
0.000772
0.000777
0.001080
0.000778
0.002284
0.002449
0.002590
0.000802
0.000649
0.000778
0.001794
0.001928
0.001707
0.000969
0.000939
0.000632
0.000634
0.000726
0.000624
0.000634
0.000670
0.000741
0.000744
0.000830
0.001896
0.001793
0.001799
0.001057
0.000689
0.000623
0.002805
0.000769
0.001006
0.002020
0.001494
0.001534
0.000768
0.000744
0.001709
0.000720
0.000780
0.000668
0.001514
0.001456
0.000722
0.000670
0.001633
0.001787
0.001762
0.001608
0.000868
0.000736
0.000811
0.001708
0.001852
0.004012
0.000774
0.000817
0.000777
0.000851
0.001191
0.001930
0.001880
0.001862
0.005095
0.000782
0.001141
0.000644
0.001177
0.002192
0.000803
0.000767
0.000729
0.001775
0.001037
0.000717
0.000753
0.000649
0.000766
0.000746
0.002082
0.000834
0.000750
0.001487
0.004996
0.000923
0.002212
0.000792
0.000896
0.000742
0.000739
0.001790
0.000845
0.000793
0.000980
0.000778
0.000738
0.001720
0.001781
0.000871
0.000786
0.002129
0.001813
0.001669
0.001641
0.001916
0.001528
0.001776
0.001730
0.001911
0.001073
0.001754
0.001637
0.000783
0.000890
0.000774
0.001658
0.000676
0.001331
0.000684
0.001264
0.000808
0.001605
0.001578
0.001894
0.001863
0.000846
0.000637
0.001407
0.000851
0.000992
0.001482
0.001482
0.001520
0.001743
0.000707
0.000688
0.001318
0.001629
0.001671
0.000938
0.000780
0.001812
0.001842
0.002117
0.000853
0.000679
0.001122
0.000796
0.000798
0.000762
0.001665
0.000920
0.001991
0.001865
0.000873
0.002193
0.000762
0.000816
0.001015
0.000818
0.001965
0.001833
0.001325
0.001061
0.003555
0.003059
0.001645
0.001984
0.000748
0.000860
0.000765
0.000746
0.000757
0.001057
0.001522
0.001722
0.001457
0.000650
0.000542
0.000866
0.000893
0.000727
0.000701
0.000642
0.000619
0.000694
0.001525
0.001443
0.001678
0.002639
0.002038
0.001521
0.001416
0.000646
0.000719
0.000613
0.000728
0.000855
0.004237
0.001802
0.002242
0.001906
0.001728
0.000728
0.000787
0.001970
0.001790
0.000781
0.000832
0.000825
0.000745
0.003398
0.000728
0.000855
0.000714
0.000613
0.001505
0.000661
0.000771
0.000773
0.000902
0.001194
0.000761
0.001830
0.000743
0.001219
0.001177
0.000763
0.000819
0.001265
0.000768
0.000877
0.001047
0.000830
0.001041
0.001714
0.000806
0.000827
0.001835
0.001881
0.001692
0.000747
0.001793
0.001903
0.000857
0.001126
0.000793
0.001730
0.000795
0.000723
0.000821
0.000829
0.000735
0.000811
0.000815
0.000881
0.000767
0.001937
0.001235
0.001020
0.000710
0.000739
0.000652
0.000628
0.000823
0.001926
0.000784
0.000732
0.000866
0.000806
0.000720
0.001736
0.001764
0.001195
0.001062
0.000834
0.000724
0.000771
0.000731
0.000889
0.000741
0.000751
0.000730
0.000739
0.001864
0.001779
0.000836
0.000786
0.001882
0.000767
0.000952
0.000820
0.001799
0.001800
0.001839
0.000889
0.000714
0.000834
0.001023
0.001871
0.001780
0.001912
0.000777
0.001638
0.001648
0.001752
0.001678
0.000917
0.000840
0.000780
0.001949
0.001833
0.001908
0.000812
0.000902
0.001034
0.000876
0.003546
0.001877
0.001850
0.002279
0.001656
0.001726
0.000996
0.000872
0.000717
0.000807
0.000763
0.000753
0.001894
0.000907
0.000745
0.000761
0.000862
0.000756
0.000847
0.001727
0.000848
0.000747
0.000757
0.000768
0.001808
0.001500
0.000963
0.000781
0.000693
0.000703
0.000696
0.001459
0.002514
0.000622
0.000581
0.000753
0.001642
0.001655
0.000772
0.000546
0.001792
0.000720
0.001570
0.000742
0.000807
0.001676
0.000806
0.000645
0.000705
0.001641
0.001941
0.001882
0.000831
0.000718
0.000713
0.001886
0.000759
0.000714
0.001701
0.002118
0.000780
0.000696
0.001534
0.000711
0.002245
0.000914
0.000948
0.001856
0.001734
0.001725
0.000834
0.000794
0.000772
0.001076
0.000791
0.000754
0.000806
0.000956
0.002896
0.000785
0.000762
0.000735
0.001538
0.001664
0.001790
0.000759
0.000914
0.000762
0.000744
0.000774
0.001154
0.002027
0.001793
0.001483
0.001800
0.001740
0.000743
0.000713
0.001149
0.000854
0.001952
0.000843
0.001671
0.000811
0.000717
0.000737
0.000741
0.001742
0.001374
0.000835
0.000656
0.000783
0.000806
0.001847
0.000851
0.002060
0.000758
0.000846
0.000902
0.000771
0.000801
0.001211
0.001690
0.000620
0.002125
0.001334
0.000812
0.001964
0.000823
0.000690
0.000681
0.001073
0.000884
0.001819
0.001838
0.002174
0.001785
0.001782
0.002204
0.002709
0.001739
0.001789
0.000704
0.000759
0.001063
0.001874
0.001788
0.001822
0.001848
0.001996
0.000741
0.000811
0.000774
0.001941
0.001990
0.001780
0.001898
0.000838
0.000831
0.001867
0.000794
0.001282
0.001930
0.001952
0.000865
0.000876
0.000748
0.000771
0.001122
0.001381
0.001651
0.000872
0.002022
0.001660
0.001747
0.001391
0.001131
0.001139
0.001810
0.001639
0.005796
0.003225
0.001914
0.002032
0.000855
0.000676
0.001541
0.001238
0.002696
0.001769
0.002180
0.002021
0.001824
0.001625
0.001212
0.001244
0.001672
0.001739
0.001950
0.002099
0.000863
0.000819
0.000690
0.001821
0.000880
0.000820
0.000673
0.001766
0.001738
0.001799
0.001607
0.001637
0.001700
0.000884
0.000857
0.000665
0.001097
0.001798
0.001800
0.001670
0.000830
0.001485
0.002612
0.001426
0.000717
0.000703
0.000563
0.000698
0.000904
0.000730
0.001620
0.000789
0.001387
0.001339
0.001425
0.000605
0.001567
0.000650
0.002592
0.002777
0.002216
0.001827
0.000885
0.001862
0.002237
0.001809
0.002839
0.001155
0.000866
0.000829
0.001914
0.000931
0.000846
0.000800
0.000759
0.000793
0.000831
0.001744
0.001777
0.001993
0.001828
0.001931
0.001890
0.000819
0.001886
0.001799
0.000690
0.000751
0.000975
0.001428
0.001274
0.001291
0.001835
0.000808
0.000888
0.001016
0.001045
0.000823
0.001724
0.001700
0.000693
0.000809
0.000827
0.001772
0.000719
0.000835
0.000853
0.001432
0.000933
0.001847
0.002285
0.001879
0.001969
0.013259
0.000766
0.001358
0.001375
0.001376
0.001134
0.000865
0.000808
0.000659
0.001987
0.001001
0.001495
0.001875
0.001679
0.000799
0.000733
0.000823
0.001530
0.000760
0.000794
0.001826
0.000825
0.001769
0.002108
0.000873
0.000956
0.000861
0.000791
0.001898
0.001660
0.000903
0.000882
0.000707
0.000696
0.001748
0.000753
0.001023
0.001769
0.001791
0.000700
0.001420
0.000982
0.000779
0.000765
0.000715
0.000993
0.000849
0.001034
0.000770
0.000771
0.001804
0.000726
0.001802
0.001064
0.000762
0.001813
0.000894
0.001827
0.001955
0.001938
0.000867
0.000818
0.000779
0.001729
0.001232
0.000890
0.001773
0.001746
0.001723
0.000709
0.000726
0.001816
0.001780
0.002022
0.002295
0.001992
0.001792
0.001805
0.000785
0.000824
0.001680
0.000686
0.002339
0.000864
0.000833
0.000761
0.001839
0.001779
0.001987
0.001681
0.002054
0.000736
0.000566
0.000750
0.001875
0.001343
0.001407
0.001867
0.000809
0.001911
0.000856
0.001754
0.001850
0.000831
0.001875
0.001826
0.000764
0.001786
0.000867
0.000855
0.001000
0.001224
0.002425
0.001842
0.001917
0.001807
0.001138
0.000827
0.000717
0.000640
0.001041
0.000817
0.001784
0.002161
0.001748
0.001623
0.001711
0.001760
0.001706
0.002204
0.001639
0.002171
0.001862
0.000706
0.000642
0.001397
0.001731
0.002114
0.001524
0.001468
0.001485
0.001927
0.001604
0.001338
0.001336
0.002008
0.002577
0.001767
0.001786
0.001669
0.001587
0.020929
