1.6243756243756264e-6
0.0013121778221778218
5.86913086913091e-6
5.592792688858494e-8
5.9706338980682216e-5
1.671271763727924e-7
1.805994005994012e-5
0.009534168831168824
2.4539460539460503e-5
4.78560961416434e-7
0.0002941848886893021
6.211931135729158e-7
0.00023732067932067928
0.0408265634365634
0.000367177822177822
6.286043422204976e-6
0.0011264771957427092
8.131992135664831e-6
0.00300368831168831
0.0827119500499499
0.0033696283716283695
7.745906083156493e-5
0.0022548997643289668
7.261206835331461e-5
0.024457045954045967
0.07456513286713284
0.02371847752247751
0.00021693531295190034
0.0015327586366493228
0.00020230799373886942
