0.004626
0.004416
0.004399
0.004416
0.004421
0.004433
0.004217
0.004227
0.004306
0.004272
0.004327
0.004258
0.004246
0.004235
0.004437
0.004456
0.004419
0.004399
0.004373
0.004390
0.004402
0.004370
0.004412
0.004361
0.001803
0.004442
0.004412
0.004404
0.001792
0.004294
0.004184
0.004285
0.004221
0.002684
0.001756
0.004229
0.004195
0.004310
0.004322
0.004325
0.004262
0.004326
0.004279
0.004290
0.004315
0.001883
0.004617
0.004691
0.001885
0.004602
0.004588
0.004592
0.004690
0.004340
0.004320
0.004270
0.004262
0.004264
0.004240
0.004248
0.004271
0.004214
0.004208
0.004215
0.004277
0.004334
0.004229
0.004233
0.004196
0.004284
0.004300
0.002710
0.004354
0.004342
0.004441
0.001783
0.004338
0.004405
0.004313
0.004222
0.004271
0.004227
0.004263
0.004253
0.004189
0.004239
0.004232
0.004521
0.004512
0.004469
0.004461
0.004716
0.004554
0.004563
0.004490
0.004554
0.004696
0.004467
0.004469
0.004540
0.004518
0.004767
0.004480
0.004358
0.001787
0.001788
0.004369
0.004288
0.004290
0.004295
0.004289
0.004277
0.004312
0.004299
0.004332
0.004312
0.004283
0.004290
0.004324
0.004318
0.004310
0.004340
0.004368
0.001798
0.004365
0.004365
0.001803
0.003614
0.004390
0.004405
0.004427
0.004204
0.004139
0.001724
0.004177
0.004162
0.004231
0.004143
0.001712
0.001671
0.001718
0.001771
0.001716
0.004215
0.004323
0.004277
0.004288
0.004268
0.004204
0.004219
0.004253
0.004350
0.004265
0.004278
0.004346
0.004313
0.004383
0.004362
0.004439
0.001828
0.004405
0.004369
0.004388
0.004388
0.004373
0.004393
0.004317
0.004403
0.004366
0.004365
0.001793
0.002892
0.004356
0.004448
0.004375
0.004272
0.004516
0.004328
0.004260
0.004243
0.004337
0.004267
0.004269
0.004260
0.004533
0.004384
0.004309
0.004664
0.004511
0.004497
0.004253
0.004316
0.004252
0.004243
0.004260
0.004571
0.001745
0.004344
0.004241
0.004221
0.004407
0.004309
0.004396
0.004306
0.004391
0.004179
0.003029
0.001771
0.003789
0.003039
0.004356
0.004313
0.004383
0.004347
0.004320
0.004339
0.004328
0.004311
0.004328
0.004345
0.004400
0.004316
0.004323
0.004303
0.004385
0.004315
0.004361
0.004348
0.004316
0.004531
0.004498
0.004542
0.004498
0.004512
0.004613
0.004614
0.004519
0.005716
0.004673
0.004512
0.004612
0.004424
0.004411
0.004414
0.004425
0.004428
0.004428
0.004430
0.001791
0.002895
0.004370
0.001797
0.004345
0.004362
0.004369
0.004444
0.004758
0.004421
0.004438
0.004348
0.004356
0.001827
0.004211
0.002401
0.004250
0.004297
0.004204
0.004215
0.002025
0.004233
0.004250
0.004237
0.004211
0.004227
0.004246
0.004256
0.004295
0.002891
0.001750
0.001755
0.004247
0.001752
0.004321
0.004315
0.004306
0.004322
0.004287
0.004332
0.004316
0.004304
0.004367
0.004272
0.004295
0.004329
0.004269
0.004273
0.004248
0.004243
0.004259
0.004237
0.004451
0.004457
0.001839
0.002814
0.004463
0.004660
0.004538
0.004498
0.001780
0.001759
0.004383
0.004341
0.004327
0.004302
0.004267
0.004292
0.004271
0.001731
0.001736
0.002812
0.004201
0.004308
0.004276
0.004268
0.002867
0.003943
0.001751
0.001756
0.004173
0.004250
0.004204
0.004232
0.004207
0.004217
0.004328
0.004309
0.004273
0.004282
0.004213
0.004316
0.004298
0.004212
0.004223
0.004198
0.002322
0.001728
0.003371
0.004272
0.002212
0.002461
0.004212
0.004343
0.004203
0.004415
0.004420
0.004411
0.004564
0.004468
0.004381
0.004406
0.004492
0.004646
0.004334
0.004346
0.004444
0.004339
0.004346
0.001787
0.003591
0.004366
0.004575
0.004581
0.004599
0.004643
0.004689
0.004556
0.004574
0.004258
0.004258
0.004317
0.004268
0.004252
0.004265
0.004251
0.004274
0.004407
0.004362
0.004454
0.004383
0.004369
0.004605
0.004384
0.001729
0.003850
0.004206
0.004290
0.004192
0.004430
0.004187
0.004286
0.004302
0.004247
0.004448
0.004329
0.004203
0.004441
0.004282
0.004226
0.004224
0.004201
0.004288
0.004219
0.004233
0.001806
0.001918
0.002230
0.001811
0.001801
0.001948
0.001812
0.002762
0.004407
0.004403
0.004493
0.004700
0.004569
0.004585
0.004450
0.004212
0.004484
0.004440
0.002442
0.001746
0.001760
0.001761
0.001940
0.001832
0.002255
0.001848
0.001963
0.002290
0.001946
0.004066
0.004701
0.004214
0.004322
0.004265
0.004220
0.004190
0.004215
0.004213
0.004249
0.004509
0.004257
0.004250
0.004240
0.004257
0.004353
0.004893
0.004526
0.004316
0.002879
0.004377
0.004297
0.004302
0.004307
0.004277
0.003609
0.004537
0.004495
0.004531
0.004470
0.004408
0.004497
0.004431
0.004300
0.004955
0.004334
0.004527
0.003613
0.002821
0.004325
0.004271
0.004327
0.004301
0.001770
0.001770
0.004375
0.004289
0.004390
0.004372
0.002633
0.004255
0.004226
0.004186
0.004473
0.004325
0.004200
0.004291
0.003162
0.004325
0.004305
0.004201
0.004397
0.004328
0.004223
0.004294
0.004705
0.004204
0.004233
0.004184
0.004202
0.004254
0.004273
0.004389
0.005326
0.004305
0.004382
0.004452
0.003976
0.002696
0.001775
0.004493
0.004185
0.004253
0.004340
0.004292
0.004264
0.004251
0.004230
0.004312
0.004215
0.004369
0.005462
0.001788
0.002173
0.002396
0.004591
0.004378
0.004433
0.004500
0.004393
0.004353
0.001770
0.001845
0.001955
0.004351
0.004426
0.004569
0.004503
0.004481
0.004451
0.004465
0.004378
0.001805
0.004241
0.004441
0.004196
0.004180
0.004240
0.004197
0.002061
0.004169
0.004271
0.004305
0.004374
0.004354
0.004283
0.004265
0.004327
0.004416
0.003119
0.004409
0.004571
0.004439
0.001921
0.002425
0.004504
0.004425
0.004604
0.004249
0.004262
0.004270
0.002046
0.001926
0.001776
0.001755
0.004256
0.004309
0.004260
0.004371
0.001980
0.002749
0.004263
0.004321
0.004272
0.004466
0.004664
0.004372
0.004279
0.004282
0.004300
0.004352
0.004253
0.002017
0.004501
0.004301
0.004516
0.004369
0.004269
0.004233
0.002326
0.001786
0.004544
0.004314
0.004321
0.004320
0.004351
0.002135
0.002870
0.004362
0.003160
0.004363
0.004729
0.004924
0.004427
0.004386
0.004468
0.004356
0.004469
0.002453
0.001809
0.004381
0.003700
0.004411
0.004366
0.004378
0.004388
0.004391
0.004458
0.002713
0.002379
0.004389
0.004382
0.004395
0.004456
0.004493
0.004390
0.004295
0.004265
0.004297
0.004265
0.004326
0.004282
0.004336
0.004262
0.004326
0.004263
0.004341
0.004302
0.004321
0.004322
0.004400
0.004280
0.004274
0.004302
0.001657
0.001859
0.002594
0.004621
0.004324
0.004306
0.004637
0.004293
0.004389
0.004341
0.004553
0.004230
0.004308
0.004272
0.004510
0.004229
0.004385
0.004324
0.004289
0.004233
0.004269
0.004257
0.004273
0.004304
0.004255
0.004139
0.004164
0.004174
0.004227
0.004150
0.004203
0.004159
0.004139
0.004247
0.004252
0.004236
0.002942
0.004241
0.004227
0.004506
0.004422
0.004319
0.004316
0.004370
0.004290
0.004369
0.004306
0.004294
0.004300
0.004425
0.004426
0.004335
0.004382
0.004318
0.004647
0.004370
0.004337
0.004350
0.004347
0.004393
0.004381
0.004366
0.004364
0.004399
0.004352
0.004430
0.004331
0.004384
0.004348
0.004359
0.004217
0.004171
0.004205
0.004202
0.004178
0.004219
0.004276
0.004341
0.004337
0.001790
0.004365
0.004350
0.004385
0.004431
0.001787
0.002669
0.004476
0.004449
0.004423
0.004431
0.004493
0.004478
0.004549
0.004522
0.004423
0.004460
0.004364
0.004362
0.004367
0.004377
0.004375
0.004391
0.004351
0.004250
0.004298
0.004328
0.004242
0.004298
0.004255
0.004337
0.004351
0.004313
0.004311
0.004334
0.004354
0.004356
0.001784
0.003235
0.004324
0.004342
0.004648
0.004343
0.004252
0.004298
0.004548
0.004316
0.004250
0.004240
0.004244
0.004273
0.004288
0.004329
0.004414
0.004274
0.004268
0.004276
0.004269
0.004347
0.004297
0.004297
0.004291
0.004358
0.004362
0.004384
0.004247
0.004317
0.004199
0.004273
0.004255
0.004199
0.004184
0.004341
0.004412
0.004627
0.004387
0.004348
0.004348
0.004425
0.004305
0.004309
0.004323
0.003394
0.004313
0.004305
0.004362
0.004333
0.004349
0.004330
0.004337
0.004346
0.004359
0.004343
0.004209
0.001718
0.001843
0.001744
0.004240
0.004221
0.004244
0.004264
0.004381
0.004388
0.004388
0.001805
0.004466
0.004615
0.004359
0.004316
0.004538
0.004324
0.004370
0.004297
0.004383
0.004312
0.004389
0.004331
0.004354
0.004225
0.004286
0.001757
0.001812
0.004266
0.004244
0.004276
0.004323
0.004388
0.004340
0.004402
0.004396
0.004318
0.004339
0.004326
0.004335
0.004317
0.004298
0.004312
0.004275
0.004229
0.004208
0.004310
0.004291
0.004254
0.004200
0.004296
0.004459
0.004337
0.004305
0.004399
0.004298
0.004327
0.004314
0.004307
0.004347
0.004202
0.004206
0.004269
0.004197
0.004210
0.004203
0.004238
0.004244
0.004467
0.004404
0.004368
0.004319
0.004413
0.004353
0.004345
0.004405
0.004348
0.002555
0.001731
0.002516
0.004222
0.004202
0.004244
0.004221
0.004191
0.004289
0.004229
0.004264
0.004240
0.004277
0.004229
0.004246
0.004253
0.004235
0.004319
0.004261
0.004246
0.004386
0.004422
0.004418
0.004409
0.004418
0.004392
0.004503
0.004459
0.004420
0.004491
0.004868
0.004720
0.004485
0.004503
0.004537
0.004486
0.004566
0.004361
0.004358
0.004341
0.003569
0.001804
0.004386
0.001795
0.004587
0.004338
0.004280
0.001757
0.004283
0.004274
0.004246
0.001754
0.004233
0.004207
0.004528
0.004541
0.004508
0.004493
0.004454
0.004468
0.004491
0.004472
0.004303
0.004304
0.004281
0.004329
0.004310
0.004302
0.004154
0.004197
0.004131
0.004139
0.004429
0.004167
0.004151
0.004154
0.004317
0.004546
0.004376
0.004262
0.004316
0.004275
0.004266
0.004259
