0.055632
0.053945
0.052342
0.062467
0.060333
0.053507
0.112243
0.105943
0.103314
0.119856
0.116355
0.110377
0.112349
0.107377
0.145054
0.143290
0.141921
0.103798
0.116191
0.132011
0.142199
0.141942
0.137788
0.108802
0.085401
0.144229
0.100604
0.112467
0.082641
0.088162
0.083581
0.086609
0.051896
0.044361
0.075897
0.084116
0.106456
0.089517
0.150595
0.136711
0.130680
0.142448
0.143951
0.146579
0.117698
0.081398
0.122869
0.106187
0.125496
0.092395
0.097908
0.113574
0.105219
0.111497
0.112748
0.100707
0.124489
0.117789
0.122018
0.100021
0.092736
0.085485
0.121561
0.095900
0.116234
0.102821
0.109087
0.092997
0.115014
0.089921
0.098671
0.112733
0.061541
0.052731
0.106470
0.101972
0.134403
0.130201
0.118733
0.098897
0.120502
0.103746
0.120140
0.117172
0.117790
0.106481
0.111261
0.122707
0.128961
0.123254
0.133747
0.128107
0.104123
0.120771
0.123579
0.112853
0.105441
0.125465
0.126342
0.098828
0.101311
0.100472
0.088560
0.106065
0.059755
0.115631
0.124980
0.112728
0.109868
0.135070
0.127118
0.077053
0.078164
0.077949
0.073537
0.081956
0.072375
0.066576
0.085290
0.104419
0.076690
0.069945
0.105493
0.076603
0.139831
0.118596
0.058157
0.116797
0.137662
0.105381
0.146254
0.074079
0.086866
0.066524
0.074306
0.078966
0.083602
0.074419
0.044859
0.033540
0.036166
0.032946
0.068874
0.069712
0.123731
0.134854
0.134858
0.139420
0.125309
0.131033
0.116203
0.107054
0.111267
0.100009
0.121612
0.111677
0.092094
0.141446
0.079102
0.064071
0.132785
0.140534
0.126052
0.134947
0.117901
0.120605
0.138588
0.121250
0.130640
0.096110
0.062858
0.096741
0.117902
0.120904
0.097002
0.096648
0.107359
0.084223
0.122072
0.099151
0.086157
0.078917
0.105325
0.098524
0.113894
0.110443
0.111890
0.091877
0.094203
0.107395
0.108582
0.105184
0.116439
0.123510
0.111707
0.100173
0.084634
0.137131
0.106805
0.112602
0.125587
0.105340
0.110038
0.140541
0.130630
0.066906
0.058693
0.058587
0.059875
0.103144
0.067961
0.071203
0.080444
0.091689
0.065746
0.068060
0.091992
0.074546
0.069084
0.074676
0.071392
0.126032
0.108930
0.097741
0.093217
0.114936
0.127487
0.131359
0.084641
0.081680
0.077148
0.137862
0.076559
0.097405
0.082613
0.076835
0.086963
0.093399
0.078484
0.098437
0.103420
0.108169
0.130571
0.087635
0.087601
0.083435
0.103082
0.106689
0.057142
0.094477
0.127965
0.077432
0.113724
0.091259
0.097677
0.122480
0.117286
0.104260
0.125985
0.138793
0.089720
0.063622
0.036189
0.070051
0.081402
0.072444
0.067268
0.092051
0.055712
0.087376
0.070899
0.071579
0.068374
0.103730
0.134424
0.144796
0.115687
0.069253
0.065224
0.069002
0.152371
0.069089
0.088862
0.106328
0.092323
0.081016
0.107319
0.138536
0.116277
0.094235
0.135840
0.098313
0.092163
0.096041
0.090855
0.094765
0.113424
0.111319
0.108752
0.110010
0.141646
0.112638
0.065583
0.106411
0.128869
0.136806
0.135818
0.094982
0.038274
0.060999
0.104059
0.093911
0.087013
0.116788
0.086376
0.103710
0.079559
0.066372
0.057653
0.114094
0.149559
0.132482
0.140406
0.081166
0.110799
0.019159
0.020358
0.031200
0.042485
0.051207
0.050917
0.049972
0.048618
0.053183
0.039863
0.053138
0.051545
0.040887
0.049947
0.051576
0.049625
0.043136
0.052061
0.087496
0.055636
0.051379
0.088974
0.145038
0.102468
0.095250
0.122782
0.139530
0.095140
0.128912
0.117709
0.108233
0.112856
0.134465
0.103995
0.096117
0.125071
0.097738
0.092501
0.098665
0.087284
0.085325
0.090956
0.046283
0.136933
0.129212
0.132215
0.139045
0.129330
0.089261
0.126313
0.120145
0.125157
0.100364
0.110699
0.127070
0.120954
0.083387
0.119456
0.108697
0.110182
0.122655
0.117471
0.123478
0.107086
0.138295
0.129107
0.134344
0.045109
0.090108
0.115110
0.085207
0.080413
0.088598
0.080806
0.092447
0.094003
0.101171
0.089686
0.072240
0.073849
0.074061
0.061446
0.065073
0.060207
0.058156
0.066244
0.064918
0.085980
0.052050
0.064544
0.063998
0.053731
0.078420
0.060454
0.059701
0.130922
0.121437
0.133454
0.197430
0.103152
0.146512
0.130860
0.091722
0.086125
0.125797
0.116765
0.089175
0.068383
0.086248
0.097806
0.080759
0.073325
0.123382
0.096116
0.106482
0.074981
0.075963
0.113325
0.093904
0.122976
0.113156
0.095693
0.097191
0.094698
0.127487
0.105171
0.096895
0.088664
0.095003
0.081474
0.106831
0.106316
0.106333
0.118064
0.099932
0.116951
0.110503
0.118420
0.105433
0.130716
0.108732
0.098381
0.061798
0.110983
0.097756
0.125229
0.127530
0.097859
0.106420
0.131628
0.131951
0.135047
0.128350
0.105110
0.055254
0.110678
0.127913
0.108628
0.129554
0.090619
0.063296
0.063918
0.124367
0.140600
0.125424
0.103215
0.086049
0.118203
0.113612
0.128690
0.132530
0.114328
0.131856
0.118406
0.074647
0.105386
0.095866
0.111710
0.087147
0.087963
0.097906
0.080496
0.090251
0.080063
0.056990
0.048130
0.060333
0.054027
0.065572
0.059353
0.069055
0.070778
0.049723
0.054502
0.018322
0.020668
0.035635
0.057699
0.049175
0.056543
0.120104
0.131943
0.140443
0.135155
0.142225
0.102176
0.092853
0.140568
0.146553
0.050138
0.059597
0.107818
0.147773
0.108070
0.136558
0.124698
0.164978
0.101037
0.102535
0.076553
0.113660
0.159390
0.117430
0.153768
0.157148
0.142502
0.135889
0.162074
0.118387
0.077899
0.107874
0.111698
0.115471
0.115055
0.123321
0.089361
0.087625
0.130928
0.139855
0.152252
0.099845
0.141412
0.103020
0.131215
0.105719
0.039663
0.075466
0.075886
0.099221
0.084411
0.034382
0.068217
0.080914
0.084240
0.092349
0.149283
0.126575
0.137876
0.079560
0.035887
0.105057
0.087041
0.148543
0.151742
0.050071
0.068434
0.041348
0.048837
0.055126
0.046859
0.057752
0.049831
0.051274
0.049510
0.055361
0.055566
0.054030
0.050363
0.163480
0.082062
0.144450
0.110262
0.136237
0.104442
0.119222
0.095864
0.051297
0.124107
0.116098
0.112767
0.104676
0.103644
0.069114
0.048283
0.119685
0.099714
0.089467
0.095274
0.103593
0.086292
0.093151
0.098196
0.072214
0.088828
0.078615
0.055856
0.091307
0.137314
0.090039
0.098976
0.091897
0.099760
0.106368
0.096263
0.090780
0.049596
0.083469
0.091766
0.132454
0.126154
0.110032
0.118261
0.100942
0.097187
0.111049
0.077078
0.099123
0.090908
0.086857
0.089160
0.081213
0.086685
0.082605
0.101817
0.117943
0.110134
0.095888
0.105509
0.092599
0.105186
0.107197
0.039726
0.038483
0.088537
0.089042
0.100685
0.089059
0.088725
0.086875
0.088891
0.072780
0.139183
0.133198
0.145390
0.131738
0.137308
0.122230
0.124170
0.118737
0.128486
0.104832
0.109691
0.099156
0.133871
0.089197
0.107932
0.122161
0.085886
0.109193
0.112852
0.131912
0.148120
0.130878
0.149917
0.097988
0.133265
0.106348
0.075312
0.099975
0.140078
0.123969
0.140224
0.100416
0.114599
0.115105
0.115644
0.111847
0.123818
0.091130
0.088598
0.082600
0.078126
0.072764
0.097442
0.080519
0.076327
0.102180
0.092565
0.082815
0.099241
0.078856
0.094193
0.076707
0.092700
0.080061
0.079390
0.077084
0.070349
0.074646
0.092732
0.078398
0.107887
0.104867
0.138133
0.125560
0.139290
0.116962
0.139600
0.141180
0.131780
0.056982
0.150205
0.134530
0.159149
0.103493
0.054940
0.125043
0.102290
0.125016
0.109011
0.088594
0.095552
0.134179
0.095899
0.152052
0.100754
0.084615
0.084274
0.077298
0.069946
0.079233
0.082477
0.076599
0.101042
0.146999
0.140683
0.144660
0.134717
0.134834
0.147295
0.135739
0.109193
0.075719
0.087239
0.079325
0.084197
0.085603
0.036092
0.073764
0.093382
0.074407
0.082354
0.104014
0.095373
0.103543
0.107419
0.128478
0.096490
0.124097
0.124167
0.157084
0.142287
0.156565
0.141927
0.167593
0.151361
0.089310
0.093223
0.116537
0.112402
0.135946
0.099712
0.084799
0.095330
0.103902
0.149160
0.127414
0.136247
0.120622
0.122689
0.155327
0.117830
0.134080
0.149485
0.123729
0.120799
0.135752
0.120388
0.126460
0.126467
0.114093
0.062732
0.134028
0.130277
0.116044
0.128796
0.134205
0.109018
0.130102
0.124266
0.124405
0.108711
0.121654
0.120823
0.064451
0.064425
0.125868
0.133120
0.137165
0.128933
0.128199
0.125816
0.131276
0.109082
0.097095
0.141212
0.128973
0.138762
0.130873
0.087055
0.125387
0.091376
0.091403
0.103336
0.090430
0.119087
0.109452
0.124044
0.131771
0.132082
0.091873
0.080897
0.119087
0.143751
0.122306
0.074838
0.076001
0.072594
0.077038
0.080871
0.072637
0.081869
0.075742
0.077142
0.084062
0.078812
0.098421
0.074763
0.105860
0.101540
0.079205
0.081978
0.079817
0.086760
0.082052
0.080349
0.129845
0.117150
0.093314
0.125008
0.118328
0.118344
0.132812
0.120954
0.098383
0.111612
0.114859
0.112671
0.104529
0.101580
0.095779
0.088282
0.084731
0.090864
0.102308
0.103188
0.135341
0.096568
0.085388
0.084223
0.048854
0.038244
0.041735
0.101340
0.150095
0.131744
0.090559
0.080567
0.097577
0.141707
0.066672
0.074964
0.075811
0.063938
0.072056
0.074371
0.063685
0.064398
0.067111
0.066487
0.080330
0.102847
0.109509
0.088113
0.104728
0.075879
0.094506
0.114077
0.092499
0.112696
0.097842
0.136596
0.098929
0.106359
0.099977
0.127556
0.122120
0.146492
0.126790
0.109022
0.103793
0.056511
0.072848
0.106417
0.102014
0.127353
0.114582
0.115855
0.130860
0.127599
0.133341
0.119185
0.078835
0.132072
0.137755
0.105909
0.117280
0.086998
0.116047
0.100430
0.099638
0.107702
0.133494
0.144729
0.138757
0.147481
0.136421
0.145670
0.152402
0.112189
0.138334
0.122486
0.138660
0.122322
0.129576
0.116133
0.134808
0.087981
0.070627
0.075694
0.079942
0.089491
0.086440
0.083532
0.095972
