0.020634
0.020505
0.020630
0.019921
0.020025
0.020180
0.022779
0.020080
0.020254
0.020030
0.019953
0.020895
0.020903
0.021216
0.020920
0.021536
0.023610
0.021608
0.021908
0.021108
0.021015
0.021069
0.020910
0.021169
0.021721
0.021262
0.020964
0.020742
0.020793
0.020778
0.020726
0.020731
0.020765
0.020821
0.020973
0.025348
0.020786
0.021064
0.021264
0.021155
0.021281
0.021055
0.033694
0.026433
0.023620
0.027489
0.023085
0.026921
0.020457
0.020535
0.020700
0.020464
0.020512
0.021338
0.020389
0.020032
0.020377
0.020061
0.020073
0.020110
0.020118
0.026703
0.020354
0.020605
0.020609
0.020583
0.020694
0.020874
0.020652
0.021428
0.020715
0.020794
0.020650
0.020569
0.020534
0.020592
0.022737
0.020800
0.020637
0.020386
0.020371
0.020382
0.020419
0.020433
0.020874
0.021295
0.024643
0.021686
0.021516
0.021597
0.021633
0.021436
0.021525
0.021482
0.021551
0.021563
0.019955
0.020489
0.020136
0.019935
0.019910
0.019961
0.020039
0.020139
0.019900
0.019893
0.020660
0.020579
0.020787
0.020661
0.020640
0.020885
0.020645
0.020631
0.020660
0.020747
0.020562
0.020674
0.020911
0.020478
0.020485
0.028989
0.020496
0.020200
0.020106
0.020153
0.020055
0.020349
0.020380
0.020170
0.020068
0.020096
0.021349
0.026462
0.021320
0.021333
0.021270
0.021218
0.021475
0.021167
0.021907
0.021163
0.021195
0.021384
0.021315
0.021368
0.021366
0.021945
0.021315
0.021341
0.020573
0.020572
0.020577
0.027980
0.021039
0.020538
0.025236
0.020631
0.020559
0.020387
0.020372
0.020428
0.020356
0.020529
0.020392
0.020162
0.020058
0.020134
0.020139
0.020059
0.020128
0.020144
0.020181
0.020122
0.020111
0.020122
0.020138
0.020192
0.020369
0.020261
0.020212
0.020111
0.020143
0.020671
0.020319
0.020286
0.020366
0.020411
0.020348
0.020392
0.020526
0.020398
0.020902
0.020312
0.020415
0.021138
0.020294
0.026195
0.020339
0.020297
0.020636
0.020892
0.020344
0.020209
0.020424
0.020235
0.020201
0.020178
0.025424
0.020134
0.020178
0.022345
0.020184
0.020147
0.020163
0.020238
0.020149
0.020262
0.020257
0.020199
0.020160
0.020197
0.020203
0.020142
0.020231
0.020385
0.020126
0.020090
0.020173
0.020186
0.020199
0.020302
0.020371
0.023111
0.020542
0.020936
0.024821
0.024452
0.021043
0.020399
0.020363
0.020433
0.020308
0.020498
0.020927
0.020365
0.025636
0.020292
0.020356
0.020145
0.020135
0.020320
0.020142
0.020105
0.020752
0.026988
0.022620
0.020231
0.020348
0.020417
0.020214
0.020257
0.020221
0.020613
0.020903
0.023346
0.021088
0.020633
0.020609
0.020647
0.020157
0.020113
0.020140
0.020065
0.020595
0.020111
0.025194
0.020137
0.020085
0.020430
0.020531
0.020586
0.020428
0.020574
0.020869
0.020636
0.020746
0.020536
0.020762
0.020379
0.020251
0.020395
0.020335
0.020293
0.020779
0.022965
0.029274
0.020346
0.020294
0.020358
0.020347
0.020621
0.020269
0.020339
0.020318
0.020657
0.020269
0.020379
0.020293
0.020682
0.020698
0.020754
0.020660
0.020709
0.020668
0.020651
0.021183
0.020674
0.020747
0.020275
0.020234
0.020256
0.020248
0.020901
0.031148
0.020269
0.020695
0.020187
0.020182
0.020217
0.020183
0.020259
0.020175
0.020176
0.020196
0.020652
0.020201
0.020351
0.020364
0.020338
0.020434
0.020337
0.020320
0.020362
0.020355
0.020328
0.020854
0.020095
0.020104
0.020097
0.020128
0.020052
0.020151
0.020080
0.020095
0.027234
0.027475
0.020225
0.020667
0.020560
0.020553
0.026085
0.020962
0.020514
0.020535
0.020800
0.020637
0.020680
0.020604
0.020653
0.020606
0.020659
0.021175
0.022831
0.020661
0.020509
0.020196
0.020406
0.020253
0.020375
0.029778
0.024557
0.020378
0.020630
0.020431
0.020420
0.020394
0.020407
0.020385
0.020021
0.020120
0.020618
0.020040
0.020032
0.020122
0.020077
0.020336
0.020174
0.020161
0.020842
0.020213
0.020192
0.020380
0.020467
0.020474
0.020792
0.020466
0.020430
0.020413
0.020810
0.020466
0.020426
0.020417
0.020913
0.020458
0.020486
0.020498
0.020481
0.020461
0.019979
0.019997
0.020246
0.019992
0.020192
0.020084
0.020174
0.020076
0.020293
0.020307
0.020356
0.020280
0.020290
0.020489
0.020312
0.020263
0.020296
0.020257
0.020046
0.020151
0.020173
0.020135
0.020134
0.020382
0.020134
0.020112
0.020039
0.019948
0.019889
0.019933
0.019987
0.019934
0.019847
0.019862
0.020073
0.019896
0.019949
0.019953
0.020799
0.020809
0.020887
0.020864
0.020907
0.020852
0.021300
0.021000
0.020497
0.020398
0.020440
0.020369
0.020297
0.020317
0.020735
0.020416
0.020060
0.020160
0.020075
0.020123
0.020135
0.020166
0.020168
0.020307
0.020435
0.020376
0.021323
0.021215
0.021183
0.021236
0.021240
0.021230
0.021195
0.021497
0.020538
0.020385
0.020443
0.020354
0.020387
0.020340
0.020431
0.020292
0.020307
0.020377
0.020377
0.020427
0.020358
0.020397
0.020347
0.020386
0.020291
0.020597
0.020282
0.020334
0.020392
0.020351
0.020354
0.020415
0.020582
0.020751
0.020195
0.020231
0.020311
0.020249
0.020208
0.020257
0.020272
0.021084
0.021436
0.021261
0.021104
0.021098
0.021082
0.021080
0.021090
0.020614
0.020712
0.020322
0.020353
0.020356
0.020311
0.020304
0.021176
0.021136
0.022043
0.021214
0.021281
0.021227
0.021229
0.020719
0.020820
0.020722
0.021001
0.020732
0.020765
0.020866
0.020827
0.020859
0.021018
0.020886
0.020967
0.021002
0.021240
0.020976
0.026114
0.026045
0.020951
0.020363
0.020368
0.020278
0.020324
0.020391
0.020283
0.020275
0.020317
0.020276
0.020369
0.020318
0.020355
0.020334
0.020536
0.020299
0.020287
0.020226
0.020365
0.020649
0.020397
0.020350
0.020305
0.020357
0.020741
0.020342
0.020575
0.020305
0.020866
0.020424
0.020653
0.020539
0.020624
0.022594
0.019873
0.019955
0.019965
0.019960
0.019918
0.020718
0.019866
0.019926
0.019903
0.020081
0.020154
0.019977
0.020008
0.019970
0.020481
0.020026
0.020001
0.020206
0.020110
0.020115
0.020338
0.020096
0.020647
0.020155
0.020645
0.020383
0.020490
0.020333
0.020398
0.020425
0.020519
0.020359
0.020929
0.020952
0.020869
0.020985
0.020936
0.020912
0.021037
0.020922
0.021069
0.019895
0.019944
0.019955
0.019972
0.019986
0.020197
0.020070
0.019944
0.020058
0.019968
0.020630
0.020488
0.020431
0.020558
0.020423
0.020400
0.020448
0.020439
0.020509
0.019906
0.020379
0.019924
0.020309
0.019943
0.019858
0.019969
0.020343
0.019880
0.019794
0.020188
0.020765
0.020226
0.020201
0.020196
0.020204
0.020237
0.020212
0.020207
0.020222
0.020634
0.020941
0.020692
0.020790
0.020707
0.020784
0.020939
0.020934
0.020719
0.020738
0.020659
0.020647
0.020681
0.020624
0.020545
0.020567
0.020627
0.024127
0.020788
0.023391
0.021594
0.021034
0.020964
0.021320
0.020970
0.020986
0.020983
0.021247
0.020997
0.020927
0.020383
0.020505
0.020650
0.020675
0.025445
0.020500
0.020391
0.020414
0.020991
0.023142
0.020673
0.020628
0.020734
0.020595
0.021203
0.020603
0.022853
0.020097
0.020097
0.020119
0.020072
0.020303
0.020060
0.022911
0.022139
0.020351
0.020355
0.020285
0.020186
0.020699
0.020199
0.020118
0.020093
0.020565
0.020737
0.020643
0.020627
0.020551
0.020811
0.020600
0.020551
0.020523
0.020754
0.020833
0.020651
0.020744
0.021031
0.020923
0.020665
0.020563
0.020632
0.020635
0.020580
0.021077
0.020680
0.020587
0.020356
0.020112
0.020249
0.020229
0.020220
0.020521
0.020177
0.020736
0.020339
0.020547
0.020288
0.020247
0.020283
0.020624
0.020367
0.020732
0.020594
0.020553
0.020592
0.020823
0.020698
0.020655
0.021180
0.021335
0.021196
0.021161
0.021626
0.021450
0.021294
0.021191
0.021144
0.021197
0.021539
0.020365
0.020457
0.020474
0.020376
0.020448
0.020394
0.020375
0.020425
0.020798
0.020538
0.020434
0.020532
0.020515
0.020496
0.020482
0.020496
0.020395
0.020034
0.020084
0.020056
0.019997
0.020072
0.020016
0.019982
0.020767
0.020967
0.020790
0.020825
0.020837
0.021127
0.020759
0.020605
0.020676
0.020394
0.020411
0.020360
0.020336
0.020383
0.020951
0.020936
0.021038
0.020811
0.020914
0.020860
0.020372
0.020553
0.027975
0.020323
0.020595
0.025144
0.020675
0.020837
0.020551
0.020526
0.020539
0.021108
0.020527
0.020564
0.020482
0.020538
0.020822
0.020737
0.020752
0.020542
0.020875
0.020534
0.020552
0.020460
0.020334
0.020381
0.020246
0.020305
0.020436
0.020836
0.020292
0.020298
0.020216
0.021398
0.021289
0.021439
0.021343
0.021821
0.022024
0.021314
0.020317
0.020548
0.029520
0.023525
0.020353
0.020953
0.020372
0.020414
0.020607
0.020278
0.020222
0.026764
0.020314
0.020325
0.020289
0.020343
0.022009
0.020240
0.020341
0.020857
0.020948
0.020824
0.020883
0.020918
0.020941
0.020940
0.021224
0.020820
0.027395
0.020433
0.020163
0.020193
0.020190
0.020332
0.020220
0.020486
0.020185
0.030452
0.020520
0.020328
0.020538
0.020400
0.020698
0.020764
0.020769
0.020791
0.020752
0.020709
0.020732
0.020817
0.020925
0.020809
0.021159
0.020753
0.020952
0.020758
0.021111
0.020726
0.020748
0.020753
0.020888
0.021074
0.020876
0.020896
0.020889
0.020961
0.020890
0.020838
0.020808
0.020172
0.020498
0.020186
0.020116
0.020613
0.020204
0.020147
0.020135
0.020132
0.020192
0.021015
0.021463
0.020886
0.020855
0.020867
0.020954
0.021269
0.020945
0.022149
0.020327
0.020395
0.020465
0.020299
0.020311
0.027662
0.020382
0.020208
0.020656
0.020184
0.020091
0.020574
0.020176
0.020078
0.023915
0.020601
0.020704
0.020862
0.020494
0.021850
0.020525
0.021104
0.027744
0.020618
0.020513
0.020064
0.020090
0.020644
0.020117
0.020175
0.020127
0.020165
