0.000471
0.000218
0.000219
0.000222
0.000291
0.000469
0.000488
0.000473
0.000473
0.000484
0.000469
0.000494
0.000487
0.000487
0.000482
0.000279
0.000215
0.000215
0.000324
0.000585
0.000216
0.000297
0.000212
0.000216
0.000361
0.000499
0.000502
0.000468
0.000482
0.000473
0.000466
0.000482
0.000473
0.000482
0.000469
0.000472
0.000228
0.000221
0.000217
0.000215
0.000219
0.000472
0.000481
0.000475
0.000485
0.000509
0.000485
0.000478
0.000491
0.000474
0.000477
0.000476
0.000475
0.000471
0.000472
0.000527
0.000479
0.000475
0.000476
0.000551
0.000472
0.000491
0.000472
0.000481
0.000214
0.000224
0.000355
0.000214
0.000390
0.000515
0.000471
0.000471
0.000467
0.000468
0.000503
0.000468
0.000470
0.000469
0.000525
0.000472
0.000478
0.000477
0.000486
0.000476
0.000219
0.000214
0.000473
0.000479
0.000212
0.000381
0.000468
0.000497
0.000486
0.000472
0.000476
0.000472
0.000494
0.000470
0.000475
0.000470
0.000467
0.000470
0.000484
0.000486
0.000477
0.000471
0.000466
0.000507
0.000658
0.000476
0.000510
0.000470
0.000480
0.000220
0.000216
0.000474
0.000475
0.000470
0.000471
0.000486
0.000491
0.000487
0.000469
0.000473
0.000472
0.000503
0.000466
0.000480
0.000483
0.000449
0.000480
0.000470
0.000468
0.000480
0.000472
0.000472
0.000476
0.000487
0.000477
0.000472
0.000476
0.000500
0.000482
0.000483
0.000483
0.000526
0.000477
0.000475
0.000475
0.000475
0.000472
0.000487
0.000471
0.000479
0.000474
0.000475
0.000519
0.000484
0.000512
0.000473
0.000469
0.000497
0.000662
0.000484
0.000468
0.000487
0.000472
0.000469
0.000507
0.000483
0.000474
0.000481
0.000471
0.000504
0.000478
0.000471
0.000498
0.000478
0.000476
0.000487
0.000474
0.000479
0.000471
0.000469
0.000479
0.000473
0.000477
0.000474
0.000496
0.000486
0.000489
0.000490
0.000471
0.000515
0.000481
0.000474
0.000482
0.000474
0.000475
0.000482
0.000480
0.000479
0.000483
0.000474
0.000512
0.000472
0.000472
0.000481
0.000471
0.000500
0.000476
0.000487
0.000477
0.000472
0.000474
0.000478
0.000486
0.000462
0.000482
0.000475
0.000484
0.000470
0.000475
0.000480
0.000483
0.000478
0.000479
0.000479
0.000473
0.000474
0.000219
0.000318
0.000476
0.000485
0.000473
0.000473
0.000480
0.000473
0.000477
0.000479
0.000477
0.000478
0.000476
0.000508
0.000473
0.000478
0.000490
0.000472
0.000466
0.000484
0.000860
0.000474
0.000470
0.000479
0.000476
0.000470
0.000467
0.000474
0.000470
0.000486
0.000479
0.000470
0.000476
0.000468
0.000469
0.000477
0.000486
0.000565
0.000479
0.000477
0.000475
0.000483
0.000485
0.000481
0.000465
0.000480
0.000470
0.000481
0.000479
0.000478
0.000488
0.000503
0.000485
0.000481
0.000467
0.000485
0.000479
0.000481
0.000492
0.000482
0.000485
0.000476
0.000477
0.000479
0.000484
0.000479
0.000484
0.000488
0.000497
0.000479
0.000477
0.000476
0.000483
0.000485
0.000483
0.000487
0.000476
0.000479
0.000484
0.000481
0.000489
0.000485
0.000482
0.000486
0.000480
0.000485
0.000504
0.000484
0.000492
0.000488
0.000485
0.000485
0.000482
0.000481
0.000479
0.000478
0.000475
0.000483
0.000226
0.000213
0.000348
0.000487
0.000486
0.000477
0.000516
0.000482
0.000488
0.000475
0.000482
0.000485
0.000483
0.000474
0.000480
0.000480
0.000508
0.000487
0.000474
0.000477
0.000479
0.000483
0.000484
0.000515
0.000479
0.000480
0.000488
0.000495
0.000493
0.000534
0.000480
0.000482
0.000473
0.000490
0.000526
0.000480
0.000536
0.000485
0.000488
0.000476
0.000479
0.000488
0.000490
0.000509
0.000483
0.000479
0.000478
0.000480
0.000481
0.000482
0.000482
0.000483
0.000479
0.000507
0.000488
0.000481
0.000487
0.000484
0.000587
0.000483
0.000476
0.000484
0.000484
0.000265
0.000217
0.000222
0.000216
0.000470
0.000478
0.000483
0.000583
0.000503
0.000465
0.000488
0.000490
0.000481
0.000489
0.000484
0.000482
0.000481
0.000486
0.000480
0.000484
0.000479
0.000518
0.000482
0.000487
0.000481
0.000473
0.000478
0.000510
0.000579
0.000480
0.000483
0.000471
0.000480
0.000483
0.000478
0.000487
0.000479
0.000501
0.000494
0.000487
0.000480
0.000487
0.000487
0.000490
0.000481
0.000486
0.000484
0.000490
0.000264
0.000223
0.000226
0.000280
0.000481
0.000480
0.000693
0.000478
0.000478
0.000513
0.000460
0.000488
0.000479
0.000488
0.000483
0.000473
0.000275
0.000221
0.000237
0.000213
0.000217
0.000216
0.000214
0.000414
0.000230
0.000517
0.000536
0.000482
0.000256
0.000356
0.000474
0.000473
0.000473
0.000479
0.000472
0.000573
0.000471
0.000476
0.000466
0.000471
0.000476
0.000467
0.000474
0.000474
0.000465
0.000474
0.000471
0.000463
0.000475
0.000472
0.000218
0.000471
0.000212
0.000215
0.000479
0.001146
0.000471
0.000557
0.000493
0.000475
0.000534
0.000481
0.000485
0.000475
0.000477
0.000479
0.000478
0.000481
0.000478
0.000474
0.000476
0.000470
0.000472
0.000481
0.000504
0.000476
0.000472
0.000469
0.000494
0.000475
0.000475
0.000475
0.000477
0.000612
0.000478
0.000467
0.000479
0.000474
0.000472
0.000473
0.000475
0.000477
0.000505
0.000476
0.000476
0.000472
0.000480
0.000476
0.000476
0.000475
0.000469
0.000473
0.000481
0.000475
0.000477
0.000473
0.000498
0.000478
0.000470
0.000483
0.000471
0.000476
0.000466
0.000476
0.000475
0.000472
0.000476
0.000474
0.000477
0.000475
0.000269
0.000268
0.000270
0.000340
0.000477
0.000472
0.000476
0.000464
0.000472
0.000479
0.000474
0.000471
0.000476
0.000477
0.000475
0.000475
0.000472
0.000480
0.000480
0.000474
0.000513
0.000478
0.000478
0.000518
0.000210
0.000216
0.000299
0.000471
0.000481
0.000472
0.000473
0.000475
0.000467
0.000481
0.000467
0.000477
0.000476
0.000479
0.000468
0.000492
0.000475
0.000474
0.000473
0.000475
0.000472
0.000469
0.000479
0.000478
0.000472
0.000476
0.000550
0.000481
0.000478
0.000475
0.000801
0.000480
0.000482
0.000469
0.000993
0.000477
0.000477
0.000475
0.000477
0.000475
0.000471
0.000469
0.000468
0.000291
0.000270
0.000218
0.000242
0.000479
0.000496
0.000471
0.000466
0.000478
0.000503
0.000469
0.000472
0.000481
0.000477
0.000475
0.000488
0.000525
0.000499
0.000463
0.000465
0.000474
0.000470
0.000468
0.000474
0.000479
0.000478
0.000480
0.000466
0.000475
0.000470
0.000471
0.000473
0.000502
0.000478
0.000468
0.000468
0.000468
0.000485
0.000472
0.000475
0.000476
0.000478
0.000504
0.000466
0.000474
0.000473
0.000466
0.000472
0.000470
0.000479
0.000476
0.000465
0.000472
0.000509
0.000488
0.000477
0.000477
0.000472
0.000474
0.000513
0.000484
0.000557
0.000477
0.000471
0.000482
0.000469
0.000481
0.000472
0.000479
0.000469
0.000513
0.000476
0.000551
0.000473
0.000477
0.000519
0.000470
0.000469
0.000481
0.000674
0.000476
0.000477
0.000476
0.000478
0.000480
0.000466
0.000475
0.000472
0.000478
0.000474
0.000472
0.000479
0.000464
0.000479
0.000467
0.000515
0.000473
0.000470
0.000477
0.000234
0.000289
0.000465
0.000474
0.000480
0.000466
0.000483
0.000474
0.000477
0.000470
0.000469
0.000486
0.000509
0.000471
0.000474
0.000476
0.000826
0.000477
0.000476
0.000475
0.000475
0.000478
0.000474
0.000480
0.000476
0.000477
0.000472
0.000463
0.000475
0.000489
0.000475
0.000468
0.000467
0.000481
0.000475
0.000468
0.000475
0.000477
0.000478
0.000474
0.000477
0.000470
0.000493
0.000477
0.000481
0.000474
0.000469
0.000490
0.000480
0.000470
0.000480
0.000512
0.000696
0.000478
0.000468
0.000468
0.000475
0.000472
0.000477
0.000476
0.000472
0.000471
0.000476
0.000473
0.000499
0.000483
0.000473
0.000803
0.000496
0.000473
0.000483
0.000468
0.000473
0.000466
0.000468
0.000479
0.000499
0.000475
0.000480
0.000478
0.000479
0.000473
0.000478
0.000482
0.000476
0.000480
0.000478
0.000476
0.000481
0.000480
0.000472
0.000482
0.000495
0.000497
0.000624
0.000483
0.000472
0.000490
0.000476
0.000476
0.000468
0.000472
0.000478
0.000484
0.000476
0.000494
0.000482
0.000478
0.000479
0.000470
0.000473
0.000475
0.000477
0.000474
0.000479
0.000482
0.000463
0.000474
0.000472
0.000477
0.000472
0.000472
0.000511
0.000464
0.000273
0.000217
0.000216
0.000404
0.000479
0.000480
0.000517
0.000468
0.000478
0.000473
0.000477
0.000470
0.000471
0.000506
0.000478
0.000467
0.000470
0.000475
0.000481
0.000490
0.000637
0.000482
0.000561
0.000472
0.000478
0.000534
0.000481
0.000503
0.000475
0.000481
0.000470
0.000474
0.000472
0.000500
0.000480
0.000547
0.000487
0.000474
0.000473
0.000474
0.000494
0.000472
0.000479
0.000473
0.000474
0.000477
0.000478
0.000478
0.000478
0.000478
0.000494
0.000636
0.000591
0.000478
0.000489
0.000615
0.000473
0.000537
0.000469
0.000471
0.000467
0.000613
0.000866
0.000478
0.000482
0.000477
0.000475
0.000477
0.000471
0.000475
0.000475
0.000474
0.000576
0.000479
0.000266
0.000346
0.000480
0.000479
0.000482
0.000474
0.000479
0.000478
0.000480
0.000473
0.000488
0.000240
0.000364
0.000475
0.000511
0.000477
0.000488
0.000489
0.000470
0.000468
0.000476
0.000472
0.000503
0.000473
0.000469
0.000499
0.000222
0.000214
0.000482
0.000481
0.000477
0.000475
0.000473
0.000474
0.000473
0.000478
0.000470
0.000478
0.000488
0.000475
0.000472
0.000475
0.000474
0.000474
0.000475
0.000467
0.000475
0.000473
0.000473
0.000470
0.000476
0.000499
0.000469
0.000471
0.000471
0.000478
0.000778
0.000472
0.000469
0.000595
0.000470
0.000474
0.000468
0.000473
0.000474
0.000469
0.000461
0.000470
0.000482
0.000509
0.000472
0.000474
0.000475
0.000473
0.000464
0.000471
0.000473
