0.111722
0.075871
0.083810
0.050005
0.070711
0.054046
0.092266
0.095956
0.053639
0.049081
0.104375
0.041055
0.045366
0.047748
0.058812
0.049557
0.051048
0.050375
0.043884
0.078816
0.074190
0.079254
0.118541
0.108452
0.099940
0.077848
0.113311
0.044102
0.037625
0.045196
0.037965
0.044795
0.040609
0.042966
0.051944
0.054603
0.037506
0.056263
0.060223
0.052887
0.073207
0.053610
0.104127
0.056431
0.062118
0.070955
0.061253
0.088956
0.043361
0.055377
0.047765
0.051532
0.051195
0.054011
0.048262
0.087217
0.101386
0.056017
0.068289
0.062924
0.064086
0.075694
0.069864
0.088830
0.095642
0.046564
0.055488
0.045347
0.062004
0.071619
0.065568
0.058210
0.122727
0.121999
0.099719
0.137657
0.085517
0.050331
0.052634
0.059893
0.046548
0.056264
0.049132
0.045231
0.049290
0.047143
0.072972
0.055642
0.062752
0.054846
0.062490
0.061713
0.074875
0.054367
0.056794
0.076367
0.050041
0.056699
0.054188
0.054255
0.051298
0.055612
0.045595
0.047967
0.052214
0.049246
0.058549
0.048090
0.057938
0.056547
0.070182
0.063057
0.044761
0.054136
0.050464
0.097085
0.060946
0.111892
0.084714
0.091874
0.076780
0.085076
0.073729
0.048834
0.050713
0.062574
0.050532
0.059066
0.054104
0.062893
0.059472
0.046202
0.046919
0.040936
0.051908
0.046712
0.045625
0.044438
0.046827
0.046896
0.044714
0.048353
0.050432
0.112078
0.133843
0.121135
0.064037
0.060601
0.102012
0.084512
0.053695
0.068017
0.054060
0.095098
0.073313
0.062974
0.074199
0.064611
0.052587
0.049668
0.070124
0.065584
0.055552
0.080167
0.069129
0.073515
0.067892
0.088939
0.084992
0.067094
0.066942
0.099061
0.073324
0.055611
0.045564
0.046969
0.047722
0.051464
0.047925
0.046852
0.065540
0.045622
0.045024
0.059727
0.058749
0.091955
0.053684
0.074995
0.053003
0.053695
0.065086
0.064619
0.082326
0.059176
0.066821
0.073413
0.057436
0.084797
0.061799
0.059432
0.071438
0.055014
0.045734
0.057199
0.076518
0.052801
0.048197
0.056170
0.052925
0.063504
0.050923
0.057605
0.050424
0.052912
0.056284
0.048521
0.068336
0.044606
0.048952
0.049681
0.039985
0.041140
0.039730
0.037430
0.036517
0.042387
0.041585
0.039471
0.039119
0.037066
0.039232
0.039768
0.046340
0.057203
0.054432
0.066863
0.049712
0.053859
0.062178
0.057731
0.049222
0.048605
0.086605
0.086216
0.077834
0.084116
0.094754
0.091898
0.084365
0.116312
0.069896
0.072339
0.067639
0.072291
0.059535
0.090597
0.080799
0.083485
0.087576
0.110764
0.105107
0.079692
0.115345
0.072350
0.073365
0.131764
0.127408
0.096704
0.086576
0.137048
0.055590
0.048119
0.058914
0.058279
0.060115
0.053916
0.067260
0.061099
0.084817
0.049847
0.053707
0.049905
0.051881
0.049029
0.052213
0.045036
0.057780
0.051125
0.059569
0.097011
0.051811
0.051537
0.052520
0.066984
0.072493
0.048843
0.108076
0.035535
0.033578
0.037823
0.035722
0.036370
0.035285
0.034991
0.036072
0.037746
0.034746
0.035767
0.034599
0.043959
0.058435
0.053761
0.054825
0.061384
0.047655
0.060101
0.059527
0.052116
0.055377
0.069216
0.063016
0.073599
0.061156
0.054876
0.058554
0.069905
0.050816
0.059361
0.063112
0.045497
0.051074
0.045650
0.051485
0.044333
0.043975
0.044430
0.050316
0.052373
0.053821
0.054687
0.064493
0.051515
0.050504
0.050233
0.052400
0.052222
0.062350
0.040001
0.046178
0.039558
0.046790
0.044039
0.041738
0.043804
0.044206
0.044843
0.043710
0.042145
0.090281
0.100048
0.128124
0.102995
0.093780
0.070236
0.069383
0.068300
0.066804
0.099845
0.104009
0.058834
0.073391
0.055745
0.079134
0.059219
0.069144
0.065678
0.065042
0.071086
0.059353
0.065178
0.098741
0.060279
0.116620
0.090504
0.115705
0.055175
0.092560
0.071763
0.084993
0.068602
0.060542
0.085389
0.071377
0.110316
0.054041
0.102930
0.121358
0.065249
0.066663
0.095284
0.108510
0.063853
0.101276
0.066212
0.080495
0.066728
0.067738
0.116502
0.069115
0.088891
0.108749
0.049818
0.065291
0.050095
0.049625
0.060957
0.054700
0.073924
0.060033
0.060994
0.062284
0.071938
0.066711
0.099890
0.067236
0.047048
0.078915
0.047663
0.083479
0.055074
0.061607
0.052983
0.054351
0.050073
0.049544
0.049044
0.072608
0.070534
0.052921
0.055003
0.094514
0.051367
0.081311
0.051856
0.058878
0.056350
0.045048
0.044919
0.042547
0.041860
0.041174
0.040407
0.039257
0.047886
0.039646
0.047558
0.046815
0.081630
0.048857
0.053294
0.050998
0.050394
0.099251
0.055052
0.070242
0.070959
0.064128
0.070088
0.065214
0.062644
0.102573
0.063264
0.068602
0.064235
0.062943
0.066088
0.046279
0.064595
0.064833
0.062788
0.063296
0.062203
0.066626
0.073379
0.060543
0.067631
0.079877
0.095396
0.080369
0.052952
0.145168
0.151836
0.103243
0.061042
0.070398
0.086704
0.116756
0.043890
0.052023
0.050598
0.050674
0.041047
0.042335
0.045603
0.045363
0.045219
0.051952
0.045014
0.106832
0.092539
0.101171
0.054387
0.062940
0.062986
0.089499
0.102901
0.070945
0.088051
0.071031
0.064837
0.075383
0.062073
0.054068
0.084531
0.075646
0.062139
0.094425
0.051727
0.089466
0.053084
0.140976
0.076473
0.094248
0.092593
0.060955
0.080506
0.124807
0.093305
0.072700
0.102256
0.088114
0.072781
0.088688
0.081133
0.158442
0.068720
0.052239
0.055369
0.056440
0.059245
0.071516
0.057325
0.054152
0.046527
0.053063
0.044896
0.062466
0.052009
0.057169
0.051844
0.096297
0.085450
0.053837
0.048809
0.067826
0.071520
0.092075
0.073875
0.068547
0.084127
0.088320
0.058549
0.077168
0.049465
0.048044
0.053409
0.054137
0.052258
0.054122
0.066137
0.055978
0.051138
0.065089
0.064439
0.055387
0.083077
0.050154
0.068273
0.098553
0.056643
0.059018
0.069604
0.108101
0.130964
0.105298
0.056268
0.084885
0.109494
0.073105
0.059014
0.064228
0.112908
0.059533
0.068962
0.072152
0.054958
0.118035
0.063310
0.053547
0.068103
0.072078
0.068061
0.065404
0.064073
0.091513
0.094021
0.082104
0.114898
0.095959
0.084486
0.121556
0.053766
0.055182
0.071996
0.055048
0.101847
0.100313
0.060947
0.056934
0.066116
0.051778
0.055642
0.065994
0.062877
0.058772
0.080129
0.069775
0.065438
0.048679
0.050181
0.056427
0.047645
0.044532
0.056955
0.048210
0.043142
0.061757
0.052234
0.063674
0.068850
0.062988
0.053680
0.067254
0.063395
0.054204
0.056829
0.050365
0.054093
0.051149
0.082034
0.054760
0.050605
0.048664
0.049300
0.050783
0.057482
0.053886
0.086468
0.070262
0.049942
0.055082
0.053791
0.063697
0.049486
0.047883
0.046310
0.047773
0.057173
0.056344
0.053195
0.045422
0.051155
0.053072
0.051395
0.048775
0.049378
0.046395
0.053030
0.045444
0.046876
0.044776
0.046646
0.047161
0.042549
0.056294
0.052861
0.063221
0.055991
0.057254
0.056461
0.053224
0.062181
0.053809
0.055063
0.064831
0.053116
0.057863
0.043736
0.050487
0.063357
0.061310
0.046520
0.046734
0.051171
0.047698
0.053168
0.136007
0.112101
0.085385
0.107227
0.119393
0.113113
0.094742
0.050860
0.046631
0.069615
0.055049
0.059124
0.048440
0.046763
0.058731
0.062414
0.060360
0.058917
0.056706
0.071423
0.054192
0.062324
0.064007
0.076118
0.072904
0.092984
0.062836
0.054985
0.053084
0.071934
0.129679
0.061421
0.074368
0.098092
0.092972
0.064036
0.056414
0.086924
0.106951
0.083028
0.072695
0.144945
0.094101
0.084724
0.057029
0.146344
0.098948
0.094534
0.054305
0.078109
0.065503
0.106273
0.138843
0.100452
0.061959
0.061175
0.093592
0.100130
0.075987
0.058860
0.062237
0.064974
0.076769
0.082626
0.076591
0.079292
0.093350
0.060098
0.076818
0.067009
0.073246
0.055208
0.064068
0.049892
0.079885
0.052278
0.058213
0.054872
0.062059
0.055740
0.081373
0.086284
0.053480
0.079725
0.060558
0.054912
0.110581
0.063194
0.063839
0.059160
0.078856
0.079872
0.068501
0.093536
0.087456
0.101697
0.065424
0.063305
0.074309
0.083566
0.056586
0.052967
0.054415
0.058995
0.079222
0.110119
0.116487
0.146039
0.059835
0.092905
0.099664
0.119341
0.080432
0.122143
0.113577
0.071907
0.064489
0.100064
0.058106
0.139663
0.133551
0.077367
0.130143
0.095389
0.055468
0.058018
0.051921
0.051458
0.051425
0.050809
0.065442
0.063218
0.127213
0.091492
0.128760
0.065049
0.092650
0.092631
0.112690
0.053813
0.059196
0.063656
0.063653
0.050324
0.066948
0.051263
0.066142
0.063898
0.059751
0.063656
0.055864
0.092220
0.069555
0.050015
0.071846
0.052333
0.111065
0.064097
0.138890
0.068988
0.068979
0.050886
0.066316
0.110423
0.076892
0.054462
0.100958
0.051293
0.078681
0.044032
0.049882
0.061187
0.066634
0.055650
0.044770
0.051735
0.051050
0.052852
0.046729
0.054329
0.058633
0.053660
0.046421
0.054165
0.046723
0.050233
0.052379
0.092127
0.066247
0.052207
0.051991
0.053996
0.066353
0.051120
0.104192
0.055879
0.066169
0.071122
0.061722
0.071330
0.090104
0.115985
0.146090
0.146451
0.063542
0.090934
0.062829
0.106975
0.057167
0.054774
0.061436
0.058921
0.057784
0.059502
0.054131
0.084485
0.126646
0.045518
0.125197
0.045429
0.046081
0.053582
0.052598
0.046342
0.051284
0.049989
0.070626
0.076531
0.076364
0.069728
0.068050
0.053358
0.077631
0.050279
0.051043
0.072056
0.054106
0.053895
0.053739
0.048134
0.065992
0.060478
0.049576
0.074740
0.064749
0.061320
0.063729
0.073196
0.067024
0.062483
0.051390
0.068538
0.125312
0.055605
0.072619
0.085128
0.078332
0.074090
0.067398
0.082386
0.122277
0.059546
0.049213
0.074641
0.078684
0.061608
0.064883
0.044243
0.039555
0.045496
0.049302
0.078852
0.043446
0.047531
0.041969
0.039992
0.039386
0.073698
0.078898
0.066320
0.090714
0.063770
0.065221
0.084371
