0.030621
0.026031
0.021454
0.021411
0.020559
0.022286
0.023129
0.032836
0.020732
0.022109
0.028325
0.024249
0.020999
0.021655
0.020895
0.023284
0.020623
0.024244
0.020764
0.023051
0.020949
0.022081
0.028374
0.023560
0.028289
0.024517
0.025034
0.021034
0.021267
0.021060
0.023258
0.024583
0.020830
0.022003
0.027921
0.021071
0.020741
0.022079
0.021041
0.022134
0.021621
0.029071
0.029746
0.024701
0.020590
0.020884
0.023750
0.023204
0.020967
0.023029
0.020912
0.020585
0.023066
0.024473
0.024277
0.030441
0.029783
0.023463
0.021479
0.025334
0.020613
0.023841
0.020700
0.029763
0.033079
0.021664
0.023518
0.020967
0.020952
0.024972
0.021338
0.020624
0.031561
0.024703
0.029326
0.021041
0.021685
0.020568
0.024687
0.025267
0.020642
0.027951
0.023051
0.023553
0.025413
0.022144
0.025003
0.020891
0.020733
0.021507
0.025062
0.020885
0.020781
0.021024
0.023039
0.030051
0.020969
0.020472
0.022554
0.020603
0.023427
0.020401
0.023903
0.021517
0.022218
0.025756
0.020652
0.023299
0.020839
0.025896
0.027574
0.021676
0.022793
0.020838
0.020581
0.031426
0.025785
0.029288
0.024247
0.026462
0.020778
0.020849
0.020820
0.020887
0.020836
0.020834
0.020575
0.020512
0.020808
0.020877
0.020492
0.021053
0.020792
0.020815
0.023222
0.021673
0.024754
0.021177
0.020566
0.020971
0.021955
0.020707
0.021118
0.029675
0.031116
0.025377
0.024570
0.021174
0.030879
0.020670
0.021085
0.020395
0.020896
0.024272
0.027667
0.021114
0.020930
0.020597
0.022440
0.022856
0.028550
0.020453
0.025571
0.028132
0.022943
0.023947
0.023472
0.033439
0.026796
0.023459
0.020616
0.030479
0.033037
0.021017
0.020644
0.023617
0.020717
0.022777
0.022799
0.020642
0.020832
0.022324
0.023430
0.023672
0.023717
0.030942
0.025525
0.020451
0.020727
0.024698
0.022575
0.025153
0.020970
0.024057
0.025685
0.023717
0.023687
0.024483
0.026392
0.021740
0.020780
0.021529
0.021137
0.023596
0.020870
0.027261
0.020970
0.021331
0.022762
0.021412
0.025309
0.023132
0.020949
0.022363
0.021098
0.022727
0.020354
0.022414
0.020761
0.021040
0.022323
0.023248
0.020695
0.024110
0.020665
0.024211
0.022292
0.020694
0.020591
0.022117
0.022050
0.025157
0.021398
0.021153
0.026461
0.020904
0.022303
0.020861
0.020794
0.022190
0.020918
0.024628
0.020870
0.024393
0.021289
0.021293
0.026714
0.027420
0.020696
0.028441
0.020808
0.023482
0.020882
0.020906
0.020863
0.028117
0.023086
0.023725
0.028197
0.032286
0.028328
0.028653
0.027863
0.023461
0.021245
0.029937
0.027877
0.024473
0.028654
0.030265
0.022542
0.020848
0.021629
0.020956
0.023313
0.021299
0.022971
0.024284
0.033200
0.021232
0.022934
0.025780
0.023159
0.022974
0.020757
0.020508
0.022269
0.020688
0.028254
0.027243
0.020510
0.023707
0.021035
0.023625
0.020782
0.021527
0.026105
0.021825
0.020495
0.023031
0.020797
0.023611
0.020844
0.020713
0.020615
0.024019
0.022738
0.021143
0.022518
0.021061
0.020641
0.025707
0.020880
0.020636
0.020941
0.025440
0.025525
0.022645
0.022856
0.023041
0.021050
0.020907
0.021661
0.022725
0.021605
0.020699
0.020853
0.021123
0.023451
0.022251
0.020952
0.022354
0.025640
0.020572
0.026645
0.022996
0.021904
0.021104
0.023497
0.020798
0.020561
0.020667
0.023240
0.021197
0.020945
0.020796
0.022281
0.020484
0.020506
0.020906
0.020338
0.020553
0.020588
0.020993
0.020587
0.020877
0.022287
0.020708
0.022119
0.028449
0.027086
0.020960
0.026569
0.020743
0.020940
0.020993
0.020421
0.029412
0.027893
0.020711
0.020876
0.021336
0.025900
0.020693
0.020883
0.020903
0.020996
0.027161
0.020783
0.020972
0.030922
0.020578
0.026523
0.024629
0.020915
0.023900
0.028859
0.022146
0.023895
0.022914
0.020878
0.028934
0.020678
0.027029
0.022591
0.031782
0.026002
0.025468
0.020554
0.023564
0.032779
0.020866
0.021019
0.022976
0.026620
0.020777
0.024663
0.026786
0.021632
0.020703
0.025660
0.020767
0.021796
0.023642
0.021118
0.022081
0.021095
0.022055
0.022984
0.024265
0.021969
0.026502
0.025159
0.023230
0.023078
0.023012
0.020845
0.020393
0.028707
0.020770
0.020787
0.025036
0.020740
0.020746
0.023187
0.022924
0.021005
0.020986
0.023881
0.020911
0.020845
0.021045
0.020537
0.023486
0.028933
0.020661
0.024030
0.022982
0.021392
0.020809
0.022105
0.022978
0.020611
0.020662
0.020982
0.020809
0.025007
0.023234
0.023541
0.020926
0.020646
0.025119
0.027345
0.021070
0.020982
0.020951
0.020849
0.020551
0.020914
0.020508
0.028964
0.020791
0.020794
0.023536
0.020791
0.020717
0.021936
0.020430
0.020568
0.023969
0.021368
0.020435
0.020810
0.023524
0.023997
0.022680
0.031691
0.023378
0.027825
0.020905
0.029154
0.028082
0.027992
0.022479
0.024047
0.020726
0.027942
0.022494
0.021295
0.021334
0.021146
0.020632
0.020992
0.023058
0.020925
0.020762
0.020781
0.024216
0.026856
0.021033
0.032298
0.021711
0.020772
0.020738
0.020873
0.026090
0.020884
0.024366
0.021845
0.021968
0.020760
0.020673
0.020454
0.021039
0.021131
0.023376
0.028571
0.022810
0.020878
0.022528
0.026740
0.023233
0.023201
0.020944
0.023035
0.023950
0.032229
0.027357
0.025497
0.026479
0.022787
0.021055
0.026971
0.023138
0.030948
0.020696
0.020648
0.021605
0.020947
0.026417
0.027207
0.021063
0.020679
0.022499
0.021024
0.021968
0.023498
0.024713
0.021350
0.024612
0.021890
0.020804
0.020485
0.022583
0.020490
0.022107
0.023651
0.021867
0.020797
0.023820
0.020817
0.023001
0.031130
0.022503
0.022940
0.022989
0.022080
0.020853
0.021105
0.027816
0.020794
0.020822
0.027550
0.020675
0.023865
0.020613
0.023430
0.025123
0.028469
0.024384
0.024589
0.022189
0.028302
0.032960
0.028568
0.020835
0.029988
0.032685
0.020873
0.026463
0.022435
0.030216
0.023139
0.024026
0.021056
0.024371
0.027470
0.021425
0.020357
0.023191
0.025812
0.023626
0.020807
0.022486
0.026905
0.026091
0.020488
0.030836
0.025943
0.021279
0.025142
0.020415
0.020821
0.021099
0.021158
0.029156
0.030124
0.020992
0.021307
0.022790
0.025315
0.021241
0.022310
0.020976
0.025581
0.032093
0.022801
0.021120
0.020894
0.023173
0.021431
0.021099
0.020347
0.021103
0.020818
0.020799
0.020909
0.021009
0.020760
0.020469
0.023168
0.021490
0.022149
0.021101
0.022010
0.024231
0.023256
0.020820
0.020895
0.026249
0.023797
0.022942
0.022855
0.020865
0.022278
0.020928
0.023678
0.026961
0.023522
0.020828
0.025778
0.021502
0.023919
0.027215
0.021961
0.020806
0.022145
0.020710
0.020717
0.020399
0.021264
0.020762
0.020595
0.020694
0.020674
0.021277
0.022846
0.021461
0.022802
0.020633
0.022368
0.020865
0.020893
0.021845
0.020660
0.020747
0.023545
0.020919
0.024188
0.020855
0.022482
0.025308
0.024129
0.021136
0.022448
0.021284
0.020679
0.020704
0.022285
0.020934
0.021109
0.020777
0.023367
0.020817
0.020743
0.023352
0.029544
0.028575
0.020974
0.028144
0.020593
0.024094
0.020807
0.021981
0.021988
0.020653
0.020622
0.020680
0.021117
0.021373
0.020705
0.020928
0.020723
0.022714
0.020758
0.020948
0.020701
0.023926
0.020728
0.027660
0.025238
0.024393
0.021888
0.022817
0.026091
0.023312
0.023644
0.025543
0.020835
0.020515
0.020959
0.020854
0.020891
0.026181
0.024254
0.023337
0.020923
0.024761
0.024742
0.021086
0.023397
0.031214
0.023190
0.033034
0.021483
0.021083
0.022984
0.027506
0.028744
0.030254
0.021055
0.022866
0.027293
0.022537
0.020653
0.020273
0.020630
0.020748
0.025842
0.027777
0.020657
0.024587
0.020836
0.021460
0.024731
0.020705
0.021031
0.023243
0.020669
0.024304
0.021351
0.020673
0.022731
0.021004
0.020831
0.022594
0.026681
0.030707
0.024188
0.021150
0.025303
0.024274
0.026419
0.020699
0.022410
0.028176
0.023388
0.025238
0.021665
0.022313
0.027958
0.028442
0.020376
0.022672
0.023804
0.029739
0.022626
0.022889
0.022717
0.021863
0.028100
0.030476
0.027947
0.030825
0.021902
0.028499
0.030503
0.033498
0.028258
0.032171
0.030403
0.021106
0.020515
0.032192
0.021150
0.031207
0.032481
0.030374
0.026889
0.023504
0.020467
0.023751
0.022447
0.021199
0.022839
0.021398
0.020845
0.020801
0.024331
0.021004
0.022292
0.022838
0.021053
0.032321
0.031317
0.022959
0.024467
0.020601
0.020778
0.025108
0.022193
0.021171
0.020529
0.020845
0.020670
0.021844
0.020783
0.027413
0.022794
0.020632
0.020812
0.022821
0.026055
0.024087
0.030492
0.021234
0.029496
0.020871
0.022175
0.033671
0.031129
0.022167
0.029524
0.020715
0.032527
0.020965
0.020551
0.021566
0.020617
0.022509
0.021627
0.020644
0.020738
0.025773
0.021939
0.022387
0.021025
0.023316
0.020930
0.028323
0.020920
0.020824
0.024394
0.025696
0.022263
0.022238
0.024051
0.021715
0.022833
0.023100
0.029541
0.020812
0.021702
0.022918
0.021785
0.022358
0.026769
0.027913
0.031038
0.024823
0.021091
0.024770
0.022272
0.025317
0.021985
0.020700
0.022312
0.020913
0.022847
0.021426
0.021263
0.033167
0.029889
0.024272
0.030371
0.023756
0.021951
0.021937
0.020991
0.020954
0.023090
0.021841
0.021778
0.020944
0.029741
0.020901
0.029687
0.021130
0.022521
0.021193
0.020848
0.025388
0.020806
0.020701
0.025071
0.023175
0.024089
0.020755
0.020938
0.020977
0.025425
0.023069
0.020971
0.021125
0.022490
0.023006
0.020615
0.022663
0.027873
0.025730
0.024719
0.020875
0.026273
0.022618
0.020795
0.021311
0.023049
0.024356
0.021797
0.023952
0.031975
0.022912
0.023067
0.021066
0.020611
0.020919
0.028403
0.020779
0.022032
0.023475
0.021512
0.021601
0.021039
0.020858
0.021009
0.020888
0.027798
0.020660
0.022963
0.020812
