0.031233
0.016272
0.018812
0.013394
0.018220
0.037392
0.035384
0.040524
0.038780
0.038363
0.039963
0.035676
0.042764
0.038284
0.037855
0.056600
0.014513
0.017353
0.020972
0.037274
0.041345
0.016033
0.020289
0.016275
0.025950
0.041700
0.036498
0.037616
0.043241
0.044268
0.072817
0.055461
0.072311
0.057175
0.055753
0.077542
0.078706
0.035082
0.038417
0.028911
0.058846
0.048937
0.064840
0.068111
0.066411
0.058134
0.068820
0.069606
0.074660
0.066062
0.070818
0.068580
0.065402
0.060350
0.059034
0.067366
0.054827
0.067874
0.066690
0.061793
0.068239
0.069113
0.064766
0.065770
0.048317
0.028813
0.032791
0.078047
0.028861
0.048947
0.051982
0.063566
0.056069
0.054026
0.059424
0.053938
0.054255
0.057390
0.045859
0.049705
0.032766
0.044083
0.036614
0.037584
0.055388
0.024531
0.038599
0.041756
0.052755
0.018907
0.039009
0.041802
0.043119
0.051961
0.047541
0.030997
0.045730
0.048307
0.056611
0.035678
0.057830
0.046846
0.052529
0.072597
0.062677
0.064265
0.077290
0.062294
0.064645
0.066794
0.066437
0.054573
0.067389
0.065728
0.025681
0.042563
0.055978
0.058364
0.057017
0.048626
0.051838
0.052296
0.054912
0.058240
0.059383
0.050033
0.047651
0.058909
0.049121
0.056369
0.029263
0.028293
0.025729
0.034232
0.030546
0.028019
0.037986
0.025977
0.026385
0.026762
0.028095
0.024614
0.034572
0.032578
0.037084
0.022945
0.033597
0.030176
0.032590
0.025293
0.032546
0.036378
0.026607
0.031395
0.028052
0.038165
0.038769
0.029761
0.023835
0.026164
0.054673
0.062056
0.048796
0.055159
0.057084
0.055949
0.049193
0.053289
0.046060
0.060404
0.051714
0.052431
0.057158
0.050231
0.053175
0.046603
0.058613
0.053539
0.066750
0.063863
0.064103
0.071368
0.068038
0.065831
0.067466
0.063505
0.066266
0.060292
0.076148
0.067316
0.073760
0.065748
0.045854
0.045204
0.038747
0.040186
0.040356
0.037277
0.043595
0.034877
0.034670
0.038062
0.039587
0.035038
0.038815
0.042464
0.038711
0.039356
0.035946
0.039746
0.044778
0.041368
0.037440
0.038616
0.037048
0.040729
0.050322
0.047278
0.059424
0.046073
0.051469
0.048846
0.049377
0.050635
0.043761
0.053603
0.046940
0.048731
0.043080
0.036773
0.038621
0.024433
0.044748
0.065281
0.063039
0.069294
0.064397
0.060231
0.063054
0.061645
0.069454
0.058372
0.057388
0.065058
0.071008
0.065150
0.074447
0.058907
0.059921
0.063419
0.061883
0.058192
0.054381
0.050661
0.050797
0.048039
0.057406
0.055555
0.060423
0.055250
0.063376
0.069799
0.050829
0.054040
0.044304
0.040146
0.040735
0.042881
0.039784
0.038765
0.043688
0.038226
0.042084
0.040919
0.041558
0.044161
0.042813
0.038070
0.042508
0.045442
0.050181
0.046624
0.044106
0.042609
0.044611
0.040368
0.058028
0.037599
0.038343
0.048084
0.047101
0.054988
0.051833
0.051066
0.047586
0.047514
0.044137
0.046467
0.045882
0.042781
0.042586
0.044199
0.051568
0.046010
0.043012
0.051016
0.060696
0.055503
0.052258
0.044673
0.066361
0.052242
0.061293
0.052158
0.048327
0.051996
0.067531
0.074956
0.039749
0.063284
0.046784
0.074448
0.050826
0.038316
0.037372
0.034590
0.032315
0.035587
0.023619
0.012286
0.023870
0.033546
0.037365
0.028636
0.029378
0.036392
0.036402
0.034780
0.034792
0.036791
0.042504
0.038667
0.034541
0.040749
0.030808
0.030742
0.034485
0.036228
0.032874
0.031983
0.044485
0.038609
0.037532
0.035305
0.036404
0.035155
0.030063
0.038713
0.035119
0.039124
0.031881
0.036211
0.033871
0.035260
0.038581
0.036239
0.039175
0.035369
0.035348
0.036142
0.044141
0.036467
0.048368
0.038782
0.040303
0.045267
0.049973
0.039884
0.047564
0.053173
0.043692
0.037568
0.052465
0.051784
0.039723
0.046633
0.042166
0.043894
0.037309
0.051605
0.044316
0.065653
0.032348
0.025820
0.031736
0.037138
0.027738
0.028376
0.028492
0.038381
0.037692
0.041029
0.033318
0.037097
0.026314
0.028116
0.029321
0.033066
0.033876
0.028853
0.033390
0.021666
0.033299
0.035147
0.029875
0.027221
0.027293
0.029065
0.027975
0.033949
0.025502
0.024930
0.025695
0.025777
0.025395
0.025258
0.053768
0.051643
0.056137
0.052759
0.048260
0.044087
0.042943
0.059274
0.072904
0.054797
0.076187
0.061181
0.061763
0.054371
0.026817
0.024512
0.025118
0.043378
0.053255
0.058917
0.057266
0.051523
0.057698
0.051854
0.052890
0.058391
0.050011
0.051490
0.065675
0.055681
0.043947
0.028730
0.035146
0.031165
0.021784
0.019445
0.036196
0.064807
0.049031
0.090428
0.051566
0.065971
0.025791
0.069048
0.060490
0.057973
0.067029
0.076782
0.082590
0.079188
0.062749
0.057814
0.071799
0.046990
0.051747
0.059335
0.047711
0.063318
0.060901
0.064929
0.060907
0.065378
0.075268
0.028172
0.030797
0.025276
0.032732
0.061064
0.073115
0.057951
0.050195
0.044821
0.049565
0.038889
0.048539
0.040512
0.038999
0.039312
0.047168
0.048593
0.048739
0.051288
0.048995
0.048789
0.034797
0.038882
0.040647
0.043423
0.044285
0.043962
0.041043
0.033705
0.032533
0.035661
0.038975
0.028932
0.032255
0.031802
0.040017
0.032385
0.027672
0.039498
0.035812
0.042528
0.035643
0.033001
0.033624
0.035232
0.035227
0.038863
0.033293
0.033346
0.031223
0.033740
0.033960
0.031062
0.029978
0.034524
0.037731
0.043292
0.041077
0.032979
0.039748
0.034271
0.038115
0.034373
0.036009
0.039519
0.050886
0.035882
0.033551
0.043106
0.038999
0.045896
0.016526
0.019140
0.020520
0.030229
0.036744
0.041926
0.036302
0.040137
0.040286
0.040123
0.045864
0.069888
0.057346
0.052919
0.060807
0.065687
0.046169
0.065846
0.063766
0.060985
0.084934
0.054524
0.067245
0.045665
0.017265
0.023226
0.042079
0.052623
0.036512
0.043909
0.046530
0.039182
0.044375
0.049632
0.046592
0.050632
0.039581
0.053916
0.050566
0.039601
0.056319
0.042393
0.039668
0.041908
0.047480
0.055829
0.073707
0.066772
0.058762
0.057220
0.075147
0.058066
0.050583
0.059499
0.074763
0.060487
0.060464
0.070499
0.065919
0.056300
0.071445
0.062535
0.052091
0.055906
0.053003
0.063353
0.068014
0.023121
0.027370
0.022994
0.043490
0.060433
0.050550
0.066785
0.055408
0.057647
0.049674
0.051596
0.053333
0.046859
0.048964
0.050284
0.049003
0.049002
0.053055
0.052931
0.051062
0.047984
0.049411
0.049226
0.046943
0.049016
0.049194
0.058206
0.049746
0.046766
0.053797
0.049123
0.046211
0.039941
0.050095
0.043984
0.044965
0.049163
0.035604
0.046571
0.041858
0.072320
0.036177
0.058791
0.045908
0.053424
0.048461
0.045043
0.048376
0.043135
0.062072
0.065777
0.070849
0.063422
0.068811
0.063237
0.065252
0.075897
0.060492
0.066895
0.072414
0.073496
0.064869
0.058067
0.066113
0.048989
0.046710
0.041537
0.048751
0.059614
0.063834
0.042560
0.046973
0.052340
0.057577
0.044260
0.052041
0.044797
0.048217
0.046400
0.050867
0.043191
0.047020
0.051178
0.058287
0.055113
0.060141
0.058088
0.049136
0.053361
0.060616
0.047553
0.054491
0.045594
0.055545
0.050357
0.046003
0.051134
0.053752
0.042813
0.027755
0.068658
0.057662
0.065366
0.063142
0.053870
0.064820
0.074288
0.051254
0.054943
0.073245
0.069205
0.051974
0.059797
0.076990
0.067074
0.066301
0.071218
0.057254
0.057747
0.059344
0.059179
0.055347
0.056249
0.066483
0.072412
0.052116
0.078736
0.067029
0.069864
0.037392
0.036632
0.034625
0.034047
0.041132
0.041921
0.036618
0.031546
0.037497
0.031683
0.036355
0.036615
0.039211
0.032299
0.034498
0.034008
0.040161
0.047814
0.031354
0.033455
0.038850
0.036839
0.031970
0.036965
0.042253
0.047741
0.056798
0.063008
0.065833
0.063316
0.042499
0.050535
0.062449
0.053855
0.041006
0.049756
0.067294
0.048536
0.045447
0.042963
0.052630
0.053592
0.055289
0.050009
0.044463
0.062312
0.058336
0.060195
0.073767
0.056691
0.058162
0.054578
0.065491
0.054513
0.050856
0.058858
0.050918
0.048189
0.057852
0.044518
0.054768
0.045048
0.052752
0.041047
0.062535
0.040041
0.044346
0.050193
0.046466
0.045049
0.051813
0.048505
0.041258
0.043547
0.047012
0.045204
0.043188
0.047316
0.047438
0.054414
0.056736
0.053831
0.052201
0.052757
0.046067
0.063515
0.056191
0.056401
0.060930
0.051375
0.055530
0.070976
0.061303
0.062013
0.036297
0.025669
0.027209
0.038719
0.041771
0.042311
0.051043
0.044620
0.039967
0.040638
0.046168
0.047726
0.060216
0.065167
0.052847
0.050530
0.047760
0.053552
0.057832
0.057043
0.054263
0.048606
0.072688
0.054318
0.057895
0.070916
0.075749
0.078465
0.068683
0.055509
0.071920
0.047621
0.056401
0.071580
0.069334
0.061146
0.051433
0.064207
0.052862
0.065903
0.061262
0.072679
0.070849
0.074388
0.061096
0.055706
0.074997
0.060665
0.070457
0.060838
0.097153
0.057171
0.088191
0.072381
0.075820
0.062082
0.046610
0.049421
0.045103
0.049987
0.074720
0.064504
0.071611
0.038826
0.050611
0.039620
0.044334
0.049348
0.052389
0.055249
0.054862
0.050858
0.052923
0.047821
0.036202
0.050414
0.050924
0.046171
0.055599
0.051621
0.050443
0.045602
0.048593
0.049435
0.041286
0.026972
0.047315
0.072567
0.097407
0.057098
0.057422
0.062820
0.056042
0.062269
0.058565
0.051489
0.058576
0.054901
0.048829
0.078379
0.024802
0.052355
0.053023
0.073936
0.074746
0.068960
0.072205
0.075151
0.066070
0.064381
0.070201
0.067228
0.070965
0.074793
0.060736
0.070509
0.052066
0.052869
0.046744
0.051112
0.047733
0.051307
0.061070
0.053932
0.048063
0.052269
0.056967
0.050967
0.056274
0.051616
0.050899
0.050726
0.048293
0.050345
0.049355
0.029359
0.039587
0.034879
0.030427
0.042085
0.033267
0.042946
0.036056
0.035338
0.033464
0.029502
0.042651
0.029918
0.033296
0.040823
