0.193759
0.196359
0.202025
0.197579
0.190512
0.193936
0.188209
0.189761
0.205356
0.206677
0.204661
0.187715
0.199763
0.194747
0.194942
0.185638
0.194320
0.192448
0.191318
0.193547
0.195975
0.194611
0.185394
0.187843
0.200858
0.195481
0.187690
0.196691
0.197772
0.190303
0.213210
0.198259
0.193022
0.201815
0.192644
0.188225
0.199672
0.209754
0.192914
0.205256
0.182508
0.220238
0.219397
0.189296
0.191214
0.201430
0.197118
0.190633
0.201626
0.190983
0.202712
0.192773
0.205728
0.207398
0.206561
0.204995
0.191976
0.192626
0.205377
0.210340
0.195062
0.194187
0.185479
0.197811
0.210108
0.188216
0.194250
0.189993
0.192310
0.192325
0.190899
0.186463
0.192328
0.207975
0.194246
0.204667
0.199507
0.190199
0.190705
0.191974
0.194983
0.197305
0.192912
0.203288
0.198223
0.191301
0.185752
0.191884
0.196908
0.206558
0.190472
0.190859
0.197250
0.194462
0.205373
0.201788
0.192764
0.192981
0.187741
0.204767
0.184218
0.198060
0.196915
0.185889
0.208164
0.207917
0.198201
0.184100
0.189956
0.191965
0.194880
0.198776
0.209312
0.189277
0.201257
0.195776
0.197500
0.181609
0.189612
0.203646
0.204564
0.211492
0.206295
0.189252
0.206832
0.185842
0.189924
0.189604
0.185625
0.185466
0.196680
0.194426
0.187156
0.188800
0.205295
0.193283
0.197220
0.200638
0.188159
0.194360
0.189590
0.192031
0.180482
0.203594
0.186714
0.186436
0.186153
0.193808
0.200767
0.208674
0.204377
0.178988
0.182762
0.188947
0.190242
0.196785
0.194575
0.185727
0.205934
0.190945
0.189409
0.188554
0.187121
0.189049
0.179397
0.180026
0.186615
0.185495
0.195517
0.208363
0.197397
0.203008
0.196454
0.192643
0.199440
0.215239
0.203952
0.206268
0.203169
0.199800
0.198427
0.199416
0.198905
0.202106
0.198178
0.203411
0.200391
0.205056
0.196572
0.199854
0.189667
0.183178
0.210478
0.184578
0.187528
0.212999
0.201858
0.197159
0.190311
0.183678
0.199599
0.197772
0.192007
0.200678
0.199177
0.174983
0.185408
0.198584
0.200898
0.198714
0.216154
0.198169
0.189927
0.187570
0.192598
0.194663
0.188769
0.202102
0.192951
0.201495
0.200604
0.194335
0.211246
0.200317
0.202631
0.211074
0.198779
0.181024
0.193286
0.196280
0.192466
0.197299
0.186252
0.195565
0.210582
0.201064
0.201534
0.205552
0.188134
0.191174
0.199242
0.209523
0.186342
0.209603
0.203306
0.185045
0.189537
0.189296
0.197608
0.198991
0.207196
0.197808
0.200486
0.198084
0.189249
0.204242
0.200140
0.198859
0.188512
0.198558
0.195623
0.201708
0.196002
0.187798
0.179014
0.197745
0.191577
0.187562
0.201053
0.197563
0.204269
0.203159
0.199278
0.194160
0.198805
0.201165
0.207088
0.209410
0.187208
0.187725
0.187029
0.197613
0.210191
0.192502
0.196163
0.189261
0.194110
0.204878
0.205651
0.202956
0.195980
0.193675
0.188679
0.190408
0.190223
0.180703
0.208066
0.184789
0.199527
0.215667
0.198978
0.183842
0.192166
0.208875
0.193244
0.195208
0.190593
0.210440
0.205161
0.193247
0.190197
0.193876
0.200181
0.201041
0.192733
0.187095
0.196684
0.187912
0.184766
0.199632
0.194795
0.189247
0.181404
0.202419
0.190791
0.192500
0.194935
0.191927
0.196868
0.189845
0.194539
0.186390
0.198260
0.200307
0.193953
0.192747
0.199758
0.203816
0.205983
0.203459
0.182276
0.196169
0.191964
0.207103
0.204502
0.201606
0.197251
0.198846
0.202706
0.191266
0.182569
0.178912
0.197359
0.202627
0.187784
0.187786
0.202167
0.189385
0.205085
0.186357
0.192689
0.184370
0.186471
0.194747
0.209996
0.182965
0.190687
0.186061
0.193108
0.187986
0.191717
0.179597
0.200178
0.190898
0.180869
0.194399
0.208282
0.200425
0.216244
0.193270
0.191697
0.197728
0.210504
0.201752
0.208002
0.186092
0.214666
0.200312
0.190927
0.196562
0.179890
0.191082
0.193348
0.192209
0.192321
0.201682
0.193326
0.192989
0.194043
0.193090
0.188175
0.195987
0.202372
0.196636
0.189528
0.201001
0.202983
0.199751
0.185907
0.188305
0.198668
0.198076
0.192011
0.192646
0.196270
0.198174
0.193823
0.206350
0.194729
0.194118
0.195241
0.185890
0.190267
0.191708
0.192001
0.195799
0.185326
0.197377
0.207730
0.192264
0.192471
0.195761
0.181562
0.252245
0.198662
0.201761
0.197607
0.194338
0.191522
0.195280
0.206970
0.188632
0.199648
0.187682
0.191561
0.194819
0.196877
0.193512
0.230894
0.209639
0.199190
0.194575
0.199396
0.200868
0.209816
0.183467
0.197549
0.192383
0.203487
0.200847
0.204228
0.192059
0.224403
0.210215
0.197138
0.197255
0.188327
0.195651
0.211629
0.193859
0.201393
0.196943
0.194223
0.215215
0.192472
0.189377
0.220955
0.210758
0.207550
0.215285
0.202691
0.195366
0.189639
0.198270
0.189728
0.218391
0.182036
0.194758
0.200918
0.187389
0.199995
0.194910
0.184964
0.190646
0.191910
0.184483
0.197914
0.202667
0.186697
0.196552
0.184362
0.203293
0.192717
0.211817
0.206583
0.201000
0.189117
0.190444
0.201128
0.191776
0.206064
0.191564
0.192715
0.192535
0.200244
0.209885
0.201279
0.203911
0.207793
0.195558
0.191931
0.191221
0.212655
0.199633
0.192301
0.205201
0.201530
0.202246
0.194949
0.208354
0.205814
0.195651
0.206356
0.188862
0.191027
0.192360
0.217178
0.222471
0.199397
0.209591
0.204337
0.199880
0.189555
0.185157
0.187057
0.188493
0.191255
0.193413
0.190556
0.191698
0.204571
0.195169
0.206829
0.195281
0.198354
0.200976
0.189449
0.205258
0.195771
0.191360
0.204047
0.188777
0.188808
0.201954
0.198117
0.198457
0.195257
0.191052
0.192885
0.195815
0.190057
0.198714
0.194612
0.185869
0.190370
0.199214
0.187238
0.201400
0.197924
0.194476
0.180780
0.186608
0.196019
0.189930
0.190146
0.187458
0.198418
0.210985
0.212371
0.205196
0.204598
0.192186
0.193207
0.197250
0.189357
0.189996
0.183396
0.210248
0.189117
0.182999
0.199356
0.194287
0.203785
0.201285
0.186766
0.200869
0.198546
0.188818
0.203846
0.198299
0.206968
0.191963
0.203799
0.191477
0.192592
0.195332
0.196606
0.208879
0.194479
0.208684
0.211298
0.189341
0.215648
0.206490
0.190341
0.204704
0.188528
0.185898
0.184027
0.187507
0.204145
0.195181
0.187916
0.197564
0.192664
0.183797
0.190107
0.188388
0.189377
0.198781
0.191096
0.185299
0.180652
0.195000
0.187659
0.218804
0.190545
0.189491
0.188829
0.194632
0.195243
0.189269
0.197614
0.195648
0.191209
0.185328
0.215479
0.189934
0.199815
0.200770
0.199675
0.196474
0.186528
0.209774
0.187551
0.201075
0.200180
0.190330
0.210113
0.192317
0.205284
0.198807
0.199969
0.190759
0.183763
0.195757
0.193223
0.197380
0.194097
0.202326
0.192809
0.201203
0.197255
0.197311
0.199632
0.191459
0.198255
0.194750
0.189763
0.197441
0.201691
0.200129
0.197602
0.217742
0.198260
0.193470
0.197278
0.200916
0.210215
0.199596
0.191068
0.214534
0.191569
0.193614
0.200422
0.180752
0.191388
0.181631
0.203545
0.199839
0.195096
0.193039
0.190981
0.187947
0.192180
0.188927
0.200301
0.196498
0.186367
0.201925
0.210384
0.195547
0.194079
0.215422
0.206147
0.199200
0.190246
0.190029
0.195332
0.196067
0.188350
0.190232
0.198027
0.193662
0.195313
0.202381
0.195195
0.201475
0.187137
0.194788
0.183297
0.194898
0.197783
0.199437
0.185933
0.207049
0.195896
0.200427
0.186714
0.186964
0.202670
0.202358
0.205457
0.195742
0.202086
0.191989
0.208512
0.188586
0.191517
0.185782
0.196651
0.198838
0.202944
0.218942
0.207046
0.213069
0.199453
0.195525
0.195881
0.191172
0.230107
0.182306
0.192629
0.193510
0.198738
0.202351
0.202483
0.199618
0.191687
0.197518
0.175810
0.198435
0.194717
0.196583
0.191482
0.196130
0.207853
0.186085
0.187678
0.189539
0.201016
0.190122
0.196449
0.198956
0.211705
0.196167
0.203333
0.194386
0.189574
0.201590
0.179320
0.178963
0.201141
0.190992
0.193519
0.196967
0.200265
0.202747
0.190422
0.207487
0.197586
0.190796
0.191528
0.194932
0.189636
0.191574
0.204444
0.198291
0.196334
0.193342
0.185773
0.181783
0.214273
0.190904
0.203068
0.201134
0.200918
0.198342
0.204096
0.188484
0.187041
0.184590
0.191326
0.209250
0.191809
0.189522
0.193564
0.187241
0.191082
0.207616
0.197199
0.192008
0.194803
0.208460
0.207949
0.202551
0.190556
0.196292
0.195442
0.199013
0.193873
0.197900
0.197913
0.195737
0.190062
0.194014
0.200413
0.197247
0.189298
0.189840
0.193461
0.201684
0.190466
0.192588
0.206666
0.208069
0.191321
0.209275
0.192861
0.199069
0.203088
0.200533
0.200898
0.217011
0.190477
0.222656
0.209311
0.201526
0.200912
0.190139
0.202720
0.199580
0.181769
0.174893
0.197484
0.215331
0.225362
0.208733
0.199649
0.184599
0.193968
0.193616
0.190295
0.197503
0.195770
0.199872
0.184213
0.204363
0.196678
0.217454
0.202308
0.198540
0.212345
0.210789
0.207274
0.191460
0.197859
0.193274
0.202637
0.196642
0.206348
0.194679
0.193927
0.194156
0.200317
0.191809
0.188437
0.193789
0.191167
0.194397
0.209026
0.191569
0.202352
0.208255
0.208362
0.188776
0.198340
0.202625
0.194938
0.198699
0.185504
0.215817
0.205391
0.188852
0.190116
0.186361
0.192899
0.194882
0.190189
0.205840
0.195766
0.183397
0.181403
0.196150
0.191835
0.196725
0.196681
0.194872
0.203434
0.209916
0.195233
0.197657
0.188272
0.203489
0.197019
0.194506
0.193517
0.200754
0.188745
0.205670
0.197969
0.195082
0.189721
0.195102
0.224909
0.188136
0.185608
0.204102
0.187514
0.205541
0.194464
0.183072
0.197197
0.206390
0.192325
0.200359
0.200589
0.190482
0.189049
0.207437
0.207501
0.198001
0.199228
0.202497
0.203223
0.187103
0.216654
0.209234
0.207750
0.189247
0.190648
0.188582
0.191917
0.202968
0.189374
0.200003
0.200809
0.190990
0.206573
0.200013
