0.004244
0.004307
0.004264
0.004424
0.004282
0.004229
0.004376
0.004288
0.004320
0.004324
0.004530
0.004241
0.004313
0.004313
0.004297
0.004252
0.004281
0.004273
0.004256
0.004293
0.004298
0.004231
0.004238
0.001811
0.004232
0.004237
0.004373
0.001840
0.004300
0.004373
0.004247
0.004249
0.001775
0.001770
0.004304
0.004240
0.004363
0.004308
0.004292
0.004229
0.004445
0.004300
0.004240
0.004301
0.001810
0.004360
0.004291
0.001821
0.004348
0.004243
0.004357
0.004334
0.004259
0.004427
0.004236
0.004271
0.004370
0.004302
0.004282
0.004321
0.004331
0.004247
0.004340
0.004249
0.004271
0.004365
0.004250
0.004482
0.004303
0.004255
0.001768
0.004247
0.002721
0.003920
0.001782
0.004357
0.004233
0.004339
0.004358
0.004290
0.004287
0.004251
0.004277
0.004520
0.004303
0.004254
0.004287
0.004229
0.004246
0.004285
0.004346
0.004418
0.004290
0.004294
0.004246
0.004320
0.004291
0.004307
0.004285
0.004383
0.004292
0.004277
0.004318
0.001834
0.001765
0.004243
0.004275
0.004292
0.004335
0.004264
0.004267
0.004270
0.004596
0.004384
0.004288
0.004231
0.004265
0.004222
0.004236
0.004255
0.004577
0.004311
0.001775
0.004290
0.004280
0.001779
0.002318
0.004235
0.004457
0.004528
0.004220
0.004335
0.001797
0.004347
0.004319
0.004258
0.004271
0.004316
0.001797
0.001806
0.001773
0.001771
0.004410
0.004408
0.004297
0.004297
0.004268
0.004314
0.004243
0.004298
0.004394
0.004604
0.004537
0.004440
0.004245
0.004383
0.004340
0.004276
0.001848
0.004300
0.004249
0.004249
0.004344
0.004302
0.004216
0.004293
0.004305
0.004332
0.004290
0.001784
0.001826
0.004285
0.004349
0.004428
0.004287
0.004355
0.004271
0.004242
0.004249
0.004373
0.004341
0.004301
0.004280
0.004616
0.004399
0.004459
0.004295
0.004388
0.004308
0.004670
0.004326
0.004400
0.004285
0.004234
0.004359
0.001776
0.004309
0.004426
0.004282
0.004244
0.004577
0.004324
0.004321
0.004295
0.001772
0.001795
0.001806
0.002838
0.002586
0.004236
0.004273
0.004253
0.004299
0.004318
0.004364
0.004353
0.004303
0.004277
0.004264
0.004266
0.004313
0.004287
0.004279
0.004266
0.004310
0.004284
0.004248
0.004248
0.004247
0.004258
0.004351
0.004513
0.004293
0.004382
0.004305
0.004246
0.004535
0.004385
0.004324
0.004333
0.004294
0.004322
0.004277
0.004347
0.004296
0.004233
0.004251
0.001790
0.002835
0.004283
0.001988
0.004850
0.004298
0.004298
0.004338
0.004282
0.004337
0.004420
0.004286
0.004315
0.001762
0.001967
0.001782
0.004254
0.004305
0.004305
0.004283
0.002230
0.004334
0.004332
0.004289
0.004313
0.004367
0.004301
0.004289
0.004331
0.001782
0.002536
0.001788
0.004243
0.004281
0.003462
0.004277
0.004273
0.004285
0.004233
0.004326
0.004246
0.004296
0.004296
0.004466
0.004378
0.004364
0.004304
0.004272
0.004258
0.004274
0.004267
0.004317
0.004348
0.004272
0.001812
0.002850
0.004381
0.004299
0.004306
0.004235
0.001797
0.001793
0.003012
0.004247
0.004297
0.004339
0.004257
0.004226
0.004297
0.001770
0.001768
0.002601
0.004285
0.004390
0.004275
0.004223
0.002329
0.004271
0.001777
0.001767
0.004127
0.004277
0.004260
0.004475
0.004375
0.004312
0.004246
0.004329
0.004371
0.004361
0.004259
0.004302
0.004325
0.004252
0.004238
0.004246
0.001769
0.001849
0.002777
0.004254
0.002355
0.002134
0.004287
0.004546
0.004249
0.004311
0.004291
0.004281
0.004311
0.004267
0.004237
0.004246
0.004327
0.004237
0.004311
0.004280
0.004303
0.004298
0.004255
0.001782
0.002562
0.004276
0.004270
0.004243
0.004324
0.004279
0.004230
0.004305
0.004264
0.004354
0.004318
0.004310
0.004253
0.004325
0.004254
0.004223
0.004242
0.004543
0.004455
0.004277
0.004278
0.004244
0.004287
0.004250
0.001773
0.002746
0.004315
0.004245
0.004305
0.004342
0.004262
0.004343
0.004312
0.004327
0.004324
0.004304
0.004257
0.004370
0.004293
0.004325
0.004246
0.004298
0.004232
0.004272
0.004267
0.001905
0.001818
0.001782
0.001771
0.001815
0.001781
0.001843
0.002736
0.004305
0.004318
0.004722
0.004300
0.004416
0.004344
0.004295
0.002804
0.004264
0.004323
0.002040
0.001778
0.002093
0.001816
0.002357
0.001799
0.001772
0.001785
0.001916
0.002392
0.001801
0.002632
0.004294
0.004270
0.004423
0.004355
0.004291
0.004253
0.004602
0.004315
0.004277
0.004364
0.004380
0.004336
0.004246
0.004256
0.004435
0.004312
0.004401
0.004523
0.001804
0.004317
0.004294
0.004322
0.004361
0.004441
0.001778
0.003680
0.004364
0.004246
0.004343
0.004292
0.004508
0.004231
0.004545
0.004294
0.004268
0.004290
0.004397
0.002418
0.004294
0.004270
0.004315
0.004267
0.001758
0.001763
0.002741
0.004462
0.004296
0.004323
0.001780
0.004378
0.004287
0.004328
0.004430
0.004382
0.004245
0.004261
0.003147
0.004421
0.004391
0.004522
0.004520
0.004275
0.004341
0.004639
0.004257
0.004406
0.004299
0.004264
0.004302
0.004309
0.004356
0.004544
0.004271
0.004308
0.004315
0.004308
0.001788
0.001790
0.001775
0.004343
0.004377
0.004334
0.004487
0.004271
0.004361
0.004447
0.004372
0.004410
0.004472
0.004246
0.004237
0.001791
0.001791
0.001929
0.004273
0.004398
0.004352
0.004553
0.004380
0.004244
0.001855
0.001775
0.001830
0.004396
0.004310
0.004408
0.004385
0.004332
0.004247
0.004380
0.004263
0.001768
0.004315
0.004263
0.004297
0.004264
0.004302
0.004350
0.001759
0.004314
0.004266
0.004358
0.004456
0.004382
0.004369
0.004281
0.004336
0.001776
0.001859
0.004255
0.004367
0.004500
0.002262
0.001784
0.004555
0.004577
0.004309
0.004349
0.004605
0.004242
0.001934
0.001819
0.001779
0.001760
0.004331
0.004260
0.004239
0.004228
0.002261
0.001775
0.004289
0.004249
0.004250
0.004413
0.004308
0.004296
0.004610
0.004491
0.004285
0.004239
0.004225
0.001812
0.004536
0.004283
0.004331
0.004410
0.004301
0.004502
0.003021
0.001874
0.004452
0.004292
0.004307
0.004266
0.005311
0.001764
0.001886
0.004330
0.002915
0.004318
0.004371
0.004261
0.004337
0.004310
0.004241
0.004298
0.004331
0.002924
0.001784
0.004623
0.002702
0.004272
0.004307
0.004253
0.004299
0.004302
0.004250
0.001769
0.001788
0.004271
0.004255
0.004601
0.004327
0.004306
0.004327
0.004307
0.004269
0.004319
0.004263
0.004291
0.004267
0.004401
0.004317
0.004340
0.004263
0.004261
0.004247
0.004331
0.004557
0.004284
0.004250
0.004246
0.004254
0.001781
0.001776
0.001808
0.004292
0.004372
0.004283
0.004317
0.004275
0.004345
0.004284
0.004325
0.004319
0.004252
0.004309
0.004278
0.004240
0.004284
0.004322
0.004316
0.004299
0.004286
0.004276
0.004296
0.004347
0.004286
0.004314
0.004292
0.004243
0.004404
0.004532
0.004300
0.004300
0.004272
0.004248
0.004262
0.004228
0.002455
0.004234
0.004297
0.004297
0.004246
0.004268
0.004290
0.004355
0.004285
0.004276
0.004236
0.004239
0.004229
0.004302
0.004285
0.004286
0.004354
0.004439
0.004281
0.004370
0.004240
0.004285
0.004249
0.004408
0.004316
0.004266
0.004247
0.004314
0.004238
0.004654
0.004302
0.004349
0.004272
0.004423
0.004644
0.004317
0.004250
0.004267
0.004556
0.004288
0.004307
0.004218
0.004281
0.001800
0.004299
0.004329
0.004382
0.004321
0.001811
0.002660
0.004237
0.004289
0.004242
0.004290
0.004390
0.004253
0.004308
0.004526
0.004248
0.004297
0.004295
0.004257
0.004227
0.004282
0.004250
0.004318
0.004299
0.004268
0.004287
0.004460
0.004288
0.004256
0.004286
0.004310
0.004267
0.004359
0.004268
0.004561
0.004256
0.004241
0.004326
0.002964
0.004286
0.004331
0.004259
0.004297
0.004287
0.004376
0.004316
0.004254
0.004253
0.004352
0.004278
0.004294
0.004316
0.004305
0.004270
0.004224
0.004309
0.004260
0.004340
0.004236
0.004332
0.004290
0.004266
0.004293
0.004264
0.004297
0.004280
0.004254
0.004291
0.004330
0.004286
0.004242
0.004275
0.004514
0.004233
0.004252
0.004235
0.004262
0.004263
0.004328
0.004288
0.004271
0.001780
0.002834
0.004249
0.004218
0.004275
0.004240
0.004270
0.004320
0.004253
0.004300
0.004342
0.004517
0.004291
0.004387
0.002292
0.001763
0.004228
0.004228
0.004267
0.004272
0.004258
0.004254
0.004284
0.004269
0.004266
0.004293
0.004295
0.004230
0.004288
0.004319
0.004326
0.004306
0.004350
0.004255
0.004596
0.004333
0.004265
0.004241
0.004312
0.001796
0.001810
0.004287
0.004228
0.004270
0.004299
0.004310
0.004314
0.004323
0.004269
0.004229
0.004349
0.004306
0.004259
0.004287
0.004251
0.004356
0.004368
0.004419
0.004259
0.004319
0.004448
0.004247
0.004554
0.004262
0.004283
0.004258
0.004293
0.004240
0.004261
0.004276
0.004236
0.004508
0.004272
0.004304
0.004301
0.004218
0.004249
0.004538
0.004313
0.004264
0.004255
0.004331
0.004290
0.004266
0.004296
0.004347
0.004294
0.004249
0.004287
0.004254
0.001776
0.001785
0.001773
0.004243
0.004292
0.004296
0.004238
0.004259
0.004255
0.004273
0.004262
0.004230
0.004303
0.004266
0.004234
0.004330
0.004326
0.004298
0.004318
0.004282
0.004317
0.004260
0.004277
0.004250
0.004429
0.004254
0.004613
0.004274
0.004550
0.004276
0.004786
0.004286
0.004569
0.004355
0.004283
0.004227
0.004291
0.004322
0.004368
0.004291
0.004271
0.001770
0.004280
0.001787
0.004237
0.004243
0.004348
0.001775
0.004238
0.004252
0.004266
0.001782
0.004248
0.004332
0.004284
0.004268
0.004283
0.004326
0.004255
0.004265
0.004412
0.004259
0.004249
0.004302
0.004275
0.004261
0.004251
0.004270
0.004303
0.004261
0.004265
0.004257
0.004260
0.004305
0.004229
0.004249
0.004265
0.004324
0.003823
0.004268
0.004332
0.004314
0.004291
0.004252
0.004248
