0.242230
0.242438
0.240166
0.237047
0.237082
0.243481
0.247315
0.247559
0.237285
0.238427
0.242619
0.240542
0.240850
0.241994
0.248954
0.248950
0.247395
0.237896
0.238384
0.239899
0.242795
0.239925
0.239923
0.240198
0.237142
0.236886
0.238561
0.242349
0.242634
0.239644
0.241640
0.240153
0.240438
0.247011
0.243165
0.245217
0.244298
0.244454
0.244189
0.243704
0.242136
0.245195
0.245427
0.238265
0.242251
0.246444
0.247019
0.245410
0.238247
0.237843
0.237779
0.250879
0.240261
0.240300
0.240778
0.246797
0.246641
0.239710
0.247765
0.238371
0.238405
0.246240
0.238985
0.239477
0.258894
0.240327
0.235428
0.235608
0.244759
0.242003
0.242055
0.239474
0.241661
0.242056
0.242526
0.242494
0.240206
0.240510
0.243073
0.238819
0.238298
0.239459
0.251224
0.246116
0.246233
0.241491
0.242565
0.241960
0.241811
0.239810
0.239147
0.238840
0.240810
0.241174
0.241056
0.262248
0.246318
0.236094
0.235771
0.241397
0.240625
0.240761
0.244855
0.248166
0.239120
0.238929
0.244315
0.243582
0.243642
0.241081
0.247975
0.245620
0.241106
0.243059
0.238942
0.238799
0.241524
0.240903
0.240954
0.238998
0.242678
0.241272
0.241083
0.240537
0.237600
0.237717
0.244364
0.238523
0.238464
0.241343
0.248941
0.241058
0.241179
0.240761
0.240170
0.239307
0.252965
0.245848
0.241880
0.241976
0.246694
0.238065
0.245012
0.240748
0.263912
0.239250
0.239145
0.242805
0.240091
0.246191
0.235316
0.249384
0.249527
0.240812
0.239629
0.238753
0.243995
0.250107
0.245138
0.244977
0.244528
0.245755
0.240742
0.242052
0.256055
0.239501
0.237850
0.242869
0.236806
0.236753
0.241034
0.237338
0.240531
0.240691
0.246344
0.240410
0.240789
0.241353
0.242158
0.241535
0.241749
0.240505
0.245062
0.246630
0.243374
0.236193
0.238644
0.238927
0.238274
0.249746
0.232719
0.232840
0.239923
0.242185
0.239501
0.242965
0.239207
0.235388
0.243974
0.242524
0.239206
0.238620
0.248132
0.238017
0.238200
0.239458
0.236729
0.236743
0.238576
0.242019
0.240399
0.239328
0.239495
0.238729
0.239597
0.238854
0.239500
0.242213
0.242179
0.239465
0.247018
0.240427
0.248884
0.239093
0.246628
0.246267
0.241019
0.246319
0.244409
0.239869
0.240894
0.238084
0.237793
0.240798
0.242375
0.239051
0.240552
0.240253
0.238295
0.238102
0.241133
0.241687
0.241817
0.237420
0.243765
0.235960
0.235906
0.239333
0.241851
0.241691
0.240159
0.246590
0.241554
0.241762
0.243607
0.240339
0.240010
0.245231
0.237570
0.237385
0.252154
0.243270
0.242281
0.243227
0.268313
0.240120
0.239937
0.238041
0.241826
0.241606
0.240962
0.250825
0.239104
0.239191
0.238438
0.242128
0.242639
0.242549
0.238554
0.244881
0.245029
0.243721
0.236944
0.238471
0.238043
0.241407
0.239876
0.240323
0.239918
0.240637
0.241060
0.240784
0.240848
0.241509
0.241713
0.239083
0.241420
0.237870
0.237797
0.243568
0.239965
0.239553
0.241831
0.240694
0.239140
0.239099
0.239873
0.241489
0.241164
0.245150
0.241818
0.239777
0.240456
0.244394
0.236639
0.236757
0.245034
0.241380
0.241723
0.245424
0.245255
0.249951
0.250147
0.241483
0.245836
0.245868
0.248071
0.245872
0.237787
0.237305
0.239863
0.238273
0.239732
0.241046
0.238809
0.238954
0.238890
0.239662
0.243700
0.243836
0.244799
0.243364
0.243894
0.237190
0.236778
0.236503
0.236691
0.241187
0.239340
0.239282
0.238843
0.253176
0.241800
0.241888
0.241817
0.242819
0.242872
0.242882
0.245879
0.237908
0.238362
0.243741
0.245821
0.245812
0.238302
0.239963
0.240148
0.243369
0.241188
0.236441
0.236570
0.247403
0.243258
0.243163
0.237154
0.238694
0.238426
0.238173
0.242794
0.239683
0.239435
0.241400
0.240659
0.236790
0.236661
0.238541
0.245057
0.244947
0.236828
0.240588
0.246986
0.247018
0.237229
0.240553
0.240735
0.238627
0.243795
0.244001
0.238140
0.246319
0.239425
0.239434
0.239690
0.238978
0.239225
0.248101
0.240629
0.240235
0.240386
0.242091
0.246054
0.245730
0.242174
0.242498
0.241213
0.241227
0.247196
0.237690
0.237997
0.244890
0.239950
0.240865
0.240614
0.241270
0.249921
0.246468
0.241417
0.242467
0.242429
0.245667
0.239977
0.243402
0.243296
0.240465
0.241599
0.241239
0.243786
0.244183
0.240226
0.241601
0.248322
0.237823
0.241109
0.241001
0.240907
0.246377
0.246394
0.237909
0.240759
0.240825
0.239303
0.239254
0.239030
0.239404
0.237753
0.243355
0.243830
0.243696
0.259742
0.243111
0.242945
0.241433
0.245161
0.240109
0.239877
0.239207
0.240457
0.240516
0.237843
0.240022
0.246177
0.246164
0.241907
0.237912
0.243032
0.242709
0.236671
0.240133
0.240049
0.237619
0.240623
0.243038
0.242837
0.240239
0.244666
0.244466
0.257232
0.241669
0.246948
0.247436
0.246189
0.236719
0.236632
0.237933
0.237433
0.237790
0.239965
0.238145
0.238932
0.238843
0.241148
0.244251
0.243954
0.239719
0.239242
0.242531
0.242663
0.242106
0.244062
0.243950
0.240213
0.236885
0.237181
0.240731
0.240126
0.239279
0.239803
0.253883
0.245117
0.244929
0.249444
0.248526
0.249245
0.249326
0.238910
0.241837
0.245419
0.242908
0.242184
0.239094
0.238750
0.237327
0.244921
0.244773
0.243125
0.250415
0.242127
0.241931
0.241599
0.238831
0.238750
0.238967
0.242859
0.238273
0.238025
0.244158
0.243979
0.243818
0.243753
0.242602
0.238112
0.238200
0.242004
0.238544
0.238453
0.240621
0.249636
0.246454
0.248295
0.257292
0.236588
0.236366
0.240144
0.241915
0.241922
0.251515
0.240951
0.242366
0.242447
0.243781
0.251471
0.251884
0.240063
0.241215
0.238543
0.238831
0.249531
0.244519
0.244362
0.239623
0.241873
0.242686
0.242548
0.254079
0.238805
0.240050
0.243000
0.250716
0.241717
0.241855
0.244558
0.243621
0.243401
0.250145
0.241695
0.243788
0.243650
0.238353
0.242485
0.242184
0.241638
0.240595
0.236143
0.236094
0.245201
0.238845
0.238599
0.245295
0.238940
0.242612
0.242082
0.237943
0.238378
0.238295
0.245863
0.239935
0.240091
0.245829
0.238074
0.240076
0.240180
0.238617
0.236017
0.235806
0.237101
0.239365
0.242819
0.244900
0.251052
0.239272
0.239494
0.244305
0.239309
0.239256
0.238771
0.241933
0.244067
0.244273
0.238990
0.236272
0.236374
0.243594
0.237782
0.244496
0.244091
0.242821
0.249597
0.249590
0.251343
0.243404
0.244206
0.244487
0.242351
0.236959
0.236941
0.246675
0.244728
0.240243
0.240611
0.235282
0.237364
0.237048
0.238450
0.241919
0.245916
0.246135
0.236847
0.240231
0.240341
0.239468
0.244221
0.243991
0.243964
0.246222
0.240010
0.239550
0.243576
0.246077
0.246007
0.237724
0.239543
0.242522
0.241945
0.237560
0.238345
0.238525
0.263024
0.251576
0.239714
0.240269
0.244839
0.239244
0.239395
0.254387
0.240608
0.233501
0.233364
0.243934
0.240742
0.240488
0.237199
0.240211
0.239794
0.239916
0.241288
0.240408
0.240073
0.237452
0.242903
0.245545
0.245649
0.238046
0.243236
0.242759
0.236831
0.241942
0.242867
0.243152
0.243935
0.240667
0.240752
0.239231
0.244369
0.239358
0.239370
0.238662
0.252761
0.259337
0.236148
0.243951
0.244174
0.243620
0.249135
0.241115
0.244482
0.243076
0.248479
0.240190
0.241642
0.242944
0.236159
0.240866
0.239472
0.239432
0.239012
0.237550
0.242211
0.240608
0.240649
0.238813
0.250759
0.251107
0.240741
0.237708
0.238927
0.239084
0.241323
0.240150
0.240246
0.241780
0.244431
0.244291
0.236973
0.243546
0.238641
0.238574
0.244430
0.244213
0.243441
0.239817
0.243817
0.241886
0.241717
0.240471
0.243584
0.243344
0.247520
0.242484
0.237782
0.237404
0.244771
0.243504
0.243596
0.240263
0.241019
0.238907
0.238780
0.240150
0.241708
0.241434
0.240588
0.240981
0.241125
0.246643
0.249371
0.238805
0.239611
0.242437
0.244155
0.244317
0.238905
0.242850
0.241635
0.241584
0.239496
0.243041
0.243329
0.242520
0.242824
0.235735
0.235798
0.241814
0.237283
0.237444
0.244434
0.242220
0.241215
0.241207
0.239476
0.243479
0.243561
0.246933
0.239553
0.239411
0.251663
0.240449
0.234769
0.234684
0.244716
0.242756
0.242462
0.243299
0.245639
0.242133
0.242112
0.248486
0.243693
0.243810
0.241580
0.241814
0.244307
0.244592
0.241371
0.238417
0.238135
0.239027
0.245147
0.241917
0.241970
0.238266
0.246819
0.246697
0.243775
0.238195
0.238390
0.238584
0.241882
0.242683
0.242526
0.239703
0.241732
0.247907
0.247111
0.241382
0.243986
0.248582
0.239261
0.241707
0.244298
0.242829
0.240437
0.241856
0.241584
0.250095
0.243393
0.239349
0.238397
0.247010
0.241080
0.240962
0.238047
0.241517
0.244185
0.242785
0.237449
0.245048
0.245274
0.240777
0.242807
0.245114
0.244350
0.247483
0.244711
0.244842
0.239908
0.242826
0.245490
0.238012
0.238963
0.239927
0.239980
0.243299
0.236923
0.245353
0.242666
0.250305
0.239179
0.239439
0.247443
0.241748
0.250758
0.241937
0.236662
0.243084
0.243160
0.243776
0.241169
0.253851
0.250262
0.244354
0.236236
0.236002
0.235792
0.241661
0.242789
0.240868
0.242251
0.248460
0.248311
0.240388
0.237946
0.237737
0.236793
0.242951
0.238935
0.239096
0.237644
0.237925
0.241757
0.249780
0.238475
0.241045
0.240807
0.244484
0.243294
0.235240
0.235168
0.240697
0.238829
0.239045
0.242611
0.240666
0.240013
0.239789
0.241546
0.237870
0.238306
0.243063
0.245854
0.245957
0.243764
0.241958
0.239324
0.239095
0.241945
0.243254
0.243294
0.239127
0.242212
0.239419
0.239594
0.242356
0.246852
0.247038
0.243537
0.240285
0.241182
0.241426
0.240179
0.242061
0.242474
0.240760
0.245130
0.244570
0.242500
0.238947
0.242319
0.242313
0.240793
0.240124
0.244275
0.244495
0.240167
0.240225
0.239932
0.247669
0.239364
0.238348
0.239724
0.246302
