0.244807
0.241955
0.239179
0.251130
0.241926
0.245076
0.244283
0.243120
0.239690
0.244032
0.264735
0.241741
0.242451
0.241410
0.239914
0.241526
0.241996
0.245687
0.241577
0.244863
0.241901
0.241843
0.240395
0.242270
0.239785
0.241614
0.242086
0.240250
0.241981
0.242692
0.241830
0.239909
0.240037
0.244585
0.245333
0.241567
0.242433
0.242156
0.239574
0.240031
0.241990
0.242046
0.245025
0.241921
0.242732
0.243691
0.241555
0.240388
0.241138
0.241941
0.239754
0.239934
0.241886
0.242061
0.242124
0.241407
0.244695
0.239617
0.240777
0.240998
0.242016
0.240060
0.240144
0.239183
0.242092
0.241587
0.246478
0.242108
0.240497
0.242006
0.239888
0.240747
0.241974
0.240705
0.239778
0.243397
0.239051
0.240969
0.241469
0.239567
0.240133
0.240068
0.241932
0.241948
0.242576
0.241261
0.249028
0.245734
0.243485
0.239889
0.241354
0.239749
0.241554
0.242804
0.256089
0.239627
0.241965
0.239229
0.240411
0.242210
0.246615
0.241193
0.241792
0.241982
0.241783
0.243386
0.243973
0.242707
0.241679
0.241320
0.241596
0.242670
0.243254
0.241436
0.239550
0.242012
0.240006
0.239523
0.241928
0.239718
0.246148
0.241774
0.242967
0.241954
0.241108
0.239720
0.241943
0.241871
0.243417
0.241716
0.244928
0.239152
0.239650
0.241371
0.239423
0.240327
0.241386
0.239632
0.244995
0.241353
0.240515
0.239681
0.242258
0.241537
0.241688
0.241209
0.240436
0.241437
0.248004
0.242981
0.240799
0.245184
0.241396
0.245483
0.241701
0.246471
0.241618
0.239733
0.241513
0.239788
0.241197
0.239890
0.242157
0.242967
0.242033
0.241272
0.241862
0.239622
0.240996
0.241514
0.241207
0.242020
0.239693
0.241480
0.243776
0.241308
0.241567
0.244847
0.240111
0.265097
0.241844
0.239966
0.238917
0.242947
0.243822
0.241499
0.246446
0.240953
0.243815
0.242376
0.240164
0.245114
0.241532
0.241212
0.240234
0.243847
0.241527
0.245563
0.245968
0.242951
0.242604
0.246378
0.241504
0.241542
0.242305
0.248008
0.242254
0.243054
0.247029
0.239356
0.239433
0.240073
0.243427
0.239665
0.239596
0.241399
0.240978
0.241468
0.247577
0.246136
0.240707
0.243350
0.239473
0.241921
0.239951
0.246530
0.241744
0.239625
0.240200
0.239383
0.247429
0.243933
0.244408
0.239881
0.239936
0.240491
0.242357
0.240103
0.246218
0.242190
0.244565
0.245308
0.248155
0.242929
0.245251
0.247731
0.239386
0.242458
0.245787
0.242975
0.239689
0.241156
0.245125
0.242867
0.249572
0.239052
0.239124
0.239793
0.242145
0.240103
0.244662
0.245594
0.240025
0.239950
0.242078
0.239844
0.241528
0.241702
0.240148
0.243235
0.243026
0.240432
0.239230
0.243520
0.242021
0.240430
0.242248
0.239788
0.241699
0.245331
0.242300
0.244937
0.244041
0.243656
0.241844
0.242677
0.239880
0.239931
0.239824
0.243013
0.241954
0.240059
0.242902
0.241049
0.254417
0.244193
0.239871
0.245579
0.242956
0.241715
0.242629
0.241094
0.244187
0.241444
0.242139
0.241392
0.240216
0.240065
0.242164
0.240787
0.244204
0.244095
0.239388
0.240260
0.240006
0.241639
0.241526
0.247011
0.247913
0.240409
0.241606
0.240421
0.239997
0.241542
0.244394
0.242627
0.241577
0.241885
0.243063
0.242152
0.239782
0.241088
0.240242
0.241104
0.242677
0.243157
0.239903
0.241204
0.241930
0.241078
0.242252
0.242435
0.241168
0.247564
0.242503
0.242175
0.243298
0.243698
0.249910
0.241036
0.239823
0.243660
0.241511
0.241848
0.245215
0.240063
0.240631
0.239337
0.239536
0.239782
0.244915
0.240775
0.241484
0.240120
0.242906
0.239578
0.239596
0.241564
0.239429
0.239857
0.241413
0.242030
0.240281
0.241478
0.242150
0.239078
0.240455
0.244798
0.241662
0.253708
0.241972
0.241991
0.241360
0.243527
0.242680
0.244254
0.239805
0.239941
0.243444
0.241909
0.239847
0.242114
0.245646
0.239851
0.239949
0.241989
0.251966
0.241953
0.241642
0.241853
0.243936
0.243357
0.244123
0.243636
0.242045
0.239748
0.244704
0.246609
0.240314
0.242653
0.245322
0.240142
0.244373
0.242543
0.239959
0.239348
0.241400
0.244179
0.240725
0.244336
0.246215
0.240511
0.242635
0.239861
0.245548
0.242575
0.239738
0.244361
0.241376
0.241987
0.240749
0.244418
0.243373
0.239826
0.239748
0.239658
0.239329
0.241667
0.244205
0.241737
0.244466
0.240018
0.241667
0.239957
0.241155
0.249643
0.241134
0.239625
0.243772
0.239695
0.240031
0.239782
0.245284
0.240959
0.242193
0.241134
0.239688
0.245048
0.243430
0.245537
0.248211
0.243629
0.239487
0.243054
0.242609
0.242143
0.242243
0.243093
0.239745
0.243037
0.245596
0.241798
0.245625
0.239971
0.241557
0.241940
0.241269
0.240129
0.239124
0.241289
0.244448
0.242541
0.240070
0.243814
0.241373
0.239362
0.245278
0.240411
0.241645
0.242918
0.239301
0.240067
0.239953
0.244588
0.239769
0.239886
0.239488
0.239315
0.244887
0.239617
0.245092
0.239993
0.241941
0.239902
0.246439
0.239884
0.241057
0.241697
0.240195
0.243342
0.239342
0.241785
0.240231
0.241473
0.239621
0.245765
0.242006
0.242046
0.242231
0.242184
0.240026
0.242637
0.246319
0.243698
0.240478
0.241631
0.241687
0.243492
0.244022
0.241092
0.241737
0.239646
0.242051
0.241213
0.241672
0.241588
0.246112
0.240289
0.240665
0.241401
0.245080
0.241552
0.243356
0.241747
0.241443
0.247832
0.242257
0.240668
0.243147
0.240067
0.239597
0.240108
0.244792
0.239593
0.244475
0.239793
0.240255
0.248929
0.243494
0.241853
0.241577
0.239791
0.241852
0.243479
0.239811
0.241830
0.246191
0.242208
0.241315
0.241675
0.248298
0.253538
0.243368
0.243166
0.244405
0.239750
0.239178
0.239993
0.239631
0.240148
0.245970
0.247330
0.240235
0.241308
0.242144
0.242933
0.241180
0.247843
0.239712
0.243389
0.245924
0.239562
0.241325
0.240022
0.242079
0.240898
0.240005
0.240204
0.244273
0.241878
0.240737
0.248677
0.239871
0.245136
0.242751
0.244136
0.239831
0.246260
0.240480
0.240081
0.242375
0.243518
0.240105
0.245174
0.242914
0.242464
0.242049
0.242838
0.240050
0.245350
0.242803
0.246155
0.240299
0.245667
0.240034
0.245276
0.243552
0.239755
0.239542
0.244743
0.242159
0.239477
0.239805
0.249195
0.239946
0.241774
0.239444
0.241155
0.247831
0.239659
0.240736
0.244479
0.244030
0.241431
0.239415
0.241157
0.242447
0.245598
0.239266
0.244274
0.243482
0.241573
0.243170
0.241321
0.241723
0.241459
0.242103
0.240453
0.242845
0.241736
0.239514
0.241911
0.240115
0.239772
0.243778
0.240288
0.239899
0.242210
0.241912
0.241199
0.244173
0.239990
0.240093
0.239667
0.241307
0.243084
0.240255
0.242161
0.242488
0.240017
0.242145
0.243352
0.241594
0.239584
0.243446
0.242633
0.243319
0.242336
0.244544
0.242166
0.240599
0.246153
0.242443
0.246019
0.242912
0.241751
0.241922
0.240287
0.241677
0.243968
0.243681
0.241460
0.249117
0.241949
0.241352
0.241545
0.241187
0.241531
0.244532
0.243572
0.244743
0.241574
0.240199
0.242213
0.241641
0.240064
0.244727
0.241573
0.242425
0.246311
0.256778
0.240119
0.239309
0.244816
0.239885
0.244428
0.244654
0.241985
0.242305
0.242228
0.241125
0.241844
0.242270
0.241468
0.242781
0.244741
0.241722
0.240193
0.239991
0.241185
0.239233
0.243848
0.240938
0.244431
0.241147
0.241560
0.239839
0.239797
0.245262
0.241549
0.240629
0.241786
0.242739
0.241653
0.239649
0.239384
0.240024
0.244084
0.241575
0.239765
0.241797
0.243913
0.247808
0.239975
0.239722
0.241453
0.243519
0.239668
0.244723
0.240066
0.240283
0.243484
0.246808
0.240984
0.239809
0.247158
0.242421
0.242245
0.241675
0.241985
0.239045
0.249748
0.242989
0.243925
0.240162
0.240583
0.239730
0.239957
0.242087
0.242108
0.244210
0.242450
0.243641
0.243505
0.241507
0.246282
0.242427
0.241262
0.245386
0.241534
0.239973
0.241471
0.240854
0.239589
0.245743
0.242085
0.240132
0.242608
0.239965
0.242459
0.241453
0.242000
0.245870
0.240364
0.241836
0.239725
0.239523
0.239925
0.243029
0.240790
0.243029
0.239827
0.242647
0.246372
0.241772
0.241410
0.239964
0.245052
0.240010
0.241667
0.242669
0.245213
0.240067
0.242684
0.241291
0.243326
0.244313
0.242367
0.241498
0.240290
0.242794
0.241767
0.241982
0.242130
0.247928
0.245412
0.242449
0.241531
0.242028
0.244193
0.246575
0.242010
0.240280
0.256387
0.260831
0.248671
0.242640
0.240077
0.240883
0.242119
0.242279
0.242869
0.243086
0.240373
0.240172
0.247429
0.241557
0.242021
0.241856
0.241627
0.241570
0.242895
0.241764
0.243025
0.240777
0.245147
0.241769
0.241300
0.245330
0.243317
0.242494
0.240133
0.243177
0.242990
0.241247
0.239621
0.245137
0.239975
0.242209
0.242871
0.242321
0.242793
0.243263
0.241305
0.243007
0.244114
0.250761
0.244321
0.243448
0.240283
0.242735
0.243156
0.241821
0.241227
0.240229
0.242802
0.242033
0.245465
0.241767
0.243783
0.244639
0.241783
0.242225
0.242266
0.244826
0.241696
0.241846
0.243179
0.241945
0.239930
0.240547
0.242265
0.243112
0.242172
0.240029
0.239947
0.246243
0.240431
0.241625
0.252331
0.241538
0.241772
0.241862
0.242585
0.242967
0.239614
0.242118
0.243642
0.248094
0.244822
0.240276
0.240254
0.241990
0.242100
0.240348
0.244043
0.242078
0.242091
0.241969
0.246066
0.241832
0.246108
0.241095
0.239736
0.241591
0.241785
0.242115
0.240219
0.239481
0.245917
0.244207
0.242428
0.241570
0.241658
0.242384
0.240433
0.243111
0.244787
0.240167
0.245252
0.241725
0.240997
0.241882
0.246492
0.245060
0.245768
0.244722
0.241038
0.242162
0.239774
0.245339
0.244182
0.240573
0.242181
0.241564
0.241902
0.244153
0.239585
0.242327
0.239594
0.241986
0.241405
0.239593
0.243563
0.246051
0.242777
0.239553
0.239707
0.240470
0.242381
