0.000025
0.000033
0.000026
0.000027
0.000029
0.000026
0.000026
0.000028
0.000026
0.000027
0.000026
0.000026
0.000026
0.000026
0.000026
0.000026
0.000026
0.000026
0.000027
0.000027
0.000025
0.000026
0.000029
0.000025
0.000027
0.000026
0.000026
0.000026
0.000026
0.000026
0.000026
0.000027
0.000026
0.000026
0.000028
0.000029
0.000028
0.000026
0.000027
0.000028
0.000026
0.000026
0.000025
0.000027
0.000028
0.000026
0.000027
0.000026
0.000027
0.000026
0.000027
0.000027
0.000028
0.000027
0.000027
0.000026
0.000027
0.000025
0.000027
0.000029
0.000027
0.000027
0.000026
0.000026
0.000027
0.000027
0.000026
0.000026
0.000027
0.000026
0.000028
0.000026
0.000026
0.000026
0.000027
0.000026
0.000028
0.000026
0.000026
0.000027
0.000027
0.000026
0.000027
0.000035
0.000027
0.000027
0.000027
0.000026
0.000026
0.000026
0.000026
0.000027
0.000026
0.000026
0.000027
0.000027
0.000026
0.000026
0.000027
0.000026
0.000027
0.000026
0.000027
0.000026
0.000026
0.000028
0.000027
0.000026
0.000026
0.000026
0.000027
0.000027
0.000026
0.000028
0.000026
0.000026
0.000026
0.000026
0.000027
0.000026
0.000026
0.000027
0.000026
0.000026
0.000027
0.000026
0.000027
0.000027
0.000026
0.000027
0.000026
0.000026
0.000027
0.000027
0.000027
0.000027
0.000025
0.000026
0.000027
0.000027
0.000192
0.000026
0.000026
0.000037
0.000026
0.000025
0.000025
0.000026
0.000026
0.000025
0.000025
0.000026
0.000025
0.000026
0.000026
0.000011
0.000010
0.000011
0.000010
0.000010
0.000010
0.000011
0.000011
0.000019
0.000025
0.000026
0.000026
0.000026
0.000027
0.000025
0.000025
0.000025
0.000025
0.000026
0.000026
0.000026
0.000026
0.000027
0.000032
0.000026
0.000025
0.000025
0.000026
0.000025
0.000025
0.000026
0.000025
0.000025
0.000025
0.000025
0.000025
0.000026
0.000025
0.000026
0.000025
0.000026
0.000025
0.000025
0.000027
0.000026
0.000026
0.000026
0.000025
0.000026
0.000026
0.000025
0.000026
0.000025
0.000025
0.000025
0.000025
0.000024
0.000025
0.000025
0.000026
0.000026
0.000060
0.000025
0.000025
0.000025
0.000025
0.000025
0.000025
0.000025
0.000025
0.000026
0.000025
0.000026
0.000026
0.000026
0.000026
0.000026
0.000025
0.000025
0.000026
0.000026
0.000025
0.000032
0.000026
0.000026
0.000025
0.000025
0.000026
0.000026
0.000025
0.000025
0.000026
0.000025
0.000026
0.000026
0.000025
0.000026
0.000026
0.000026
0.000026
0.000026
0.000024
0.000025
0.000024
0.000024
0.000026
0.000025
0.000025
0.000025
0.000025
0.000026
0.000025
0.000025
0.000025
0.000025
0.000026
0.000025
0.000025
0.000025
0.000026
0.000026
0.000024
0.000025
0.000024
0.000024
0.000025
0.000025
0.000025
0.000024
0.000025
0.000025
0.000024
0.000025
0.000025
0.000025
0.000025
0.000026
0.000024
0.000024
0.000026
0.000025
0.000025
0.000025
0.000025
0.000024
0.000025
0.000025
0.000025
0.000025
0.000024
0.000025
0.000026
0.000025
0.000025
0.000025
0.000025
0.000025
0.000025
0.000025
0.000026
0.000025
0.000025
0.000026
0.000025
0.000024
0.000026
0.000025
0.000025
0.000024
0.000025
0.000024
0.000025
0.000024
0.000025
0.000025
0.000025
0.000025
0.000024
0.000025
0.000024
0.000026
0.000027
0.000027
0.000030
0.000026
0.000026
0.000026
0.000026
0.000027
0.000027
0.000027
0.000027
0.000027
0.000027
0.000027
0.000027
0.000027
0.000027
0.000027
0.000027
0.000026
0.000027
0.000026
0.000026
0.000026
0.000027
0.000026
0.000027
0.000025
0.000026
0.000028
0.000028
0.000027
0.000026
0.000027
0.000027
0.000026
0.000027
0.000026
0.000026
0.000026
0.000027
0.000026
0.000027
0.000027
0.000027
0.000056
0.000027
0.000027
0.000027
0.000027
0.000029
0.000027
0.000027
0.000027
0.000026
0.000026
0.000027
0.000012
0.000011
0.000011
0.000011
0.000011
0.000016
0.000023
0.000026
0.000027
0.000026
0.000027
0.000031
0.000028
0.000026
0.000027
0.000027
0.000027
0.000027
0.000026
0.000026
0.000027
0.000027
0.000027
0.000027
0.000027
0.000027
0.000026
0.000027
0.000026
0.000027
0.000028
0.000027
0.000026
0.000028
0.000027
0.000027
0.000026
0.000027
0.000027
0.000027
0.000027
0.000027
0.000026
0.000028
0.000026
0.000027
0.000027
0.000026
0.000027
0.000027
0.000027
0.000027
0.000027
0.000027
0.000026
0.000026
0.000027
0.000027
0.000027
0.000027
0.000027
0.000026
0.000026
0.000026
0.000026
0.000027
0.000027
0.000027
0.000027
0.000026
0.000027
0.000028
0.000031
0.000026
0.000027
0.000025
0.000027
0.000062
0.000026
0.000025
0.000026
0.000027
0.000027
0.000026
0.000026
0.000026
0.000026
0.000026
0.000027
0.000025
0.000026
0.000026
0.000026
0.000027
0.000026
0.000026
0.000026
0.000025
0.000026
0.000026
0.000027
0.000027
0.000026
0.000027
0.000026
0.000027
0.000026
0.000026
0.000030
0.000026
0.000026
0.000026
0.000026
0.000025
0.000027
0.000026
0.000025
0.000026
0.000027
0.000026
0.000025
0.000026
0.000027
0.000026
0.000027
0.000027
0.000025
0.000025
0.000025
0.000025
0.000025
0.000025
0.000024
0.000024
0.000024
0.000025
0.000024
0.000024
0.000025
0.000024
0.000025
0.000025
0.000024
0.000024
0.000025
0.000024
0.000025
0.000025
0.000026
0.000025
0.000024
0.000027
0.000025
0.000024
0.000025
0.000025
0.000044
0.000026
0.000024
0.000024
0.000025
0.000024
0.000026
0.000024
0.000024
0.000025
0.000025
0.000024
0.000024
0.000025
0.000025
0.000024
0.000024
0.000025
0.000025
0.000025
0.000027
0.000025
0.000025
0.000025
0.000024
0.000024
0.000024
0.000025
0.000025
0.000025
0.000025
0.000025
0.000024
0.000024
0.000024
0.000025
0.000024
0.000025
0.000025
0.000025
0.000024
0.000024
0.000025
0.000025
0.000025
0.000025
0.000025
0.000024
0.000024
0.000032
0.000025
0.000024
0.000025
0.000024
0.000027
0.000026
0.000026
0.000026
0.000026
0.000026
0.000026
0.000026
0.000026
0.000028
0.000026
0.000026
0.000026
0.000025
0.000025
0.000025
0.000026
0.000026
0.000027
0.000026
0.000026
0.000026
0.000026
0.000026
0.000026
0.000025
0.000026
0.000026
0.000025
0.000027
0.000026
0.000026
0.000026
0.000025
0.000030
0.000026
0.000025
0.000025
0.000026
0.000252
0.000025
0.000026
0.000025
0.000026
0.000026
0.000026
0.000026
0.000027
0.000025
0.000026
0.000027
0.000025
0.000028
0.000026
0.000026
0.000026
0.000026
0.000025
0.000026
0.000026
0.000025
0.000026
0.000027
0.000026
0.000025
0.000026
0.000025
0.000025
0.000026
0.000028
0.000027
0.000027
0.000026
0.000027
0.000027
0.000027
0.000026
0.000027
0.000027
0.000027
0.000027
0.000027
0.000028
0.000026
0.000034
0.000026
0.000027
0.000027
0.000030
0.000026
0.000026
0.000027
0.000027
0.000027
0.000026
0.000026
0.000028
0.000027
0.000028
0.000027
0.000032
0.000027
0.000028
0.000027
0.000027
0.000027
0.000027
0.000028
0.000026
0.000027
0.000027
0.000027
0.000027
0.000028
0.000027
0.000026
0.000025
0.000028
0.000026
0.000027
0.000027
0.000028
0.000027
0.000028
0.000027
0.000027
0.000028
0.000028
0.000027
0.000028
0.000027
0.000030
0.000025
0.000025
0.000027
0.000025
0.000025
0.000025
0.000028
0.000026
0.000026
0.000025
0.000025
0.000026
0.000025
0.000025
0.000025
0.000025
0.000027
0.000025
0.000025
0.000025
0.000025
0.000025
0.000026
0.000027
0.000025
0.000026
0.000026
0.000025
0.000028
0.000026
0.000025
0.000025
0.000024
0.000026
0.000025
0.000025
0.000024
0.000026
0.000025
0.000028
0.000025
0.000025
0.000025
0.000026
0.000026
0.000025
0.000025
0.000025
0.000030
0.000026
0.000025
0.000025
0.000025
0.000032
0.000025
0.000025
0.000030
0.000025
0.000026
0.000025
0.000025
0.000025
0.000026
0.000026
0.000024
0.000024
0.000027
0.000026
0.000026
0.000025
0.000026
0.000026
0.000025
0.000025
0.000025
0.000025
0.000025
0.000025
0.000025
0.000024
0.000025
0.000025
0.000025
0.000025
0.000025
0.000025
0.000025
0.000028
0.000025
0.000025
0.000024
0.000025
0.000025
0.000025
0.000024
0.000026
0.000025
0.000025
0.000025
0.000025
0.000025
0.000027
0.000026
0.000025
0.000025
0.000025
0.000025
0.000024
0.000025
0.000024
0.000025
0.000026
0.000024
0.000025
0.000024
0.000024
0.000028
0.000025
0.000025
0.000024
0.000026
0.000026
0.000025
0.000024
0.000025
0.000025
0.000026
0.000025
0.000024
0.000025
0.000026
0.000025
0.000025
0.000025
0.000025
0.000032
0.000025
0.000025
0.000027
0.000025
0.000026
0.000025
0.000025
0.000026
0.000026
0.000024
0.000027
0.000026
0.000025
0.000025
0.000028
0.000025
0.000025
0.000025
0.000026
0.000029
0.000025
0.000024
0.000025
0.000026
0.000025
0.000026
0.000046
0.000027
0.000026
0.000026
0.000025
0.000025
0.000024
0.000026
0.000032
0.000026
0.000025
0.000025
0.000027
0.000026
0.000025
0.000027
0.000026
0.000025
0.000029
0.000026
0.000027
0.000026
0.000025
0.000025
0.000026
0.000024
0.000025
0.000025
0.000026
0.000027
0.000026
0.000025
0.000025
0.000027
0.000025
0.000025
0.000025
0.000025
0.000025
0.000025
0.000025
0.000026
0.000025
0.000025
0.000026
0.000026
0.000030
0.000026
0.000025
0.000026
0.000025
0.000025
0.000025
0.000026
0.000025
0.000025
0.000025
0.000025
0.000026
0.000025
0.000029
0.000025
0.000025
0.000025
0.000025
0.000025
0.000025
0.000025
0.000025
0.000025
0.000024
0.000025
0.000025
0.000032
0.000025
0.000025
0.000025
0.000027
0.000025
0.000025
0.000025
0.000025
0.000025
0.000025
0.000026
0.000025
0.000031
0.000026
0.000025
0.000025
0.000026
0.000025
0.000026
0.000025
0.000025
0.000024
0.000025
0.000025
0.000025
0.000024
0.000025
0.000025
0.000024
