0.013964
0.013245
0.009790
0.009449
0.011384
0.010732
0.009380
0.010012
0.010459
0.009854
0.010404
0.009349
0.008953
0.009667
0.011091
0.010633
0.009067
0.009907
0.008587
0.009230
0.010287
0.010800
0.010037
0.009464
0.010364
0.009309
0.009431
0.010290
0.010285
0.009865
0.010704
0.010106
0.010153
0.009713
0.010235
0.010616
0.011148
0.010841
0.008498
0.009965
0.010666
0.008754
0.009785
0.010087
0.010249
0.010835
0.012942
0.009596
0.010689
0.009693
0.010527
0.012296
0.009296
0.009579
0.010778
0.011288
0.009121
0.009697
0.010013
0.008476
0.010720
0.011306
0.009776
0.010238
0.011614
0.010576
0.010075
0.011059
0.008648
0.010818
0.011657
0.009357
0.010236
0.009448
0.011116
0.012300
0.013325
0.012117
0.012334
0.012545
0.012865
0.013405
0.014150
0.013609
0.013572
0.013431
0.015018
0.010855
0.013728
0.012380
0.013884
0.012959
0.011693
0.015709
0.011186
0.011682
0.014446
0.013705
0.012314
0.011243
0.012609
0.010946
0.011285
0.012619
0.013170
0.014259
0.011716
0.012888
0.013632
0.014917
0.012521
0.013801
0.011967
0.013242
0.014090
0.014997
0.013643
0.013348
0.011494
0.014691
0.013137
0.010781
0.012452
0.015298
0.014099
0.013923
0.015805
0.008744
0.012325
0.015960
0.013614
0.012910
0.013109
0.014315
0.009874
0.013874
0.010866
0.013744
0.012740
0.014009
0.014446
0.015536
0.014831
0.014237
0.012445
0.013196
0.014493
0.011430
0.014112
0.013646
0.014812
0.014986
0.016572
0.017693
0.011790
0.005467
0.005329
0.005731
0.006241
0.005688
0.006673
0.005399
0.007541
0.012834
0.013056
0.012122
0.011134
0.012846
0.014036
0.015009
0.013624
0.014515
0.016122
0.011732
0.014456
0.012397
0.015143
0.015502
0.014147
0.013659
0.012290
0.012722
0.012269
0.013293
0.011644
0.015957
0.015731
0.015647
0.013185
0.012829
0.011204
0.011926
0.011911
0.015188
0.014262
0.011806
0.014846
0.012755
0.013423
0.013158
0.015101
0.014182
0.013346
0.014049
0.013657
0.012535
0.013418
0.011451
0.011326
0.017247
0.013539
0.015015
0.011301
0.012656
0.015511
0.012229
0.015932
0.011884
0.012288
0.014110
0.012933
0.010902
0.010108
0.014951
0.012292
0.012567
0.011393
0.011670
0.012678
0.012637
0.010799
0.013957
0.011422
0.011902
0.011835
0.011355
0.012274
0.011043
0.016192
0.013552
0.011941
0.012799
0.011426
0.012218
0.012930
0.012119
0.013944
0.011674
0.018179
0.013102
0.013557
0.012926
0.010968
0.014848
0.012634
0.015446
0.013576
0.012346
0.013970
0.011674
0.013031
0.013918
0.011698
0.012614
0.011160
0.013237
0.015246
0.014009
0.013647
0.013083
0.012913
0.014885
0.014208
0.012715
0.013012
0.011933
0.013052
0.013878
0.013867
0.015153
0.012444
0.010653
0.013631
0.012826
0.014084
0.014880
0.014737
0.014357
0.013164
0.013754
0.014178
0.016755
0.013051
0.013613
0.016448
0.014372
0.015554
0.013337
0.011800
0.014482
0.015133
0.014239
0.012798
0.017045
0.011938
0.015429
0.013040
0.014209
0.014086
0.014114
0.013169
0.011443
0.015171
0.012426
0.015653
0.010546
0.013903
0.012439
0.013848
0.011034
0.011727
0.014784
0.013291
0.012798
0.013684
0.013363
0.015423
0.011728
0.012336
0.015367
0.012845
0.011951
0.014178
0.015821
0.012171
0.013927
0.015035
0.010702
0.011605
0.014185
0.014626
0.013848
0.010603
0.015631
0.016143
0.011032
0.015171
0.012295
0.014147
0.014508
0.014010
0.015744
0.015526
0.013727
0.012963
0.013403
0.014328
0.014404
0.011472
0.016627
0.014799
0.015576
0.017454
0.014163
0.014451
0.011834
0.013633
0.010709
0.010880
0.011698
0.013705
0.013483
0.013991
0.013525
0.012780
0.012327
0.013308
0.015324
0.013661
0.011259
0.014391
0.013539
0.013516
0.014259
0.013467
0.014780
0.014273
0.013413
0.012270
0.012102
0.013728
0.015157
0.005678
0.004218
0.005327
0.005183
0.005576
0.007352
0.008657
0.013655
0.015761
0.012887
0.011268
0.010215
0.011579
0.012501
0.010654
0.011741
0.009939
0.013552
0.011410
0.009692
0.011212
0.014370
0.013622
0.014421
0.013657
0.010733
0.014037
0.012960
0.013294
0.011217
0.012981
0.011807
0.010914
0.013163
0.010700
0.014460
0.012405
0.012291
0.012624
0.017195
0.011803
0.016086
0.013311
0.011004
0.012947
0.013132
0.014691
0.012534
0.015436
0.011140
0.013702
0.012117
0.013315
0.010040
0.012785
0.013259
0.013953
0.012732
0.012978
0.012801
0.012989
0.013122
0.016708
0.012400
0.015971
0.011807
0.011794
0.011984
0.015378
0.012790
0.011556
0.014168
0.013636
0.011173
0.014814
0.011237
0.013321
0.010353
0.011729
0.011278
0.013011
0.012607
0.010968
0.015981
0.013938
0.012760
0.012322
0.013163
0.014001
0.012968
0.011112
0.012317
0.013614
0.011462
0.013753
0.013583
0.013413
0.013047
0.013369
0.014657
0.011890
0.012842
0.010917
0.015898
0.010830
0.015509
0.012371
0.013626
0.012972
0.014884
0.014166
0.011706
0.014974
0.011901
0.013714
0.011200
0.013793
0.013896
0.014169
0.015229
0.013658
0.012406
0.012978
0.011806
0.013698
0.012467
0.015338
0.011440
0.009451
0.008121
0.011768
0.007276
0.008419
0.009709
0.008763
0.008807
0.010013
0.010427
0.010556
0.009132
0.009153
0.010326
0.007914
0.007344
0.009979
0.009945
0.011449
0.010043
0.010525
0.009176
0.011953
0.009656
0.009292
0.009434
0.009737
0.010346
0.007412
0.009611
0.006784
0.008813
0.008941
0.012192
0.008829
0.010628
0.010409
0.009033
0.009940
0.006808
0.010559
0.010971
0.008864
0.010834
0.010595
0.008669
0.008972
0.009936
0.008360
0.009073
0.009082
0.008895
0.010350
0.009928
0.008196
0.011170
0.010516
0.008793
0.011018
0.008818
0.010569
0.010414
0.008649
0.009106
0.008637
0.010449
0.010708
0.009981
0.008476
0.010135
0.008522
0.010653
0.010303
0.010261
0.010745
0.008049
0.008772
0.012047
0.008859
0.011325
0.009048
0.009304
0.008719
0.013555
0.009912
0.013942
0.011493
0.012703
0.012736
0.011960
0.010552
0.010291
0.011915
0.014069
0.012065
0.012401
0.012623
0.012422
0.011891
0.012863
0.012538
0.011980
0.011571
0.011553
0.011563
0.012278
0.011156
0.012966
0.012901
0.014604
0.010152
0.011561
0.010630
0.012161
0.012072
0.011290
0.012265
0.011153
0.010781
0.013302
0.010120
0.010696
0.012835
0.009041
0.012674
0.010986
0.013210
0.011947
0.010768
0.015271
0.013951
0.011291
0.012628
0.011157
0.009179
0.011881
0.013063
0.013500
0.011459
0.012858
0.011036
0.010283
0.013029
0.013792
0.010868
0.012002
0.012935
0.012736
0.011761
0.014091
0.013309
0.010843
0.013636
0.013572
0.014219
0.015671
0.014095
0.014606
0.013034
0.014642
0.012731
0.011761
0.015025
0.016068
0.016171
0.011671
0.014638
0.011522
0.014107
0.014160
0.012262
0.012390
0.014867
0.014674
0.016279
0.015310
0.013692
0.012731
0.016167
0.011576
0.014453
0.015306
0.013503
0.014503
0.014689
0.011627
0.014541
0.014730
0.011051
0.013768
0.011921
0.015086
0.010427
0.014297
0.016762
0.011520
0.015139
0.015778
0.011625
0.010818
0.012255
0.014260
0.012507
0.015093
0.014682
0.016424
0.011406
0.014811
0.013524
0.014704
0.012531
0.013727
0.013656
0.015505
0.014418
0.011278
0.011400
0.011283
0.010946
0.010488
0.012057
0.011161
0.011208
0.012251
0.011996
0.011548
0.010785
0.011240
0.010909
0.011143
0.011195
0.012873
0.010385
0.010855
0.011460
0.012773
0.012108
0.012694
0.010891
0.012034
0.012396
0.011982
0.010732
0.011040
0.011154
0.011508
0.010766
0.012045
0.011513
0.010730
0.011533
0.012402
0.011506
0.011808
0.010542
0.011637
0.011411
0.011521
0.010291
0.012272
0.010597
0.010794
0.011416
0.011017
0.011542
0.010138
0.011549
0.010341
0.012396
0.010567
0.009468
0.012108
0.010826
0.010945
0.010957
0.011074
0.010803
0.010939
0.013755
0.010726
0.011402
0.011154
0.012377
0.009793
0.012919
0.010910
0.009769
0.012606
0.013817
0.012841
0.011326
0.011117
0.011962
0.010799
0.011421
0.014418
0.013298
0.012107
0.011676
0.013733
0.011147
0.011383
0.011855
0.012449
0.011542
0.012164
0.013090
0.011863
0.014279
0.012167
0.011366
0.011379
0.012946
0.012572
0.012750
0.010371
0.012537
0.011903
0.012173
0.011797
0.011263
0.013253
0.014925
0.010774
0.012755
0.012427
0.012883
0.011858
0.010622
0.011673
0.013629
0.011233
0.013907
0.013285
0.011152
0.010909
0.011474
0.013437
0.012307
0.010367
0.013448
0.010554
0.012042
0.014620
0.012334
0.013250
0.011621
0.010428
0.012830
0.010139
0.012775
0.012485
0.012723
0.011493
0.010442
0.012534
0.013842
0.010010
0.011711
0.009742
0.011021
0.010422
0.011780
0.011744
0.012430
0.012537
0.010164
0.009295
0.009681
0.009826
0.010896
0.010585
0.010991
0.009802
0.011258
0.010464
0.011188
0.011504
0.010443
0.010537
0.009737
0.009888
0.010116
0.009134
0.010892
0.010211
0.012335
0.008859
0.009046
0.009651
0.010756
0.009466
0.010636
0.011211
0.009898
0.009396
0.011447
0.010511
0.011524
0.010207
0.010754
0.010139
0.011344
0.010631
0.010880
0.011869
0.009970
0.009970
0.011052
0.012201
0.010286
0.011047
0.011426
0.009099
0.009964
0.010293
0.010175
0.010664
0.008056
0.011223
0.012621
0.010440
0.010216
0.010243
0.011446
0.010586
0.011015
0.009599
0.010625
0.009411
0.010298
0.009704
0.008779
0.010100
0.010862
0.013418
0.013988
0.012513
0.012919
0.015079
0.011403
0.014113
0.015245
0.014078
0.012899
0.012553
0.011463
0.011661
0.014507
0.014087
0.009282
0.009884
0.010739
0.014534
0.012215
0.014606
0.010885
0.015290
0.011728
0.012570
0.012795
0.008944
0.011247
0.012261
0.013703
0.011634
0.014758
0.012350
0.014780
0.014631
0.013816
0.010575
0.012746
0.012029
0.012381
0.015729
0.011513
0.011001
0.014256
0.015228
