0.000042
0.000041
0.000033
0.000032
0.000033
0.000032
0.000032
0.000033
0.000039
0.000032
0.000033
0.000034
0.000032
0.000033
0.000033
0.000033
0.000032
0.000032
0.000032
0.000032
0.000181
0.000032
0.000034
0.000032
0.000033
0.000032
0.000033
0.000032
0.000033
0.000033
0.000032
0.000032
0.000031
0.000033
0.000032
0.000032
0.000032
0.000031
0.000031
0.000032
0.000032
0.000031
0.000031
0.000031
0.000032
0.000033
0.000034
0.000032
0.000033
0.000033
0.000034
0.000032
0.000032
0.000033
0.000032
0.000032
0.000032
0.000032
0.000032
0.000032
0.000033
0.000034
0.000041
0.000033
0.000034
0.000032
0.000034
0.000034
0.000031
0.000034
0.000033
0.000033
0.000032
0.000032
0.000034
0.000033
0.000034
0.000032
0.000034
0.000033
0.000034
0.000033
0.000035
0.000034
0.000034
0.000034
0.000034
0.000033
0.000035
0.000033
0.000035
0.000033
0.000035
0.000034
0.000034
0.000034
0.000033
0.000034
0.000033
0.000035
0.000034
0.000033
0.000032
0.000035
0.000034
0.000034
0.000033
0.000033
0.000033
0.000034
0.000033
0.000034
0.000033
0.000034
0.000033
0.000033
0.000034
0.000034
0.000033
0.000034
0.000032
0.000033
0.000033
0.000034
0.000033
0.000034
0.000033
0.000033
0.000034
0.000037
0.000033
0.000033
0.000034
0.000032
0.000033
0.000035
0.000032
0.000034
0.000033
0.000034
0.000033
0.000033
0.000033
0.000033
0.000033
0.000033
0.000034
0.000033
0.000033
0.000034
0.000032
0.000037
0.000035
0.000044
0.000019
0.000015
0.000015
0.000015
0.000015
0.000015
0.000014
0.000015
0.000023
0.000033
0.000033
0.000033
0.000033
0.000034
0.000034
0.000033
0.000034
0.000034
0.000034
0.000034
0.000033
0.000033
0.000034
0.000033
0.000033
0.000065
0.000034
0.000034
0.000041
0.000033
0.000033
0.000034
0.000034
0.000033
0.000034
0.000034
0.000034
0.000033
0.000034
0.000034
0.000033
0.000034
0.000033
0.000033
0.000034
0.000034
0.000033
0.000033
0.000033
0.000032
0.000032
0.000032
0.000033
0.000032
0.000032
0.000038
0.000034
0.000035
0.000032
0.000032
0.000033
0.000033
0.000037
0.000033
0.000032
0.000033
0.000034
0.000032
0.000032
0.000034
0.000033
0.000032
0.000032
0.000032
0.000033
0.000033
0.000033
0.000033
0.000034
0.000033
0.000032
0.000034
0.000033
0.000032
0.000032
0.000032
0.000034
0.000033
0.000033
0.000032
0.000033
0.000033
0.000033
0.000033
0.000033
0.000036
0.000031
0.000033
0.000032
0.000033
0.000032
0.000033
0.000033
0.000032
0.000033
0.000034
0.000032
0.000033
0.000032
0.000033
0.000033
0.000033
0.000033
0.000033
0.000033
0.000034
0.000033
0.000035
0.000033
0.000033
0.000033
0.000035
0.000033
0.000033
0.000034
0.000034
0.000035
0.000033
0.000032
0.000034
0.000033
0.000034
0.000034
0.000035
0.000033
0.000035
0.000034
0.000033
0.000033
0.000033
0.000033
0.000034
0.000032
0.000033
0.000033
0.000033
0.000033
0.000033
0.000033
0.000034
0.000033
0.000033
0.000033
0.000034
0.000033
0.000034
0.000033
0.000033
0.000034
0.000032
0.000035
0.000033
0.000032
0.000035
0.000033
0.000034
0.000034
0.000033
0.000033
0.000033
0.000033
0.000033
0.000034
0.000035
0.000033
0.000033
0.000033
0.000032
0.000032
0.000033
0.000033
0.000033
0.000034
0.000032
0.000031
0.000032
0.000032
0.000034
0.000032
0.000032
0.000034
0.000032
0.000033
0.000033
0.000032
0.000032
0.000031
0.000032
0.000032
0.000032
0.000031
0.000032
0.000032
0.000033
0.000031
0.000033
0.000033
0.000031
0.000034
0.000033
0.000032
0.000032
0.000032
0.000033
0.000032
0.000034
0.000032
0.000033
0.000032
0.000032
0.000033
0.000034
0.000034
0.000032
0.000032
0.000033
0.000033
0.000033
0.000034
0.000034
0.000033
0.000033
0.000032
0.000031
0.000033
0.000033
0.000034
0.000031
0.000015
0.000014
0.000014
0.000015
0.000014
0.000022
0.000028
0.000033
0.000035
0.000033
0.000034
0.000032
0.000033
0.000032
0.000032
0.000033
0.000033
0.000032
0.000033
0.000032
0.000032
0.000033
0.000033
0.000033
0.000033
0.000031
0.000033
0.000032
0.000032
0.000031
0.000032
0.000033
0.000032
0.000031
0.000045
0.000034
0.000032
0.000032
0.000033
0.000036
0.000033
0.000034
0.000032
0.000032
0.000034
0.000033
0.000034
0.000032
0.000032
0.000033
0.000034
0.000033
0.000032
0.000033
0.000032
0.000032
0.000032
0.000034
0.000032
0.000034
0.000033
0.000033
0.000032
0.000033
0.000033
0.000033
0.000033
0.000033
0.000032
0.000033
0.000034
0.000034
0.000033
0.000031
0.000040
0.000033
0.000033
0.000031
0.000035
0.000040
0.000033
0.000033
0.000033
0.000034
0.000033
0.000033
0.000032
0.000033
0.000032
0.000033
0.000032
0.000032
0.000034
0.000033
0.000034
0.000034
0.000033
0.000040
0.000033
0.000033
0.000032
0.000033
0.000032
0.000033
0.000032
0.000032
0.000034
0.000032
0.000033
0.000033
0.000034
0.000032
0.000033
0.000034
0.000033
0.000033
0.000033
0.000037
0.000032
0.000034
0.000038
0.000033
0.000033
0.000033
0.000034
0.000033
0.000032
0.000033
0.000032
0.000033
0.000032
0.000032
0.000032
0.000032
0.000033
0.000034
0.000033
0.000033
0.000034
0.000034
0.000033
0.000032
0.000033
0.000032
0.000033
0.000033
0.000034
0.000033
0.000033
0.000033
0.000033
0.000033
0.000033
0.000033
0.000032
0.000032
0.000032
0.000032
0.000032
0.000032
0.000032
0.000035
0.000033
0.000032
0.000033
0.000033
0.000033
0.000032
0.000033
0.000033
0.000034
0.000033
0.000034
0.000032
0.000031
0.000031
0.000032
0.000032
0.000033
0.000030
0.000032
0.000032
0.000033
0.000032
0.000034
0.000031
0.000032
0.000031
0.000032
0.000031
0.000031
0.000031
0.000030
0.000031
0.000032
0.000033
0.000038
0.000031
0.000031
0.000032
0.000032
0.000033
0.000033
0.000032
0.000033
0.000032
0.000031
0.000032
0.000032
0.000031
0.000032
0.000033
0.000031
0.000033
0.000034
0.000035
0.000034
0.000032
0.000033
0.000035
0.000032
0.000032
0.000032
0.000031
0.000031
0.000032
0.000033
0.000031
0.000032
0.000032
0.000032
0.000032
0.000033
0.000032
0.000032
0.000033
0.000032
0.000033
0.000032
0.000032
0.000032
0.000032
0.000032
0.000033
0.000032
0.000033
0.000032
0.000031
0.000032
0.000031
0.000033
0.000031
0.000032
0.000032
0.000032
0.000032
0.000033
0.000034
0.000035
0.000033
0.000034
0.000032
0.000033
0.000032
0.000033
0.000033
0.000033
0.000034
0.000032
0.000032
0.000034
0.000033
0.000033
0.000032
0.000032
0.000033
0.000032
0.000033
0.000034
0.000049
0.000033
0.000031
0.000031
0.000032
0.000030
0.000031
0.000031
0.000032
0.000032
0.000033
0.000032
0.000032
0.000032
0.000031
0.000031
0.000032
0.000033
0.000032
0.000033
0.000032
0.000031
0.000032
0.000031
0.000032
0.000031
0.000031
0.000031
0.000030
0.000030
0.000032
0.000032
0.000031
0.000033
0.000031
0.000031
0.000031
0.000031
0.000032
0.000031
0.000032
0.000031
0.000033
0.000033
0.000032
0.000032
0.000032
0.000032
0.000030
0.000041
0.000032
0.000031
0.000032
0.000033
0.000036
0.000033
0.000032
0.000032
0.000032
0.000033
0.000032
0.000033
0.000032
0.000032
0.000033
0.000032
0.000034
0.000034
0.000033
0.000033
0.000034
0.000034
0.000034
0.000033
0.000033
0.000033
0.000034
0.000033
0.000034
0.000033
0.000033
0.000032
0.000034
0.000033
0.000033
0.000032
0.000033
0.000034
0.000033
0.000034
0.000033
0.000033
0.000033
0.000033
0.000034
0.000035
0.000034
0.000032
0.000033
0.000034
0.000033
0.000033
0.000033
0.000032
0.000033
0.000034
0.000033
0.000033
0.000032
0.000033
0.000034
0.000033
0.000033
0.000034
0.000034
0.000032
0.000033
0.000033
0.000033
0.000033
0.000032
0.000032
0.000033
0.000035
0.000034
0.000032
0.000033
0.000033
0.000033
0.000034
0.000033
0.000033
0.000034
0.000035
0.000035
0.000033
0.000035
0.000035
0.000033
0.000031
0.000033
0.000033
0.000032
0.000033
0.000033
0.000034
0.000033
0.000035
0.000033
0.000033
0.000033
0.000034
0.000033
0.000033
0.000034
0.000033
0.000033
0.000032
0.000034
0.000032
0.000033
0.000033
0.000033
0.000033
0.000032
0.000032
0.000033
0.000034
0.000033
0.000032
0.000033
0.000033
0.000033
0.000033
0.000033
0.000040
0.000033
0.000034
0.000034
0.000033
0.000033
0.000033
0.000034
0.000033
0.000032
0.000034
0.000033
0.000034
0.000033
0.000033
0.000032
0.000033
0.000032
0.000033
0.000032
0.000033
0.000033
0.000032
0.000032
0.000033
0.000032
0.000032
0.000031
0.000033
0.000042
0.000033
0.000033
0.000032
0.000033
0.000034
0.000032
0.000034
0.000034
0.000032
0.000033
0.000033
0.000033
0.000033
0.000032
0.000033
0.000034
0.000033
0.000033
0.000033
0.000033
0.000036
0.000034
0.000032
0.000032
0.000033
0.000033
0.000034
0.000033
0.000031
0.000032
0.000032
0.000033
0.000032
0.000033
0.000033
0.000033
0.000032
0.000033
0.000032
0.000032
0.000033
0.000033
0.000033
0.000033
0.000041
0.000033
0.000032
0.000033
0.000035
0.000032
0.000033
0.000032
0.000034
0.000031
0.000033
0.000032
0.000033
0.000033
0.000032
0.000034
0.000041
0.000033
0.000032
0.000034
0.000034
0.000033
0.000031
0.000034
0.000033
0.000033
0.000033
0.000032
0.000034
0.000033
0.000035
0.000033
0.000033
0.000033
0.000034
0.000033
0.000033
0.000034
0.000034
0.000033
0.000034
0.000033
0.000035
0.000033
0.000034
0.000033
0.000033
0.000036
0.000035
0.000033
0.000033
0.000033
0.000034
0.000033
0.000034
0.000033
0.000041
0.000033
0.000033
0.000033
0.000033
0.000032
0.000034
0.000033
0.000033
0.000033
0.000034
0.000032
0.000034
0.000035
0.000034
0.000034
0.000033
0.000033
0.000034
0.000034
0.000032
0.000034
0.000035
0.000034
