0.029643
0.028640
0.027669
0.026429
0.027001
0.023454
0.025436
0.028164
0.021200
0.029258
0.025517
0.025139
0.024234
0.027248
0.022640
0.020500
0.024870
0.027081
0.020752
0.020613
0.020796
0.020949
0.020391
0.025510
0.025666
0.028211
0.024953
0.020778
0.026819
0.024913
0.024215
0.023867
0.022846
0.020786
0.028254
0.026196
0.027218
0.026341
0.020754
0.023345
0.023090
0.028810
0.023138
0.020267
0.021043
0.026752
0.022768
0.026767
0.023392
0.026269
0.021974
0.023506
0.027209
0.022581
0.024967
0.025632
0.026929
0.028223
0.022700
0.028817
0.027014
0.025678
0.020845
0.025959
0.026005
0.029546
0.027864
0.023280
0.021092
0.028779
0.023576
0.026366
0.021854
0.023143
0.028687
0.027927
0.028027
0.027238
0.023474
0.025788
0.027541
0.031822
0.029245
0.020987
0.029581
0.026439
0.024693
0.025370
0.020807
0.026236
0.020548
0.027805
0.027832
0.028793
0.020426
0.030735
0.027513
0.026065
0.031202
0.027830
0.026652
0.023404
0.027857
0.020427
0.022979
0.020400
0.023279
0.020253
0.025525
0.026628
0.027448
0.026854
0.023974
0.023530
0.021925
0.020975
0.026741
0.025296
0.031896
0.029722
0.023901
0.025922
0.030725
0.028051
0.024745
0.020926
0.026211
0.025710
0.020628
0.022998
0.027089
0.025886
0.026452
0.025549
0.022389
0.023819
0.025721
0.028117
0.026569
0.026066
0.023548
0.021034
0.021216
0.021162
0.032540
0.024967
0.029014
0.021408
0.023887
0.024126
0.021740
0.030174
0.021817
0.021696
0.021907
0.029683
0.028238
0.028050
0.023299
0.023060
0.021953
0.021931
0.028528
0.020961
0.027492
0.021504
0.027917
0.027091
0.020747
0.026577
0.021791
0.023315
0.026786
0.026941
0.025973
0.022763
0.028611
0.021428
0.030404
0.024639
0.031834
0.020547
0.024028
0.024208
0.031817
0.020790
0.020585
0.020425
0.027812
0.029344
0.028843
0.026641
0.028453
0.032293
0.024726
0.021596
0.024163
0.029153
0.020086
0.031222
0.029245
0.020234
0.022802
0.022550
0.027518
0.031318
0.021867
0.021694
0.021109
0.023418
0.025414
0.024693
0.024490
0.023379
0.027926
0.021988
0.024828
0.025564
0.025849
0.021543
0.027734
0.027843
0.028440
0.023861
0.024658
0.026905
0.028510
0.030110
0.023708
0.022470
0.031590
0.024883
0.021138
0.024406
0.028185
0.024890
0.020878
0.027676
0.025580
0.028386
0.027929
0.022739
0.021154
0.030722
0.029226
0.023858
0.024860
0.021824
0.026409
0.021764
0.024870
0.023253
0.029382
0.020461
0.020588
0.026747
0.023823
0.030886
0.023747
0.020721
0.032398
0.028964
0.024613
0.025382
0.023555
0.022941
0.030125
0.025679
0.022609
0.022463
0.020329
0.028390
0.027482
0.030057
0.028545
0.023870
0.029799
0.023065
0.026943
0.024908
0.028545
0.020706
0.020567
0.028680
0.025920
0.025566
0.023596
0.020448
0.020378
0.020326
0.020536
0.020553
0.020388
0.020449
0.023049
0.029120
0.024395
0.024451
0.027838
0.021746
0.025768
0.025833
0.025452
0.026933
0.024220
0.028997
0.028185
0.023542
0.020810
0.024058
0.028283
0.022986
0.024362
0.020596
0.020604
0.020570
0.020517
0.024295
0.023611
0.032159
0.025362
0.031577
0.020710
0.025778
0.027356
0.020717
0.020799
0.020718
0.023658
0.024998
0.029354
0.026242
0.027518
0.022686
0.028654
0.024758
0.020411
0.020057
0.028381
0.027394
0.029879
0.020188
0.020041
0.022130
0.026146
0.022788
0.030856
0.020558
0.022727
0.025377
0.030620
0.020606
0.022944
0.023006
0.020787
0.020885
0.026891
0.022973
0.029581
0.020963
0.027290
0.024936
0.025711
0.023320
0.027940
0.023034
0.027276
0.024971
0.022590
0.026341
0.020469
0.020787
0.020535
0.020446
0.020881
0.027178
0.029354
0.029158
0.026678
0.020950
0.023358
0.021177
0.024569
0.021374
0.023629
0.023846
0.021815
0.027958
0.021220
0.028812
0.030300
0.030460
0.022566
0.021498
0.020569
0.025179
0.020671
0.020689
0.020536
0.026129
0.022685
0.028584
0.031016
0.029415
0.024605
0.028344
0.023470
0.032428
0.025664
0.021285
0.021287
0.028415
0.025943
0.030385
0.024957
0.028883
0.025847
0.024750
0.028941
0.023684
0.023461
0.023016
0.029458
0.027079
0.028576
0.022861
0.027573
0.020321
0.020233
0.023587
0.026848
0.031832
0.023105
0.029619
0.026464
0.027716
0.027651
0.020393
0.026766
0.028902
0.020538
0.026047
0.026154
0.022687
0.030333
0.020764
0.027706
0.020751
0.020753
0.022900
0.028728
0.020752
0.025391
0.020841
0.022138
0.020696
0.025897
0.020529
0.027758
0.028255
0.026208
0.023700
0.023337
0.024422
0.026245
0.021349
0.032706
0.021593
0.025606
0.024294
0.021133
0.021862
0.022334
0.025645
0.027091
0.023039
0.027270
0.030948
0.028048
0.020674
0.024827
0.020540
0.020506
0.025509
0.020720
0.031586
0.021887
0.024072
0.023003
0.028234
0.022068
0.027876
0.023488
0.025041
0.023604
0.025361
0.026171
0.026680
0.026370
0.026453
0.024684
0.023105
0.030558
0.024678
0.023276
0.030128
0.031507
0.021571
0.026853
0.024815
0.029001
0.024050
0.027642
0.025731
0.024387
0.021133
0.026442
0.028292
0.026744
0.029003
0.023948
0.021236
0.027280
0.024891
0.021973
0.027588
0.031653
0.030748
0.022663
0.020487
0.021252
0.025532
0.020742
0.026758
0.020577
0.025347
0.020551
0.028046
0.020781
0.027889
0.029329
0.022054
0.020567
0.027567
0.024690
0.020610
0.026696
0.026079
0.023782
0.020271
0.020206
0.025543
0.028744
0.023648
0.029151
0.026432
0.021355
0.020695
0.029417
0.026079
0.021099
0.025499
0.031169
0.021087
0.020983
0.023788
0.029415
0.027514
0.029990
0.023858
0.029826
0.023718
0.026560
0.025192
0.027254
0.028411
0.025723
0.028854
0.024542
0.023397
0.020522
0.030507
0.025073
0.021618
0.021615
0.021593
0.023769
0.024859
0.025036
0.023634
0.026661
0.025636
0.024065
0.020914
0.022672
0.024982
0.022003
0.029568
0.026218
0.030449
0.024196
0.020883
0.021095
0.024900
0.021081
0.022054
0.023494
0.026362
0.022778
0.027038
0.020663
0.020786
0.020999
0.028076
0.025343
0.026507
0.028784
0.025813
0.022830
0.025604
0.021024
0.020966
0.020693
0.020657
0.020775
0.028041
0.023597
0.029212
0.022512
0.025497
0.020928
0.027504
0.020989
0.031514
0.025146
0.026191
0.021280
0.032456
0.030393
0.028973
0.028310
0.032286
0.024881
0.022369
0.025894
0.029333
0.023567
0.023804
0.020888
0.021065
0.027372
0.027285
0.028334
0.027660
0.024233
0.026296
0.027856
0.024308
0.026766
0.025536
0.028036
0.027803
0.020874
0.020973
0.024399
0.023584
0.029518
0.029998
0.027385
0.027032
0.030708
0.026556
0.021448
0.024403
0.033046
0.029368
0.027488
0.025152
0.021722
0.021129
0.025297
0.022023
0.026156
0.029047
0.021707
0.026861
0.029530
0.022308
0.028257
0.021503
0.021172
0.021385
0.023467
0.022890
0.028746
0.027361
0.020707
0.025486
0.022841
0.024145
0.026985
0.025888
0.027856
0.028246
0.021975
0.030080
0.027633
0.021076
0.020693
0.031818
0.026850
0.027331
0.021060
0.027788
0.023698
0.024867
0.023246
0.023473
0.024467
0.028836
0.030995
0.024474
0.028890
0.021132
0.027682
0.027903
0.029416
0.022187
0.026441
0.028045
0.023789
0.030093
0.023393
0.021887
0.029330
0.028784
0.029481
0.027034
0.025638
0.021142
0.021695
0.035121
0.023367
0.026245
0.027216
0.023094
0.020804
0.026766
0.021141
0.030731
0.022122
0.021714
0.028333
0.028500
0.020475
0.024587
0.024545
0.022744
0.025706
0.022622
0.026171
0.024771
0.026419
0.023284
0.028171
0.029469
0.027107
0.020806
0.023094
0.027790
0.023052
0.023809
0.023962
0.025358
0.027329
0.024690
0.024118
0.029567
0.021176
0.021153
0.029690
0.030056
0.028175
0.021142
0.021537
0.028114
0.021068
0.023595
0.026160
0.024145
0.030672
0.024895
0.024509
0.020979
0.032552
0.027062
0.029493
0.027579
0.028182
0.022848
0.032021
0.029417
0.024636
0.028279
0.028277
0.025780
0.022870
0.024017
0.021732
0.024719
0.026550
0.029385
0.027763
0.026332
0.023675
0.022892
0.027032
0.027790
0.026416
0.029210
0.021277
0.027183
0.027166
0.027336
0.023816
0.026080
0.022519
0.025397
0.025178
0.023419
0.027448
0.024751
0.022295
0.026221
0.022562
0.020789
0.027401
0.023873
0.025469
0.024273
0.021411
0.022981
0.023733
0.029260
0.023685
0.021512
0.024549
0.021174
0.025745
0.028486
0.028671
0.022870
0.026446
0.025608
0.023790
0.026896
0.027310
0.030690
0.027792
0.022906
0.022716
0.022874
0.023409
0.025661
0.020411
0.020559
0.026363
0.023301
0.027282
0.020736
0.027220
0.024964
0.020775
0.021756
0.021352
0.022824
0.020387
0.026619
0.023569
0.023157
0.020518
0.031226
0.031211
0.028100
0.032270
0.026764
0.029068
0.029698
0.029108
0.025402
0.027925
0.029137
0.028853
0.021023
0.020961
0.024692
0.022930
0.020870
0.021336
0.028197
0.020794
0.028119
0.022859
0.024069
0.027056
0.030547
0.028225
0.027755
0.023516
0.021155
0.020819
0.026549
0.027604
0.025900
0.025480
0.028063
0.021148
0.027636
0.022292
0.028889
0.021385
0.025970
0.023727
0.027212
0.021290
0.023551
0.026568
0.029353
0.026319
0.022858
0.026943
0.030305
0.031066
0.026398
0.024768
0.030260
0.022662
0.020866
0.020903
0.025577
0.028358
0.028218
0.021146
0.026206
0.023890
0.021201
0.021142
0.026638
0.030114
0.023516
0.026439
0.027802
0.022431
0.021288
0.025846
0.027510
0.021023
0.027379
0.030170
0.021989
0.025651
0.024622
0.027410
0.023514
0.027849
0.026714
0.026279
0.021410
0.022493
0.023546
0.025572
0.023008
0.021505
0.028381
0.027106
0.022747
0.020978
0.028537
0.025359
0.031700
0.023575
0.031511
0.020959
0.020840
0.024919
0.028431
0.023233
0.028371
0.029735
0.024379
0.026560
0.020880
0.020924
0.024659
0.030549
0.021021
0.024328
0.024007
0.028413
0.026801
