0.004275
0.004344
0.004288
0.004286
0.001759
0.002438
0.003809
0.004237
0.004415
0.004991
0.001729
0.003361
0.004202
0.004209
0.004281
0.004402
0.004197
0.001779
0.001729
0.003024
0.004330
0.004300
0.004337
0.004224
0.001819
0.004351
0.001772
0.001768
0.001856
0.002687
0.004334
0.001877
0.002836
0.001970
0.002280
0.004544
0.001740
0.002285
0.001886
0.001785
0.002138
0.004282
0.004488
0.001761
0.002394
0.001768
0.004277
0.001789
0.001808
0.002750
0.001818
0.003277
0.001826
0.004508
0.002551
0.004383
0.001810
0.003392
0.004371
0.001808
0.004400
0.001842
0.004324
0.004461
0.004477
0.004467
0.001819
0.001822
0.003134
0.003146
0.001820
0.002283
0.004454
0.002077
0.004474
0.001827
0.001804
0.001774
0.001786
0.004305
0.001735
0.001783
0.001759
0.004327
0.004336
0.004340
0.001772
0.001766
0.004286
0.004281
0.004272
0.001762
0.001782
0.003025
0.004282
0.004358
0.002829
0.004487
0.002936
0.004449
0.004646
0.001878
0.004569
0.003815
0.004437
0.004411
0.002396
0.001826
0.004419
0.004445
0.002527
0.001831
0.001941
0.001884
0.004464
0.001830
0.001845
0.002535
0.004513
0.004460
0.004435
0.004466
0.004459
0.001836
0.002129
0.001757
0.001758
0.001771
0.002864
0.001778
0.002452
0.001767
0.001790
0.001772
0.001775
0.004495
0.004313
0.001782
0.002575
0.002117
0.003009
0.001730
0.001731
0.004249
0.004268
0.002743
0.001775
0.001771
0.003290
0.001769
0.002960
0.004341
0.001769
0.001774
0.001787
0.001775
0.001769
0.003059
0.004274
0.004286
0.001773
0.001769
0.002702
0.002540
0.004277
0.004280
0.004495
0.004061
0.001799
0.004057
0.004463
0.002873
0.001795
0.001802
0.004459
0.004398
0.004405
0.004350
0.004355
0.004326
0.004364
0.004355
0.004040
0.001793
0.001766
0.004334
0.001768
0.002635
0.004475
0.004320
0.004492
0.001771
0.002691
0.004234
0.004729
0.004760
0.004735
0.004753
0.004760
0.001966
0.003397
0.003107
0.002064
0.004757
0.004742
0.003388
0.004774
0.004875
0.004834
0.004215
0.004262
0.001749
0.001755
0.004276
0.002366
0.003967
0.001787
0.004346
0.004396
0.004481
0.004361
0.002756
0.004582
0.001790
0.001786
0.003473
0.001787
0.004370
0.002455
0.003651
0.004273
0.001759
0.001739
0.004226
0.004344
0.001747
0.002826
0.001805
0.003403
0.004098
0.004383
0.004426
0.004414
0.004425
0.004412
0.001798
0.004401
0.001815
0.004098
0.004356
0.004405
0.004393
0.004442
0.004532
0.004326
0.004353
0.004317
0.004386
0.001787
0.004339
0.004339
0.002350
0.001999
0.002864
0.004329
0.004325
0.004369
0.001659
0.003502
0.001832
0.002791
0.004458
0.004446
0.004486
0.004475
0.004696
0.001827
0.003289
0.004336
0.001775
0.001783
0.001775
0.001780
0.002852
0.001792
0.003403
0.004320
0.004228
0.002701
0.001740
0.003377
0.004388
0.004866
0.004288
0.004438
0.005509
0.001937
0.002501
0.001776
0.003000
0.001788
0.001783
0.001720
0.001806
0.001794
0.001785
0.004042
0.001849
0.002075
0.002524
0.002346
0.001863
0.001918
0.001791
0.004122
0.004323
0.004447
0.001753
0.004229
0.001742
0.004259
0.001798
0.004252
0.004267
0.002232
0.002356
0.001721
0.004271
0.004242
0.001941
0.004093
0.004363
0.004267
0.004297
0.001740
0.002887
0.004269
0.003077
0.004303
0.001772
0.004449
0.004301
0.002455
0.004240
0.001869
0.001785
0.002771
0.004491
0.001768
0.002428
0.001764
0.004242
0.001807
0.001897
0.004268
0.004398
0.001802
0.001813
0.001807
0.004340
0.004389
0.004479
0.004400
0.001807
0.001862
0.003394
0.002836
0.001795
0.002631
0.004405
0.002184
0.003870
0.001777
0.002653
0.001781
0.004329
0.002230
0.001776
0.001716
0.001715
0.001714
0.004199
0.001739
0.001758
0.001965
0.004216
0.003856
0.004192
0.004311
0.004434
0.001726
0.004229
0.001772
0.001757
0.004322
0.001806
0.002594
0.001778
0.003244
0.004337
0.004313
0.004342
0.001790
0.004474
0.001783
0.003344
0.004362
0.001791
0.002328
0.001732
0.002285
0.001727
0.001741
0.004216
0.004198
0.004345
0.004249
0.004237
0.004208
0.004197
0.004220
0.004202
0.004366
0.004217
0.004684
0.004185
0.001732
0.004220
0.004273
0.004454
0.004307
0.001759
0.004269
0.001758
0.002820
0.001758
0.004188
0.004206
0.001731
0.002660
0.001742
0.001649
0.001747
0.004210
0.004261
0.001698
0.002279
0.004260
0.001739
0.001734
0.004261
0.002172
0.004305
0.001752
0.003979
0.004278
0.001811
0.001818
0.002296
0.004401
0.004390
0.004419
0.001806
0.003108
0.004282
0.004231
0.001742
0.001755
0.002421
0.004236
0.001772
0.001751
0.004267
0.004243
0.004486
0.004211
0.001756
0.001741
0.004228
0.004295
0.004201
0.001739
0.001757
0.004282
0.001747
0.001768
0.004248
0.001754
0.004397
0.004474
0.004397
0.001806
0.001814
0.003708
0.004048
0.001711
0.002207
0.001872
0.001818
0.004262
0.004257
0.004239
0.001980
0.004300
0.001766
0.002627
0.004218
0.004292
0.004273
0.004280
0.004424
0.004256
0.001749
0.003491
0.003558
0.004303
0.004333
0.004365
0.004493
0.004291
0.001767
0.001816
0.004545
0.004346
0.004391
0.004221
0.001831
0.002623
0.004543
0.004609
0.001768
0.004306
0.002850
0.003952
0.002124
0.004181
0.004155
0.004316
0.004306
0.004324
0.001831
0.001898
0.002010
0.001851
0.004347
0.004339
0.001735
0.001738
0.001777
0.001752
0.004270
0.001800
0.002656
0.002932
0.004022
0.004409
0.001806
0.001884
0.004398
0.001798
0.004633
0.001735
0.002077
0.001735
0.002642
0.004388
0.004273
0.001722
0.001774
0.004170
0.004219
0.003527
0.002453
0.004344
0.001799
0.002610
0.001805
0.001832
0.004347
0.004499
0.004357
0.004435
0.001941
0.004319
0.004630
0.001809
0.004397
0.004438
0.004432
0.003972
0.001829
0.002084
0.001886
0.004290
0.004447
0.004552
0.004444
0.004444
0.004416
0.004615
0.004423
0.004428
0.004459
0.003988
0.004239
0.004281
0.004301
0.004454
0.004240
0.004254
0.001757
0.004396
0.001746
0.002812
0.004141
0.001756
0.003286
0.001743
0.004161
0.004075
0.004263
0.001767
0.001736
0.004204
0.004220
0.004210
0.004237
0.001800
0.003837
0.004205
0.001794
0.004014
0.004003
0.004196
0.004208
0.004231
0.001743
0.001825
0.001807
0.002832
0.002418
0.002267
0.002300
0.001798
0.004409
0.004430
0.004379
0.003977
0.003923
0.004240
0.004755
0.004310
0.001753
0.004554
0.003526
0.004624
0.001748
0.002003
0.001859
0.004675
0.002270
0.001852
0.001776
0.002400
0.001778
0.004196
0.005235
0.004348
0.004292
0.002267
0.001794
0.004332
0.004467
0.001900
0.004299
0.004356
0.001769
0.004090
0.004251
0.004187
0.002142
0.004242
0.004316
0.004303
0.001762
0.001809
0.004480
0.004674
0.001826
0.001878
0.001893
0.004585
0.002673
0.004787
0.002353
0.002720
0.003637
0.004248
0.001759
0.002682
0.004317
0.004257
0.001754
0.001804
0.001767
0.002589
0.001751
0.002038
0.002772
0.004313
0.002148
0.004269
0.004418
0.004191
0.004213
0.001747
0.001759
0.002424
0.003354
0.004261
0.001763
0.002093
0.003405
0.004246
0.001734
0.001737
0.003084
0.003490
0.004048
0.004231
0.004409
0.001831
0.004232
0.004916
0.001814
0.003879
0.001964
0.003023
0.004523
0.001798
0.001769
0.004430
0.004311
0.004392
0.005003
0.004535
0.004290
0.002830
0.002426
0.002711
0.004257
0.001782
0.001786
0.002249
0.001796
0.002198
0.004340
0.004372
0.004369
0.004338
0.001874
0.001734
0.001754
0.002306
0.001739
0.002482
0.004246
0.004275
0.001786
0.001903
0.004382
0.004400
0.001828
0.003531
0.004444
0.001831
0.003527
0.004445
0.001816
0.004439
0.004434
0.004847
0.002650
0.004425
0.002896
0.001822
0.001877
0.001797
0.001791
0.001792
0.001792
0.004276
0.004440
0.004360
0.004514
0.003032
0.004628
0.002475
0.001877
0.004542
0.004556
0.004522
0.004605
0.002706
0.002463
0.002031
0.004232
0.001720
0.004124
0.004178
0.004246
0.004285
0.004154
0.004160
0.001714
0.001743
0.002607
0.004235
0.004229
0.002360
0.003065
0.005029
0.004716
0.004665
0.004829
0.004547
0.001870
0.001891
0.002786
0.004056
0.001798
0.002728
0.004585
0.004531
0.004435
0.004353
0.001800
0.003081
0.004357
0.004375
0.001715
0.004462
0.002186
0.003749
0.004217
0.004527
0.004388
0.004277
0.001930
0.004583
0.004260
0.003286
0.002465
0.004020
0.001791
0.004593
0.002739
0.003696
0.004395
0.002278
0.004352
0.004369
0.004356
0.001803
0.004369
0.004342
0.001785
0.004187
0.005361
0.004328
0.004331
0.002462
0.004351
0.004350
0.002907
0.002097
0.004304
0.001780
0.001766
0.002132
0.004520
0.004685
0.004256
0.002808
0.001758
0.004127
0.004321
0.004277
0.004254
0.004507
0.004264
0.004259
0.001768
0.004285
0.003788
0.001750
0.004086
0.004495
0.004356
0.004330
0.003676
0.001842
0.004359
0.004447
0.004340
0.004341
0.001788
0.001777
0.001791
0.004313
0.001778
0.004304
0.002265
0.002445
0.004305
0.004304
0.001745
0.004454
0.002242
0.003650
0.004283
0.001806
0.003978
0.002832
0.003836
0.004386
0.004382
0.004470
0.004487
0.004166
0.001788
0.004314
0.003584
0.001781
0.001826
0.004324
0.001810
0.004232
0.004191
0.002523
0.004327
0.004214
0.004214
0.004333
0.004182
0.004265
0.004235
0.004389
0.004250
0.004225
0.004221
0.001747
0.002652
0.004555
0.004359
0.003971
0.004522
0.002368
0.002248
0.004019
0.004485
0.001747
0.002333
0.004011
0.004446
0.002325
0.001791
0.004381
0.004431
0.002628
0.001772
0.004236
0.003031
0.004274
0.004247
0.001755
0.004235
0.004220
0.004363
0.004332
0.004233
0.004563
0.004233
0.004232
0.001778
0.004434
0.004293
0.004249
0.004297
0.001756
0.004378
0.004452
0.004272
0.004435
0.004290
0.002225
0.001758
0.002708
0.001767
0.001892
