0.004521
0.004313
0.004289
0.004320
0.001659
0.002500
0.004542
0.004340
0.004257
0.004312
0.002693
0.004281
0.004359
0.004380
0.004258
0.004258
0.004229
0.002447
0.003018
0.003235
0.004264
0.004664
0.004403
0.001678
0.002677
0.004270
0.001655
0.001631
0.003132
0.002534
0.004288
0.001633
0.003250
0.002134
0.004263
0.001672
0.001653
0.003479
0.001664
0.002111
0.004237
0.004242
0.004363
0.001907
0.002347
0.003100
0.001748
0.001659
0.001650
0.002690
0.003025
0.004307
0.001627
0.004238
0.002425
0.004622
0.002283
0.003948
0.004529
0.001630
0.004260
0.001632
0.004297
0.004248
0.004295
0.004354
0.001672
0.001662
0.003542
0.002973
0.002387
0.004282
0.004312
0.002812
0.004246
0.002035
0.002025
0.004241
0.001838
0.004280
0.002152
0.001641
0.003277
0.004306
0.004266
0.004137
0.002371
0.001811
0.004248
0.004077
0.004310
0.001679
0.002046
0.003734
0.004290
0.004291
0.003360
0.004291
0.002816
0.004305
0.004264
0.004159
0.004366
0.004275
0.004281
0.004359
0.002441
0.001744
0.004230
0.004276
0.002563
0.002081
0.002275
0.001653
0.004332
0.001651
0.002957
0.002668
0.004363
0.004267
0.004258
0.004368
0.004226
0.001710
0.002441
0.001879
0.002573
0.001650
0.003201
0.001780
0.002495
0.001818
0.004112
0.002451
0.001680
0.004290
0.004426
0.001693
0.002854
0.002131
0.004339
0.002344
0.004277
0.004346
0.004268
0.003175
0.003470
0.001775
0.004261
0.001874
0.002796
0.004240
0.002330
0.002613
0.001648
0.004150
0.001670
0.003665
0.004248
0.004281
0.001635
0.001676
0.002671
0.002585
0.004279
0.004326
0.004362
0.004239
0.001681
0.004427
0.004232
0.003648
0.002173
0.001634
0.004278
0.004267
0.004275
0.004238
0.004271
0.004480
0.004341
0.004325
0.002714
0.001810
0.001638
0.004278
0.001627
0.003953
0.004225
0.004199
0.004232
0.001881
0.002562
0.004215
0.004403
0.004296
0.004241
0.004539
0.004327
0.001664
0.005038
0.001766
0.001783
0.004381
0.004292
0.003902
0.004542
0.004243
0.004330
0.004299
0.004522
0.001675
0.001757
0.004284
0.002537
0.004179
0.004116
0.004257
0.004297
0.004479
0.004298
0.003485
0.004318
0.002919
0.003514
0.004324
0.002985
0.004638
0.003602
0.001665
0.004268
0.001633
0.004017
0.004284
0.004279
0.002738
0.003003
0.004243
0.001661
0.004278
0.004243
0.004274
0.004308
0.004343
0.004250
0.001680
0.004282
0.001759
0.004153
0.004281
0.004249
0.004763
0.004258
0.004232
0.004429
0.004301
0.004762
0.004213
0.002980
0.004248
0.004248
0.002321
0.002317
0.002829
0.004253
0.004417
0.004371
0.001739
0.003894
0.001640
0.003054
0.004366
0.004251
0.004237
0.004226
0.004275
0.001703
0.004015
0.001625
0.001886
0.002685
0.002093
0.001650
0.003703
0.001862
0.001772
0.004269
0.004350
0.002949
0.001766
0.003732
0.004279
0.004217
0.004297
0.004251
0.004228
0.004058
0.003786
0.001629
0.002826
0.001747
0.001644
0.001687
0.001653
0.002015
0.002046
0.001637
0.002196
0.003948
0.002727
0.002391
0.001924
0.001778
0.003527
0.004250
0.004511
0.004309
0.001671
0.004250
0.002191
0.004434
0.001880
0.004798
0.004348
0.002320
0.004030
0.001650
0.004290
0.004425
0.004258
0.003919
0.004250
0.004293
0.004419
0.002781
0.003984
0.004303
0.002998
0.004278
0.002851
0.004233
0.004516
0.002506
0.004274
0.002298
0.001770
0.002837
0.004230
0.001726
0.002410
0.001980
0.004286
0.001694
0.002266
0.004399
0.004217
0.001752
0.001675
0.002010
0.004276
0.004245
0.004288
0.004284
0.001745
0.002122
0.004493
0.003422
0.001804
0.002701
0.004268
0.004246
0.004282
0.002062
0.003291
0.001641
0.004297
0.004427
0.001643
0.001647
0.001644
0.001681
0.004316
0.001632
0.002447
0.004182
0.004309
0.004282
0.004309
0.004347
0.004264
0.004534
0.004243
0.002104
0.001795
0.004397
0.004295
0.002539
0.003039
0.003583
0.004509
0.004445
0.004282
0.001659
0.004439
0.002446
0.004336
0.004258
0.001639
0.002852
0.002615
0.002709
0.002827
0.001632
0.004339
0.004282
0.004272
0.004260
0.004271
0.004295
0.004352
0.004232
0.004247
0.004259
0.004271
0.004391
0.004344
0.003139
0.004380
0.004256
0.004255
0.004241
0.001635
0.004296
0.002627
0.004268
0.004269
0.004339
0.004248
0.001653
0.004011
0.001739
0.001749
0.004083
0.004407
0.004330
0.001660
0.003518
0.004270
0.002187
0.004098
0.004256
0.002993
0.004276
0.001760
0.004328
0.004273
0.002258
0.001653
0.003560
0.004239
0.004240
0.004254
0.002220
0.004159
0.004270
0.004384
0.001965
0.002202
0.003477
0.004361
0.001634
0.002661
0.004284
0.004491
0.004356
0.004508
0.001763
0.001816
0.004520
0.004287
0.004283
0.001648
0.001631
0.004168
0.001788
0.001648
0.004262
0.001899
0.004241
0.004267
0.004293
0.001948
0.002929
0.003913
0.004278
0.001754
0.002091
0.002825
0.001732
0.004279
0.004275
0.004233
0.002849
0.004508
0.001859
0.003191
0.001639
0.004376
0.004230
0.004287
0.004273
0.004309
0.001945
0.004716
0.001827
0.004272
0.004231
0.005444
0.004555
0.004326
0.002421
0.001778
0.004398
0.004303
0.004275
0.004255
0.001766
0.003451
0.004197
0.004220
0.002025
0.004366
0.002823
0.004290
0.002330
0.004284
0.004277
0.004468
0.004226
0.004222
0.001681
0.002191
0.002107
0.001746
0.004237
0.004291
0.002265
0.003355
0.002968
0.001639
0.003842
0.002317
0.003982
0.004219
0.004258
0.004419
0.002290
0.004112
0.004254
0.002470
0.004256
0.001723
0.003934
0.001784
0.002815
0.004307
0.004242
0.001874
0.002066
0.004294
0.004249
0.004304
0.002487
0.004408
0.001711
0.002806
0.001652
0.002164
0.004308
0.004450
0.004330
0.004344
0.001951
0.004301
0.004259
0.001661
0.004470
0.004283
0.004224
0.001835
0.001628
0.003025
0.001657
0.004522
0.004333
0.004266
0.004447
0.004284
0.004257
0.004284
0.004355
0.004245
0.004391
0.004154
0.004256
0.004357
0.004242
0.004273
0.004257
0.004414
0.001953
0.004287
0.001782
0.003046
0.004260
0.001814
0.004258
0.003217
0.004242
0.004263
0.004283
0.001643
0.002446
0.004371
0.004309
0.004267
0.004419
0.003023
0.004280
0.004255
0.001869
0.004162
0.004399
0.004253
0.004356
0.004256
0.001753
0.001978
0.002142
0.003637
0.002489
0.002264
0.001964
0.003154
0.004548
0.004555
0.004248
0.004264
0.002806
0.004510
0.004328
0.003455
0.002668
0.004272
0.004140
0.004730
0.002416
0.004150
0.001785
0.003408
0.004085
0.001806
0.004334
0.004009
0.001747
0.004419
0.004268
0.004894
0.004337
0.002708
0.004028
0.004369
0.004235
0.004170
0.004370
0.004415
0.002813
0.004386
0.004523
0.003063
0.002998
0.004711
0.003128
0.004275
0.001656
0.001751
0.004291
0.004392
0.004312
0.003240
0.001663
0.004134
0.003806
0.004337
0.004026
0.002652
0.003504
0.004271
0.001673
0.003554
0.004256
0.004294
0.001638
0.002281
0.001961
0.003573
0.001644
0.001799
0.003486
0.004870
0.003572
0.004432
0.004462
0.005279
0.004251
0.001697
0.002556
0.003568
0.004723
0.004283
0.001644
0.002624
0.004239
0.004276
0.002015
0.001777
0.003397
0.001727
0.004553
0.004238
0.004434
0.004389
0.004591
0.005363
0.003853
0.002557
0.001792
0.004279
0.004266
0.002646
0.001756
0.005716
0.001854
0.004385
0.004288
0.004036
0.002547
0.004304
0.003837
0.004073
0.004273
0.003942
0.002273
0.002232
0.003052
0.003137
0.004422
0.004071
0.004226
0.004224
0.002094
0.002828
0.002389
0.002374
0.002087
0.002544
0.004285
0.004533
0.004155
0.004299
0.004395
0.004583
0.001948
0.004271
0.004268
0.003765
0.004065
0.004269
0.003051
0.005161
0.004227
0.004312
0.004085
0.004279
0.002823
0.002563
0.001752
0.003293
0.002147
0.001970
0.001658
0.004326
0.004396
0.004397
0.004299
0.003027
0.004250
0.002486
0.001731
0.004526
0.004451
0.004247
0.004239
0.004114
0.002411
0.004269
0.004059
0.003655
0.004597
0.004290
0.004497
0.004524
0.004282
0.004289
0.002147
0.001858
0.002941
0.004277
0.004532
0.004220
0.003599
0.004223
0.004230
0.004257
0.004454
0.004257
0.001657
0.002413
0.003512
0.004214
0.001672
0.002685
0.004351
0.004317
0.004334
0.004382
0.002751
0.004276
0.004306
0.004385
0.001878
0.004240
0.002652
0.004418
0.004250
0.004236
0.004264
0.004588
0.002547
0.004299
0.004727
0.001894
0.002599
0.003934
0.001695
0.004295
0.004246
0.004394
0.004573
0.004330
0.004444
0.004276
0.004544
0.001706
0.004407
0.004264
0.001752
0.004577
0.004271
0.004596
0.004274
0.004083
0.004599
0.004305
0.004157
0.002233
0.004638
0.001766
0.002153
0.003353
0.004286
0.004428
0.004379
0.004230
0.001642
0.004302
0.004267
0.004378
0.004314
0.004292
0.004581
0.004628
0.001648
0.004371
0.004310
0.002369
0.004572
0.004409
0.004274
0.004258
0.001745
0.002310
0.004247
0.004238
0.004493
0.004013
0.003931
0.003138
0.001644
0.004251
0.001624
0.004335
0.002486
0.003393
0.004301
0.004635
0.003323
0.004462
0.002408
0.004312
0.004244
0.001736
0.003766
0.002976
0.001777
0.004372
0.004236
0.004041
0.004571
0.004382
0.001655
0.003756
0.004320
0.001657
0.003749
0.004281
0.002134
0.004136
0.004319
0.004150
0.004382
0.004729
0.004307
0.004281
0.004675
0.004266
0.004228
0.004231
0.004307
0.004232
0.004433
0.001721
0.002647
0.004248
0.004514
0.004239
0.004271
0.002300
0.002401
0.004292
0.004253
0.001753
0.004142
0.004492
0.004235
0.003858
0.001787
0.004264
0.004331
0.001806
0.003528
0.004483
0.004342
0.004833
0.004375
0.001644
0.004670
0.004645
0.004230
0.004297
0.004299
0.004304
0.004769
0.004282
0.004492
0.004435
0.003997
0.004312
0.004281
0.002495
0.004513
0.004405
0.004258
0.004336
0.004374
0.002730
0.002381
0.004023
0.001646
0.001638
