0.000835
0.000707
0.000701
0.000733
0.000720
0.000706
0.000726
0.000345
0.000644
0.000713
0.000651
0.000679
0.000668
0.000663
0.000343
0.000719
0.000714
0.000720
0.000683
0.000659
0.000441
0.000617
0.000606
0.000384
0.000696
0.000632
0.000306
0.000677
0.000721
0.000357
0.000621
0.000581
0.000691
0.000660
0.000735
0.000713
0.000732
0.000748
0.000722
0.000647
0.000645
0.000686
0.000731
0.000730
0.000492
0.000683
0.000751
0.000517
0.000275
0.000748
0.000697
0.000739
0.000711
0.000761
0.000749
0.000699
0.000729
0.000701
0.000728
0.000711
0.000704
0.000694
0.000754
0.000466
0.000708
0.000756
0.000672
0.000674
0.000696
0.000692
0.000700
0.000376
0.000510
0.000713
0.000771
0.000691
0.000679
0.000695
0.000776
0.000716
0.000685
0.000762
0.000754
0.000659
0.000715
0.000704
0.000647
0.000740
0.000490
0.000392
0.000404
0.000699
0.000693
0.000476
0.000676
0.000688
0.000638
0.000699
0.000581
0.000649
0.000716
0.000685
0.000703
0.000356
0.000665
0.000718
0.000734
0.000707
0.000706
0.000672
0.000738
0.000661
0.000707
0.000377
0.000751
0.000463
0.000654
0.000713
0.000666
0.000666
0.000719
0.000721
0.000298
0.000701
0.000318
0.000642
0.000738
0.000679
0.000703
0.000397
0.000527
0.000373
0.000672
0.000302
0.000690
0.000730
0.000709
0.000690
0.000669
0.000618
0.000635
0.000698
0.000656
0.000750
0.000763
0.000688
0.000705
0.000670
0.000694
0.000697
0.000705
0.000712
0.000424
0.000449
0.000411
0.000714
0.000679
0.000691
0.000774
0.000698
0.000288
0.000271
0.000584
0.000672
0.000359
0.000730
0.000620
0.000348
0.000707
0.000707
0.000698
0.000475
0.000745
0.000282
0.000273
0.000289
0.000685
0.000374
0.000340
0.000606
0.000711
0.000282
0.000384
0.000636
0.000710
0.000678
0.000648
0.000713
0.000698
0.000664
0.000629
0.000647
0.000648
0.000651
0.000623
0.000704
0.000702
0.000447
0.000691
0.000714
0.000697
0.000379
0.000654
0.000760
0.000716
0.000709
0.000782
0.000395
0.000711
0.000465
0.000672
0.000660
0.000709
0.000425
0.000733
0.000660
0.000482
0.000626
0.000816
0.000706
0.000715
0.000466
0.000615
0.000715
0.000656
0.000981
0.000871
0.000367
0.000264
0.000707
0.000799
0.000724
0.000416
0.000765
0.000683
0.000695
0.000749
0.000701
0.000646
0.000711
0.000584
0.000305
0.000695
0.000734
0.000382
0.000606
0.000726
0.000725
0.000739
0.000691
0.000670
0.000745
0.000712
0.000756
0.000754
0.000460
0.000749
0.000628
0.000644
0.000715
0.000368
0.000734
0.000322
0.000664
0.000665
0.000678
0.000706
0.000664
0.000712
0.000889
0.000657
0.000723
0.000636
0.000870
0.000712
0.000689
0.000300
0.000387
0.000863
0.000701
0.000712
0.000762
0.000707
0.000702
0.000411
0.000773
0.000313
0.000415
0.000670
0.000638
0.000440
0.000433
0.001024
0.000540
0.000648
0.000776
0.000709
0.000680
0.000711
0.000703
0.000693
0.000649
0.000648
0.000763
0.000531
0.000365
0.000888
0.000660
0.000815
0.000748
0.000375
0.004484
0.001004
0.000901
0.000708
0.000737
0.000712
0.000767
0.000770
0.000756
0.000887
0.000392
0.000790
0.000752
0.000685
0.000739
0.000623
0.000365
0.000714
0.000382
0.000416
0.000699
0.000274
0.000390
0.000376
0.000727
0.000705
0.000691
0.000708
0.000696
0.000682
0.000642
0.000774
0.000686
0.000368
0.000645
0.000639
0.000648
0.000696
0.000711
0.000731
0.000691
0.000688
0.000733
0.000725
0.000523
0.000666
0.000896
0.000753
0.000818
0.000675
0.000721
0.000672
0.000773
0.000725
0.000663
0.000712
0.000797
0.000763
0.000716
0.000709
0.000681
0.000718
0.000700
0.000702
0.000659
0.000400
0.000365
0.000699
0.000622
0.000669
0.000692
0.000734
0.000662
0.000700
0.000694
0.000675
0.000718
0.000670
0.000782
0.000682
0.000669
0.000719
0.000702
0.000722
0.000738
0.000674
0.000455
0.000664
0.000630
0.000700
0.000712
0.000725
0.000685
0.000446
0.000704
0.000776
0.000369
0.000772
0.000692
0.000766
0.000472
0.000409
0.000529
0.000701
0.000705
0.000684
0.000731
0.000750
0.000876
0.000700
0.000681
0.000357
0.000355
0.000701
0.000500
0.000826
0.000734
0.000469
0.000394
0.000692
0.000717
0.000654
0.000390
0.000669
0.000705
0.000705
0.000689
0.000702
0.000695
0.000708
0.000677
0.000411
0.000730
0.000705
0.000691
0.000692
0.000690
0.000685
0.000666
0.000680
0.000650
0.000700
0.000575
0.000682
0.000713
0.000660
0.000733
0.000750
0.000781
0.000712
0.000742
0.000785
0.000691
0.000764
0.000736
0.000677
0.000749
0.000682
0.000631
0.000706
0.000645
0.000719
0.000649
0.000734
0.000635
0.000734
0.000729
0.000733
0.000803
0.000419
0.000410
0.000750
0.000744
0.000765
0.000387
0.000752
0.000739
0.000407
0.000772
0.000728
0.000732
0.000672
0.000844
0.000345
0.000459
0.000661
0.000672
0.000543
0.000543
0.000565
0.000267
0.000752
0.000740
0.000375
0.000730
0.000720
0.000645
0.000755
0.000690
0.000396
0.000706
0.000751
0.000671
0.000708
0.000701
0.000401
0.000725
0.000712
0.000687
0.000659
0.000716
0.000700
0.000654
0.000689
0.000662
0.000706
0.000723
0.000657
0.000488
0.000455
0.000726
0.000470
0.000726
0.000714
0.000692
0.000625
0.000718
0.000692
0.000411
0.000636
0.000702
0.000363
0.000715
0.000607
0.000697
0.000678
0.000729
0.000715
0.000708
0.000753
0.000717
0.000752
0.000730
0.000681
0.000719
0.000751
0.000368
0.000319
0.000581
0.000423
0.000473
0.000673
0.000765
0.000746
0.000750
0.000777
0.000611
0.000686
0.000740
0.000715
0.000738
0.000476
0.000708
0.000669
0.000386
0.000720
0.000766
0.000737
0.000687
0.000687
0.000626
0.000726
0.001124
0.000710
0.000717
0.000757
0.000425
0.000409
0.000386
0.000696
0.000697
0.000759
0.000444
0.000445
0.000721
0.000727
0.000968
0.000793
0.000645
0.000694
0.000419
0.000379
0.000692
0.000529
0.000400
0.000397
0.000381
0.000862
0.000714
0.000650
0.000635
0.000624
0.000627
0.000709
0.000362
0.000711
0.000665
0.000402
0.000704
0.000682
0.000713
0.000721
0.000754
0.000711
0.000725
0.000725
0.000697
0.000719
0.000806
0.000724
0.000689
0.000727
0.000776
0.000737
0.000768
0.000751
0.000421
0.000741
0.000749
0.000689
0.000689
0.000763
0.000718
0.000463
0.000802
0.000381
0.000659
0.000757
0.000661
0.000654
0.000717
0.000649
0.000791
0.000617
0.000447
0.000619
0.000686
0.000813
0.000707
0.000649
0.000742
0.000704
0.000712
0.000654
0.000392
0.000716
0.000466
0.000308
0.000696
0.000717
0.000687
0.000791
0.000696
0.000723
0.000837
0.000881
0.000635
0.000718
0.000528
0.000685
0.000630
0.000688
0.000442
0.000644
0.000635
0.000419
0.000563
0.000601
0.000705
0.000353
0.000691
0.000687
0.000686
0.001164
0.000391
0.000679
0.000309
0.000752
0.000386
0.000677
0.000737
0.000703
0.000721
0.000743
0.000808
0.000725
0.000560
0.000681
0.000575
0.000481
0.000706
0.000748
0.000750
0.000681
0.000727
0.000692
0.000729
0.000676
0.000842
0.000635
0.000695
0.000749
0.000841
0.000699
0.000684
0.000371
0.000349
0.000416
0.000579
0.000683
0.000405
0.000452
0.000369
0.000695
0.000739
0.000701
0.000862
0.000367
0.000725
0.000720
0.000741
0.000716
0.000748
0.000819
0.000711
0.000434
0.000388
0.000447
0.000649
0.000717
0.000686
0.000385
0.000863
0.000757
0.000659
0.000622
0.000722
0.001016
0.000706
0.000703
0.000523
0.000707
0.000681
0.000728
0.002193
0.000674
0.000627
0.000676
0.000989
0.000663
0.001253
0.000605
0.000408
0.000372
0.000357
0.000711
0.000628
0.000634
0.000434
0.000724
0.000731
0.000792
0.000816
0.000709
0.000731
0.000267
0.000717
0.000744
0.000701
0.000751
0.000424
0.000802
0.000738
0.000718
0.000737
0.000650
0.000655
0.000751
0.000367
0.000720
0.000744
0.000813
0.000686
0.000743
0.000488
0.000458
0.000423
0.000559
0.000698
0.000662
0.000766
0.000673
0.000663
0.000375
0.000526
0.000668
0.000580
0.000620
0.000717
0.000733
0.000649
0.000365
0.000530
0.000568
0.000691
0.000624
0.000775
0.000694
0.000567
0.000737
0.000690
0.000720
0.000725
0.000785
0.000675
0.000704
0.000703
0.000733
0.000728
0.000692
0.000394
0.000752
0.000422
0.000709
0.000668
0.000704
0.000371
0.000705
0.000696
0.000709
0.000683
0.000679
0.000494
0.000685
0.000792
0.000773
0.000694
0.000480
0.000699
0.000613
0.000690
0.000695
0.000978
0.000731
0.000665
0.000617
0.000393
0.000592
0.000580
0.000408
0.000774
0.000733
0.000315
0.000297
0.000835
0.000703
0.000736
0.000397
0.000657
0.000711
0.000804
0.000406
0.000827
0.000676
0.000698
0.000709
0.000713
0.000672
0.000714
0.000392
0.000305
0.000653
0.000393
0.000685
0.000723
0.000724
0.000657
0.000714
0.000534
0.000769
0.000382
0.000659
0.000647
0.000706
0.000733
0.000698
0.000370
0.000673
0.000733
0.000688
0.000698
0.000692
0.000708
0.000736
0.000837
0.000680
0.000409
0.000721
0.000774
0.000738
0.000690
0.000732
0.000622
0.000688
0.000720
0.000735
0.000719
0.000711
0.000698
0.000815
0.000661
0.000315
0.000626
0.000403
0.000713
0.000377
0.000678
0.000848
0.000668
0.000723
0.000720
0.000377
0.000703
0.000676
0.000673
0.000687
0.000675
0.000423
0.000662
0.000707
0.000733
0.000680
0.000743
0.000709
0.000717
0.000707
0.000735
0.000760
0.000691
0.000702
0.000782
0.000719
0.000649
0.000635
0.000673
0.000656
0.000730
0.000722
0.000377
0.000346
0.000405
0.000673
0.000401
0.000730
0.000688
0.000671
0.000721
0.000848
0.000258
0.000440
0.000635
0.000775
0.000612
0.000614
0.000704
0.000718
0.000512
0.000714
0.000702
0.000784
0.000730
0.000367
0.000666
0.000719
0.000882
0.000718
0.000648
0.000651
0.000722
