0.031764
0.022987
0.030998
0.030164
0.032369
0.026057
0.026214
0.032283
0.032729
0.021589
0.032580
0.033144
0.020516
0.024562
0.020383
0.023217
0.024592
0.032134
0.031789
0.031812
0.030818
0.020944
0.033678
0.021586
0.032110
0.020952
0.021387
0.031596
0.021772
0.030559
0.029591
0.026645
0.028642
0.031566
0.033205
0.029027
0.030122
0.032145
0.032031
0.028776
0.030231
0.026638
0.029067
0.032161
0.030866
0.024600
0.029176
0.025904
0.031956
0.034501
0.032595
0.027791
0.025634
0.027964
0.021258
0.021197
0.034896
0.033061
0.021402
0.030888
0.032138
0.025353
0.029320
0.026132
0.021195
0.023354
0.024737
0.027196
0.032018
0.025428
0.026594
0.024718
0.021551
0.023834
0.023688
0.025862
0.032073
0.032481
0.031117
0.023072
0.032467
0.022565
0.033237
0.032189
0.026224
0.032813
0.032149
0.028257
0.031041
0.026081
0.030510
0.025867
0.021684
0.021488
0.033925
0.026967
0.032626
0.031978
0.026910
0.022051
0.021661
0.028311
0.025578
0.032101
0.030086
0.026977
0.032015
0.029244
0.032816
0.033234
0.028498
0.021135
0.027785
0.029654
0.025025
0.031234
0.031985
0.032693
0.026863
0.025730
0.025106
0.027538
0.027215
0.022059
0.022116
0.032162
0.033929
0.032725
0.032431
0.033786
0.025132
0.022303
0.034106
0.025640
0.028317
0.027692
0.034201
0.033846
0.026032
0.024539
0.030240
0.032782
0.032025
0.031934
0.022034
0.025711
0.025416
0.030268
0.028606
0.026401
0.029502
0.024399
0.028138
0.031903
0.024802
0.025496
0.024951
0.028914
0.028992
0.022612
0.022152
0.022110
0.032446
0.032057
0.021064
0.025992
0.025981
0.034522
0.032408
0.034171
0.031318
0.028079
0.025441
0.032676
0.033811
0.030730
0.033191
0.030323
0.023669
0.031776
0.023631
0.033085
0.034230
0.022124
0.024088
0.033011
0.021659
0.026856
0.021783
0.025079
0.025512
0.031304
0.026414
0.026177
0.030927
0.031180
0.027847
0.021354
0.032202
0.026957
0.026109
0.034076
0.032908
0.030015
0.033412
0.027744
0.028872
0.022770
0.024199
0.024154
0.031313
0.021846
0.034926
0.029147
0.032972
0.021351
0.031697
0.021658
0.031668
0.028340
0.026140
0.025922
0.033150
0.031456
0.025133
0.032205
0.025976
0.021985
0.029851
0.031447
0.023657
0.033813
0.024857
0.021727
0.021857
0.020852
0.031165
0.028158
0.020945
0.033063
0.023588
0.029067
0.021478
0.027240
0.020981
0.027855
0.026805
0.026205
0.033189
0.031727
0.027152
0.034165
0.023232
0.024642
0.031498
0.022820
0.026170
0.021442
0.028404
0.030570
0.028096
0.033541
0.030706
0.020933
0.023467
0.028022
0.026369
0.031663
0.030899
0.027939
0.025968
0.025459
0.033232
0.033737
0.033451
0.035343
0.026732
0.029157
0.032793
0.021809
0.033497
0.022374
0.032299
0.033651
0.024667
0.020707
0.031314
0.032198
0.032457
0.025911
0.030089
0.032386
0.032238
0.032914
0.031080
0.026588
0.030697
0.031595
0.033358
0.030874
0.028660
0.028936
0.028603
0.032610
0.026340
0.032898
0.022861
0.034577
0.032556
0.034442
0.025676
0.026796
0.028947
0.021229
0.023704
0.023780
0.021160
0.026283
0.024012
0.034370
0.030674
0.026577
0.032287
0.024470
0.021400
0.021314
0.023577
0.032070
0.028986
0.024019
0.024581
0.032523
0.025560
0.021672
0.027220
0.032899
0.024196
0.035797
0.027197
0.026163
0.026740
0.026513
0.032255
0.022527
0.024284
0.028536
0.026828
0.029940
0.027314
0.032104
0.026918
0.032185
0.029419
0.029061
0.031340
0.030328
0.021904
0.028437
0.027040
0.026135
0.031761
0.020852
0.031182
0.028547
0.032171
0.023485
0.023813
0.023653
0.031702
0.026584
0.031846
0.030693
0.030330
0.034712
0.026645
0.026058
0.026771
0.029687
0.027514
0.031563
0.031320
0.021807
0.032016
0.031070
0.030505
0.029929
0.029548
0.031975
0.030626
0.032486
0.025347
0.032974
0.030622
0.031922
0.032479
0.034081
0.021162
0.031661
0.031941
0.029137
0.031821
0.033176
0.021646
0.026001
0.021232
0.021255
0.032101
0.033843
0.027806
0.033687
0.029495
0.025139
0.032179
0.025973
0.031061
0.032970
0.032067
0.026941
0.021228
0.031200
0.025591
0.030576
0.033300
0.032432
0.032742
0.030357
0.023045
0.025857
0.031414
0.021168
0.032469
0.024622
0.030656
0.025795
0.024851
0.023425
0.021338
0.031401
0.032316
0.026200
0.033761
0.031714
0.032166
0.030276
0.033665
0.032005
0.032757
0.032789
0.026908
0.029431
0.032704
0.033219
0.024322
0.033395
0.032560
0.031977
0.032544
0.032616
0.026068
0.033810
0.032915
0.030473
0.028353
0.027834
0.025629
0.029440
0.023160
0.030694
0.034784
0.021077
0.027967
0.024570
0.025168
0.030987
0.025744
0.023649
0.025134
0.033616
0.021403
0.032114
0.031476
0.031851
0.032188
0.031885
0.032259
0.033957
0.029958
0.030608
0.021078
0.032757
0.031025
0.032722
0.028327
0.027193
0.023336
0.031272
0.031704
0.024828
0.025515
0.032558
0.021030
0.030709
0.033027
0.032401
0.023878
0.032581
0.020729
0.030889
0.021028
0.021230
0.024997
0.027684
0.025538
0.029401
0.028702
0.027300
0.021889
0.026120
0.032342
0.032769
0.030853
0.026559
0.028575
0.030824
0.029692
0.023652
0.035255
0.027668
0.022594
0.026820
0.031325
0.032957
0.032626
0.029891
0.032578
0.032818
0.031606
0.032902
0.025686
0.021704
0.026459
0.025493
0.034109
0.032759
0.027879
0.031745
0.030990
0.032968
0.026969
0.029275
0.030165
0.024895
0.025266
0.031497
0.026128
0.026343
0.026759
0.031701
0.026539
0.029564
0.029952
0.033085
0.023900
0.031758
0.031635
0.025867
0.033018
0.025863
0.033118
0.028343
0.024971
0.030524
0.031924
0.021192
0.025239
0.025602
0.033069
0.033401
0.034079
0.028291
0.031352
0.021518
0.031155
0.031823
0.031753
0.031625
0.030666
0.031026
0.027599
0.030812
0.021955
0.031989
0.033620
0.031940
0.030317
0.031909
0.030901
0.026104
0.021450
0.033886
0.030472
0.024823
0.024738
0.021267
0.030450
0.032133
0.030633
0.023864
0.030379
0.030226
0.029783
0.031750
0.029971
0.032643
0.031975
0.023365
0.032981
0.021487
0.031351
0.032097
0.031242
0.032191
0.032155
0.032121
0.032125
0.029641
0.030309
0.022293
0.030343
0.031517
0.021461
0.028430
0.024235
0.027004
0.031937
0.021796
0.030110
0.024828
0.025806
0.033375
0.023836
0.026965
0.021822
0.030629
0.033177
0.033558
0.029058
0.032123
0.027780
0.027123
0.025663
0.032415
0.031876
0.031659
0.030666
0.027107
0.028634
0.030492
0.030962
0.021808
0.022570
0.031513
0.025697
0.033866
0.031168
0.027482
0.023191
0.032915
0.021929
0.022155
0.022001
0.030506
0.028811
0.030154
0.021929
0.032079
0.030559
0.022396
0.026936
0.027693
0.030190
0.026374
0.030722
0.025512
0.030227
0.031105
0.032662
0.021468
0.025360
0.030900
0.031124
0.030782
0.028807
0.028920
0.033403
0.027911
0.031428
0.031927
0.030713
0.026609
0.032744
0.032821
0.028500
0.022067
0.031187
0.033169
0.035384
0.021355
0.025394
0.034114
0.032030
0.029251
0.031713
0.031898
0.025696
0.029479
0.026443
0.027952
0.026243
0.031651
0.023338
0.024504
0.027246
0.033686
0.031945
0.031730
0.032536
0.029938
0.032410
0.030788
0.028602
0.034060
0.030976
0.030268
0.025625
0.023559
0.025757
0.031640
0.033591
0.031549
0.033021
0.030322
0.023526
0.030481
0.034885
0.030487
0.032202
0.020868
0.030376
0.030067
0.025552
0.027541
0.033711
0.025502
0.031722
0.022090
0.023588
0.031012
0.022437
0.031683
0.026203
0.025132
0.032863
0.030047
0.021692
0.022444
0.032686
0.032029
0.024330
0.026530
0.035046
0.028577
0.024252
0.021645
0.032655
0.021505
0.031110
0.032779
0.033222
0.032137
0.025971
0.021323
0.029602
0.033674
0.025928
0.029840
0.031973
0.028627
0.032327
0.027994
0.026383
0.031698
0.034047
0.021981
0.026487
0.027514
0.031352
0.024844
0.031836
0.030339
0.033114
0.032362
0.030240
0.025909
0.031220
0.026225
0.030983
0.028528
0.031202
0.027540
0.031126
0.031671
0.023834
0.032175
0.032387
0.029175
0.032554
0.021722
0.021657
0.033201
0.031771
0.031720
0.031906
0.032280
0.028533
0.031731
0.022194
0.032677
0.024165
0.027655
0.024407
0.032544
0.031160
0.024156
0.031187
0.032261
0.034506
0.029138
0.031641
0.027721
0.029510
0.032228
0.028804
0.025890
0.028538
0.034188
0.028051
0.034532
0.032533
0.033014
0.033199
0.031856
0.032892
0.032189
0.028431
0.031711
0.035923
0.034987
0.032620
0.031697
0.029442
0.031486
0.029417
0.029492
0.026938
0.030388
0.021133
0.028422
0.021200
0.021974
0.031747
0.031610
0.031569
0.029680
0.030182
0.031372
0.030875
0.032007
0.024152
0.035070
0.033785
0.034868
0.026287
0.032178
0.024045
0.032436
0.025715
0.033341
0.021629
0.021423
0.032078
0.032770
0.030671
0.032112
0.032522
0.029199
0.030579
0.029394
0.031101
0.032957
0.034337
0.032074
0.030628
0.031117
0.032177
0.027637
0.027020
0.025989
0.026194
0.030516
0.031690
0.023471
0.032652
0.021234
0.031686
0.032547
0.031783
0.033635
0.028703
0.032037
0.025981
0.028352
0.027925
0.032055
0.031516
0.023477
0.028658
0.021180
0.031461
0.021070
0.031721
0.032717
0.022432
0.032641
0.025105
0.026987
0.030911
0.032204
0.032624
0.031491
0.026808
0.033167
0.032339
0.031804
0.029309
0.031026
0.030187
0.031752
0.025818
0.033492
0.021134
0.032163
0.030095
0.031603
0.031719
0.032248
0.032156
0.024825
0.024173
0.031333
0.026090
0.031176
0.032373
0.028981
0.031133
0.033176
0.022373
0.032067
0.031977
0.029417
0.031750
0.030497
0.029878
0.025181
0.023811
0.030462
0.029444
0.020619
0.021181
0.026494
0.023545
0.026039
0.031723
0.031669
0.025731
0.031989
0.029735
0.025522
0.023034
0.030333
0.032383
0.032158
0.032377
0.031697
0.033609
0.029908
0.031158
0.023812
0.032761
0.032442
