0.024973
0.024360
0.026024
0.026013
0.025831
0.030433
0.025191
0.030828
0.026096
0.025274
0.025921
0.025975
0.030564
0.022547
0.020247
0.027103
0.025005
0.026365
0.026103
0.026040
0.025596
0.030737
0.026850
0.024997
0.026231
0.026264
0.024768
0.025611
0.025106
0.031393
0.025091
0.023552
0.024260
0.025468
0.025813
0.024368
0.032162
0.025933
0.025673
0.022578
0.024964
0.022544
0.024077
0.025390
0.025506
0.022502
0.024281
0.029124
0.025348
0.026290
0.025759
0.024070
0.022715
0.030816
0.024870
0.025108
0.023196
0.024933
0.023788
0.027952
0.025083
0.023512
0.032410
0.023679
0.024644
0.024938
0.022749
0.022772
0.025877
0.022642
0.023503
0.022688
0.025748
0.033032
0.024413
0.023293
0.026039
0.025807
0.024851
0.023671
0.025828
0.025186
0.025999
0.025604
0.022900
0.025706
0.032786
0.024284
0.032026
0.022653
0.025249
0.023405
0.025195
0.024934
0.026226
0.023365
0.025885
0.025247
0.022615
0.025048
0.024842
0.024979
0.022571
0.025309
0.024016
0.026360
0.025391
0.024420
0.025600
0.025633
0.025248
0.024961
0.022688
0.024799
0.022648
0.025405
0.026022
0.026154
0.022394
0.023419
0.022157
0.025689
0.022398
0.025544
0.024761
0.025025
0.033208
0.025512
0.025346
0.026988
0.022952
0.031530
0.025780
0.022411
0.022520
0.022844
0.025116
0.025525
0.022542
0.022803
0.025400
0.024884
0.025637
0.025892
0.026685
0.024637
0.022892
0.025686
0.024378
0.023328
0.024570
0.029702
0.025883
0.025425
0.020715
0.023053
0.022450
0.021623
0.021714
0.021536
0.021526
0.021973
0.026323
0.025766
0.025478
0.027227
0.027046
0.026898
0.026124
0.027189
0.025399
0.024086
0.022662
0.025962
0.026359
0.025078
0.026519
0.025170
0.025307
0.025728
0.025254
0.026348
0.026583
0.024906
0.024902
0.026373
0.031645
0.031143
0.025522
0.022819
0.023484
0.025786
0.026125
0.023604
0.025457
0.025616
0.031602
0.025146
0.025881
0.022404
0.030828
0.022995
0.025957
0.024898
0.026179
0.022551
0.021332
0.021577
0.033383
0.022257
0.025007
0.022505
0.026795
0.024680
0.026717
0.024852
0.025450
0.024713
0.025819
0.024356
0.025515
0.023205
0.026686
0.025784
0.030724
0.022926
0.022629
0.025459
0.025279
0.025863
0.025731
0.026382
0.022877
0.028572
0.025158
0.024791
0.026349
0.024862
0.025201
0.026453
0.024898
0.024691
0.022238
0.028826
0.025128
0.024111
0.022458
0.026965
0.027089
0.026121
0.024515
0.026719
0.024636
0.022695
0.025557
0.030455
0.026782
0.027290
0.026104
0.031988
0.022510
0.026294
0.026277
0.025501
0.026876
0.032339
0.023983
0.025888
0.024706
0.024584
0.027632
0.030863
0.025998
0.026320
0.026121
0.026694
0.022593
0.023906
0.025754
0.024366
0.024975
0.020564
0.025944
0.033681
0.022504
0.025377
0.025397
0.025850
0.024963
0.023393
0.025034
0.025714
0.025984
0.025277
0.025099
0.030564
0.025483
0.025729
0.025913
0.024940
0.024565
0.024300
0.024198
0.025217
0.030788
0.022787
0.025164
0.026797
0.025884
0.026718
0.022630
0.030760
0.024707
0.030931
0.033038
0.025434
0.031197
0.027300
0.022573
0.027751
0.026690
0.022495
0.026063
0.024857
0.025645
0.031382
0.026015
0.026057
0.022429
0.025084
0.024254
0.025130
0.022535
0.022646
0.023347
0.025632
0.029049
0.020486
0.020376
0.029870
0.022657
0.022748
0.025214
0.027456
0.023730
0.024522
0.023546
0.025380
0.022860
0.032887
0.022501
0.025897
0.024686
0.024578
0.025735
0.026313
0.025282
0.024523
0.030318
0.023703
0.026020
0.024759
0.026240
0.024799
0.024902
0.028826
0.024392
0.030421
0.025823
0.023334
0.025176
0.024991
0.025144
0.021053
0.023528
0.024445
0.030393
0.024577
0.023615
0.024820
0.025129
0.024378
0.025704
0.032957
0.025097
0.025113
0.025038
0.026069
0.025534
0.026102
0.023614
0.026298
0.024911
0.025611
0.024987
0.026412
0.024497
0.025854
0.025957
0.024971
0.025644
0.025348
0.026744
0.026836
0.024130
0.025335
0.025906
0.025243
0.031667
0.026887
0.033110
0.024265
0.025907
0.023777
0.025816
0.026582
0.025514
0.028964
0.033234
0.025584
0.022675
0.025542
0.026542
0.026395
0.025664
0.025624
0.024881
0.023636
0.025634
0.022524
0.025876
0.022362
0.024878
0.023765
0.030178
0.031670
0.026272
0.032990
0.026044
0.030921
0.026790
0.025997
0.024838
0.025267
0.027195
0.025280
0.025354
0.027817
0.026779
0.024816
0.024905
0.026268
0.030216
0.026378
0.026187
0.025827
0.025613
0.025662
0.031039
0.026103
0.025692
0.024955
0.022544
0.030804
0.023194
0.025327
0.026130
0.025937
0.027168
0.025636
0.027170
0.023702
0.030597
0.025115
0.032595
0.022950
0.022498
0.024970
0.026409
0.026269
0.025911
0.025936
0.025970
0.025505
0.026560
0.027181
0.031996
0.025462
0.023843
0.025939
0.025354
0.025993
0.027108
0.031245
0.022437
0.026274
0.025940
0.022951
0.025118
0.025810
0.031604
0.025074
0.025623
0.026031
0.030295
0.025081
0.023719
0.025721
0.031779
0.031285
0.022571
0.024370
0.022445
0.022440
0.031340
0.030723
0.024413
0.024725
0.025424
0.025213
0.032589
0.023568
0.024364
0.026021
0.024965
0.023702
0.025944
0.023330
0.027507
0.030100
0.024369
0.025246
0.025154
0.023668
0.025101
0.025217
0.025648
0.025126
0.022583
0.025947
0.030620
0.030737
0.026792
0.025041
0.024066
0.025627
0.024916
0.026196
0.023075
0.024942
0.025495
0.022665
0.024361
0.025522
0.022861
0.030620
0.021662
0.025457
0.022435
0.024367
0.024585
0.025525
0.025261
0.025823
0.025355
0.030661
0.025255
0.030671
0.026384
0.027098
0.022831
0.025137
0.025944
0.025147
0.022877
0.022866
0.025330
0.025425
0.026815
0.024669
0.025571
0.027013
0.024908
0.025408
0.025208
0.025177
0.024691
0.025118
0.023503
0.026682
0.028706
0.026084
0.026188
0.025916
0.025321
0.025536
0.026276
0.023761
0.025423
0.026794
0.025393
0.030333
0.030536
0.024304
0.025770
0.026012
0.025522
0.028488
0.025464
0.025566
0.024873
0.025987
0.025295
0.025545
0.025102
0.023762
0.024847
0.022639
0.025363
0.025070
0.025205
0.025475
0.025861
0.025923
0.025981
0.024444
0.032653
0.025847
0.025493
0.026608
0.025563
0.024699
0.022879
0.031021
0.025647
0.024523
0.024699
0.022795
0.030795
0.024043
0.024805
0.023450
0.025364
0.025201
0.026062
0.026157
0.024106
0.026752
0.033767
0.024974
0.022955
0.025991
0.026135
0.026244
0.025201
0.022263
0.025687
0.023716
0.025660
0.024533
0.024779
0.025289
0.030440
0.025449
0.024637
0.024090
0.025865
0.026085
0.023993
0.028500
0.025821
0.025617
0.025047
0.025683
0.025227
0.023086
0.026086
0.029091
0.022757
0.024970
0.022470
0.024560
0.026575
0.023616
0.025721
0.025857
0.026661
0.025708
0.022774
0.025770
0.025979
0.025426
0.024969
0.025570
0.025320
0.023809
0.025823
0.025374
0.024590
0.022568
0.025625
0.025387
0.031291
0.025054
0.025955
0.025379
0.026201
0.031253
0.022692
0.026385
0.025980
0.025516
0.024918
0.027232
0.025549
0.029191
0.025860
0.026349
0.023915
0.025552
0.025405
0.032397
0.025789
0.025284
0.026047
0.026201
0.026381
0.025316
0.026095
0.026905
0.023590
0.023572
0.025591
0.025381
0.022480
0.023075
0.024042
0.025742
0.025123
0.022413
0.025513
0.027024
0.029393
0.025939
0.024354
0.023288
0.024982
0.025372
0.024810
0.028412
0.029978
0.027346
0.025601
0.022837
0.028272
0.025625
0.020713
0.025327
0.027157
0.025216
0.030541
0.022744
0.025629
0.023951
0.025473
0.025377
0.026228
0.025689
0.030074
0.023400
0.026865
0.023659
0.025523
0.024149
0.025793
0.027356
0.025345
0.024841
0.025941
0.025764
0.023295
0.026072
0.025754
0.025595
0.023447
0.024322
0.025545
0.031424
0.025572
0.023474
0.023086
0.025475
0.026021
0.031078
0.024609
0.021253
0.025489
0.022454
0.025603
0.025201
0.024781
0.024943
0.025059
0.024109
0.025628
0.031246
0.025424
0.024282
0.025343
0.022425
0.025954
0.025723
0.022497
0.025413
0.025383
0.025534
0.025560
0.024815
0.024833
0.025888
0.025412
0.025364
0.025506
0.025486
0.022807
0.024879
0.022606
0.025322
0.022636
0.022580
0.024335
0.025527
0.024985
0.023353
0.024823
0.025334
0.026980
0.023807
0.024349
0.030717
0.024460
0.025161
0.024154
0.022759
0.031235
0.026615
0.030955
0.026839
0.025011
0.026021
0.025040
0.025713
0.025499
0.025544
0.022665
0.026554
0.020787
0.026045
0.025130
0.024887
0.024007
0.025054
0.024392
0.022454
0.022646
0.025549
0.025031
0.026723
0.025541
0.031259
0.024968
0.025828
0.025890
0.020574
0.025016
0.025594
0.025121
0.026290
0.022305
0.026258
0.025258
0.026801
0.024040
0.025995
0.025075
0.026153
0.023259
0.026694
0.026583
0.022942
0.026036
0.024693
0.026120
0.025090
0.024874
0.024577
0.024983
0.024926
0.025539
0.023128
0.026245
0.026282
0.032486
0.025222
0.025944
0.030431
0.025026
0.024942
0.025861
0.025340
0.025474
0.022396
0.023613
0.024523
0.025643
0.025461
0.025763
0.033605
0.024532
0.033378
0.031540
0.023792
0.031677
0.025795
0.025872
0.025118
0.024335
0.026155
0.025041
0.023511
0.025600
0.025048
0.033184
0.025275
0.022496
0.030452
0.024366
0.024999
0.024993
0.025982
0.025138
0.026840
0.025569
0.024936
0.024711
0.025478
0.025663
0.025705
0.023700
0.025884
0.025238
0.033105
0.025057
0.025591
0.025497
0.025646
0.025550
0.022860
0.024177
0.025352
0.029763
0.024936
0.026186
0.031314
0.025988
0.033236
0.023020
0.025575
0.025007
0.024864
0.025272
0.025408
0.022639
0.022586
0.023499
0.026330
0.024976
0.025918
0.024388
0.023720
0.026378
0.022746
0.025966
0.025369
0.024043
0.025134
0.024919
0.022601
0.032455
0.025643
0.025358
0.025331
0.025520
0.025313
0.026182
0.032042
0.025854
0.025255
0.025858
0.025579
