0.005831
0.005122
0.005095
0.006322
0.005069
0.004894
0.005975
0.005068
0.005206
0.005365
0.004436
0.004957
0.004808
0.004852
0.005039
0.004867
0.004853
0.004632
0.004791
0.004862
0.004675
0.004743
0.004959
0.002034
0.004455
0.004747
0.004707
0.001941
0.004945
0.005026
0.005105
0.004900
0.004923
0.002517
0.004889
0.001955
0.004699
0.004673
0.004731
0.004791
0.004827
0.004667
0.004711
0.004690
0.004708
0.004630
0.001862
0.004672
0.004794
0.004847
0.002033
0.004500
0.004801
0.004073
0.003393
0.001957
0.004804
0.004820
0.004809
0.002260
0.002960
0.004235
0.004797
0.004728
0.004797
0.004943
0.001957
0.002007
0.005144
0.004913
0.004824
0.004714
0.004655
0.004613
0.004746
0.001980
0.002471
0.005117
0.005074
0.005439
0.005150
0.005107
0.005076
0.004678
0.005529
0.004642
0.005147
0.004741
0.004868
0.002462
0.004846
0.004770
0.004761
0.004785
0.004758
0.004805
0.004649
0.004691
0.004651
0.004627
0.004655
0.004582
0.001962
0.004618
0.004471
0.004617
0.004584
0.004541
0.003510
0.004649
0.004864
0.004745
0.004632
0.004821
0.005097
0.004828
0.004780
0.004947
0.005030
0.005142
0.004829
0.005125
0.004804
0.004834
0.004358
0.004628
0.004588
0.004616
0.004795
0.004706
0.004684
0.001922
0.001930
0.004715
0.004718
0.004851
0.005074
0.004702
0.004733
0.004019
0.003859
0.004665
0.002426
0.002998
0.004696
0.003754
0.004355
0.004094
0.004676
0.004721
0.004656
0.004730
0.004604
0.004590
0.004687
0.004769
0.004653
0.004602
0.004674
0.004588
0.004684
0.004659
0.004706
0.005007
0.004697
0.004671
0.004708
0.004682
0.004667
0.004757
0.004778
0.004916
0.004742
0.004725
0.004887
0.004770
0.004777
0.005010
0.004911
0.004714
0.005097
0.004786
0.003183
0.002030
0.004782
0.003201
0.002042
0.004792
0.004850
0.004814
0.004847
0.003296
0.004712
0.004907
0.004927
0.004848
0.004780
0.004774
0.004929
0.004832
0.005037
0.002690
0.001974
0.002293
0.004762
0.004818
0.004729
0.004935
0.005074
0.004805
0.003559
0.004805
0.002075
0.002083
0.004865
0.002519
0.004579
0.004895
0.004858
0.004754
0.004891
0.005663
0.004895
0.004856
0.004844
0.004898
0.004770
0.004850
0.004866
0.001858
0.002023
0.004632
0.004609
0.004631
0.004810
0.004663
0.004655
0.004412
0.004328
0.004736
0.004704
0.005040
0.004817
0.004717
0.004753
0.003122
0.004793
0.004705
0.004918
0.004859
0.005009
0.004708
0.004739
0.004598
0.004774
0.004721
0.004607
0.004757
0.004590
0.004828
0.004587
0.003117
0.004706
0.004888
0.005110
0.004719
0.005358
0.004798
0.004840
0.004949
0.005073
0.004644
0.004251
0.004930
0.005173
0.004938
0.004952
0.005086
0.004885
0.004843
0.004978
0.004841
0.004930
0.004844
0.004901
0.004090
0.004850
0.005045
0.004791
0.004599
0.004821
0.004999
0.005310
0.005087
0.004879
0.004800
0.004710
0.004822
0.004772
0.004839
0.004808
0.004806
0.004818
0.004711
0.004730
0.004724
0.004870
0.004516
0.004716
0.002563
0.002008
0.002539
0.002015
0.004662
0.004746
0.004697
0.003516
0.004623
0.004094
0.004620
0.004638
0.004680
0.002993
0.004672
0.004805
0.004840
0.004751
0.003135
0.004746
0.002061
0.004796
0.004796
0.004788
0.004713
0.004751
0.004929
0.004912
0.003425
0.005082
0.004682
0.004861
0.005014
0.004679
0.004686
0.004802
0.002001
0.004668
0.004741
0.004672
0.004658
0.004701
0.004167
0.004496
0.004285
0.004603
0.004612
0.004554
0.004599
0.004571
0.004732
0.004634
0.004663
0.004958
0.004622
0.002352
0.004800
0.001914
0.004632
0.002984
0.003254
0.004715
0.005092
0.004654
0.004735
0.004695
0.004038
0.002444
0.004835
0.004756
0.004789
0.004657
0.005095
0.004745
0.004754
0.004821
0.004273
0.003738
0.004752
0.004780
0.004718
0.004829
0.004759
0.003869
0.002109
0.004962
0.001978
0.003126
0.004812
0.004959
0.004782
0.004831
0.003207
0.004849
0.004598
0.004552
0.004899
0.004619
0.004639
0.004594
0.004677
0.004764
0.004804
0.004631
0.003867
0.004665
0.004840
0.004969
0.004632
0.002024
0.004903
0.004827
0.004662
0.004653
0.005061
0.004885
0.004679
0.004625
0.004213
0.004777
0.005178
0.004755
0.004765
0.003727
0.004760
0.004900
0.001879
0.003364
0.005060
0.004731
0.004769
0.004767
0.004786
0.004744
0.004775
0.004749
0.004788
0.004928
0.004807
0.004777
0.004763
0.004827
0.004571
0.004806
0.004885
0.004750
0.004939
0.004685
0.004638
0.002490
0.004737
0.004697
0.004684
0.004694
0.004874
0.004612
0.003346
0.004554
0.004502
0.004577
0.004583
0.004595
0.004688
0.004568
0.004655
0.004737
0.002589
0.004637
0.004692
0.003258
0.004638
0.004755
0.004682
0.004722
0.001932
0.004699
0.004734
0.004844
0.004709
0.004666
0.004857
0.004712
0.004659
0.004671
0.003906
0.004695
0.004253
0.002621
0.002436
0.004649
0.002706
0.004605
0.004640
0.004697
0.005045
0.004663
0.004669
0.004786
0.004569
0.004658
0.004745
0.004711
0.004656
0.004642
0.004647
0.004745
0.004901
0.004602
0.005200
0.005010
0.004879
0.004503
0.004841
0.002862
0.002222
0.004849
0.004098
0.004708
0.004709
0.003398
0.004675
0.004685
0.004712
0.004465
0.004651
0.004644
0.002701
0.004649
0.004764
0.004768
0.004674
0.004589
0.004597
0.002353
0.001900
0.004442
0.004581
0.004683
0.004469
0.004795
0.004684
0.004713
0.005370
0.004983
0.002909
0.005011
0.004910
0.004425
0.002936
0.004939
0.004950
0.005088
0.002024
0.004262
0.004749
0.004974
0.004866
0.004802
0.004810
0.004741
0.004755
0.004741
0.004940
0.005188
0.005122
0.004860
0.004860
0.004976
0.004904
0.004907
0.004948
0.005190
0.004918
0.004725
0.003367
0.004695
0.004713
0.003553
0.004948
0.004658
0.001998
0.001967
0.004874
0.004700
0.004781
0.004788
0.005018
0.004967
0.004929
0.004699
0.004696
0.004657
0.004715
0.004945
0.001966
0.004729
0.005156
0.004966
0.005229
0.004743
0.004823
0.004810
0.004895
0.004815
0.004826
0.004790
0.004834
0.004758
0.004698
0.004428
0.003639
0.004958
0.004677
0.004867
0.005144
0.004945
0.004898
0.005280
0.004893
0.005058
0.004864
0.004886
0.003208
0.005034
0.005050
0.005007
0.004905
0.004963
0.004015
0.004758
0.003778
0.004649
0.002597
0.002477
0.004561
0.003840
0.003976
0.004735
0.003022
0.002422
0.004165
0.005144
0.004977
0.004888
0.005283
0.002150
0.004967
0.004740
0.004779
0.004592
0.001909
0.004347
0.004647
0.002223
0.002583
0.004888
0.003152
0.005023
0.004950
0.004946
0.003803
0.002282
0.005013
0.005006
0.004830
0.004955
0.005052
0.004803
0.005005
0.002086
0.005088
0.002434
0.003759
0.004007
0.002523
0.001940
0.004654
0.004306
0.004771
0.002881
0.004853
0.004737
0.002803
0.004972
0.005161
0.003701
0.003332
0.005191
0.003751
0.001939
0.003977
0.004714
0.005672
0.004852
0.004720
0.004872
0.004780
0.004843
0.002278
0.002105
0.002149
0.004280
0.006733
0.005164
0.004931
0.004534
0.002008
0.004349
0.007889
0.002888
0.004974
0.004848
0.005093
0.004994
0.004880
0.004919
0.003283
0.004303
0.002224
0.004639
0.004926
0.005119
0.002894
0.003578
0.006048
0.002052
0.004430
0.002019
0.004926
0.005282
0.004596
0.004362
0.004742
0.004184
0.002243
0.003810
0.003030
0.004923
0.004422
0.004764
0.004828
0.004922
0.004604
0.004040
0.004773
0.004692
0.004662
0.005080
0.005114
0.004176
0.004974
0.004712
0.004401
0.004050
0.004887
0.004670
0.004658
0.004871
0.004882
0.004355
0.004370
0.004076
0.005127
0.004829
0.004784
0.004763
0.004714
0.004954
0.004794
0.005137
0.003916
0.004776
0.004949
0.004540
0.003417
0.004855
0.004639
0.001984
0.004193
0.004665
0.004837
0.004804
0.004733
0.004845
0.004684
0.004686
0.004552
0.004785
0.003065
0.004974
0.004005
0.005047
0.004832
0.005113
0.003441
0.004618
0.002028
0.001951
0.004717
0.004860
0.004779
0.004773
0.005180
0.004723
0.004769
0.004776
0.004638
0.004652
0.004565
0.004695
0.004755
0.004667
0.005151
0.004942
0.005009
0.004947
0.004943
0.004972
0.005099
0.004161
0.002333
0.004746
0.004773
0.004989
0.004892
0.004799
0.005189
0.004721
0.005548
0.004769
0.004968
0.004754
0.003425
0.003899
0.004957
0.004824
0.004824
0.004877
0.004895
0.002783
0.005050
0.004401
0.002096
0.004846
0.005057
0.001969
0.002890
0.004811
0.004763
0.004954
0.004330
0.004813
0.004723
0.002089
0.004684
0.003769
0.004792
0.004646
0.004895
0.004832
0.004615
0.004772
0.004594
0.003960
0.004860
0.002999
0.002563
0.004807
0.004769
0.004919
0.004783
0.004980
0.004831
0.004814
0.003262
0.004787
0.004204
0.004866
0.005561
0.005440
0.005251
0.005414
0.004796
0.004793
0.003698
0.004821
0.004752
0.004358
0.004834
0.004802
0.005745
0.002035
0.002088
0.004726
0.004809
0.003608
0.004776
0.004636
0.004954
0.004802
0.004854
0.004833
0.005038
0.002854
0.004832
0.004953
0.004884
0.004736
0.005100
0.002686
0.004835
0.004855
0.004843
0.004748
0.005066
0.004940
0.005497
0.004825
0.002614
0.005385
0.004708
0.004879
0.003978
0.004084
0.004767
0.002964
0.005097
0.004655
0.001963
0.002009
0.004791
0.004794
0.004699
0.004612
0.004761
0.004724
0.004667
0.004848
0.004757
0.005376
0.004669
0.004662
0.005155
0.004557
0.004818
0.004784
0.002602
0.004622
0.002909
0.004804
0.004695
0.004755
0.004635
0.004201
0.004351
0.004642
0.003692
0.004625
0.004800
0.004668
0.004699
0.004874
0.002341
0.004723
0.004882
0.005224
0.002214
0.004721
0.004700
0.003829
0.004649
0.004788
0.004926
0.004771
0.004659
0.001997
0.005225
0.003065
0.004912
0.005082
0.004891
0.003801
0.005479
0.004964
0.005605
0.004950
0.004928
0.004618
0.004677
0.004807
0.004658
