1.7310000000000038e-6
0.0003402070000000008
9.117000000000013e-6
5.423557409576768e-8
5.593287894742538e-6
2.5538689564358296e-7
1.92510000000001e-5
0.0003575320000000005
3.1721999999999985e-5
4.932213126612271e-7
5.528807793694734e-6
5.168345789340937e-7
0.00026000600000000007
0.0006542519999999993
0.0003683759999999998
6.429542041768352e-6
1.2080212478161025e-5
7.52500712479584e-6
0.0032673299999999993
0.0044459780000000015
0.003478506000000001
7.41467834899256e-5
5.454148295955501e-5
6.84827515738023e-5
0.025121324000000007
0.028760689000000002
0.02563690400000001
0.00020355943955889023
0.00025008516675674257
0.00014985138470041784
