0.001413
0.000967
0.000974
0.000359
0.000599
0.000756
0.000742
0.000839
0.000397
0.000575
0.000808
0.000532
0.000900
0.000795
0.000892
0.000485
0.000330
0.000325
0.000577
0.000579
0.000359
0.000575
0.000621
0.000729
0.000870
0.001724
0.000397
0.000337
0.000815
0.000328
0.000362
0.000315
0.000331
0.000325
0.000541
0.000557
0.000559
0.000438
0.000507
0.000385
0.001183
0.000482
0.000363
0.000334
0.000356
0.000359
0.000646
0.000323
0.000961
0.000600
0.000370
0.000317
0.001282
0.000323
0.000454
0.000774
0.000323
0.000314
0.000694
0.000326
0.000552
0.001595
0.000543
0.000361
0.000831
0.001016
0.000900
0.000354
0.000365
0.001315
0.000752
0.000527
0.000788
0.000826
0.000843
0.000775
0.000429
0.000375
0.000483
0.000362
0.000505
0.000310
0.000891
0.000734
0.000734
0.000532
0.000452
0.000388
0.000509
0.000871
0.000523
0.000357
0.001198
0.001069
0.000442
0.000812
0.000306
0.000410
0.000681
0.000653
0.000546
0.000401
0.000322
0.000515
0.000388
0.000902
0.001000
0.000979
0.000390
0.000478
0.000631
0.000557
0.000689
0.000445
0.000342
0.000343
0.000979
0.000521
0.000447
0.000557
0.000503
0.000522
0.000590
0.000971
0.000586
0.000352
0.000651
0.000692
0.000500
0.000512
0.000635
0.000870
0.000898
0.000612
0.001117
0.001110
0.000416
0.000336
0.000946
0.001213
0.000310
0.000440
0.000541
0.000332
0.000343
0.000345
0.000394
0.000554
0.000443
0.000339
0.000339
0.000560
0.000507
0.000327
0.000834
0.000331
0.000361
0.000364
0.000721
0.000686
0.000641
0.000607
0.000505
0.000381
0.000374
0.000642
0.000678
0.000351
0.000424
0.000393
0.000425
0.000344
0.000327
0.000315
0.000422
0.000361
0.000307
0.000523
0.000381
0.000321
0.000311
0.000312
0.000310
0.000824
0.000366
0.000517
0.000547
0.000344
0.000324
0.000340
0.000499
0.000941
0.000927
0.000807
0.000781
0.000886
0.000586
0.000540
0.000520
0.000608
0.000777
0.000845
0.000783
0.001044
0.000874
0.000862
0.000760
0.002220
0.000303
0.001128
0.000518
0.000588
0.000329
0.000561
0.000336
0.000356
0.000730
0.000298
0.001283
0.001084
0.000834
0.000581
0.000394
0.000717
0.000365
0.000938
0.000891
0.000841
0.000922
0.000916
0.000939
0.000900
0.000332
0.000361
0.000357
0.000527
0.000987
0.000322
0.000983
0.000786
0.001358
0.000853
0.000498
0.000390
0.000496
0.000597
0.000504
0.000358
0.000427
0.000371
0.000952
0.000332
0.000341
0.000509
0.000378
0.000936
0.000487
0.000549
0.000386
0.000335
0.000352
0.000721
0.000346
0.000551
0.000802
0.000708
0.000315
0.000503
0.000341
0.000371
0.000377
0.000873
0.000402
0.000619
0.000409
0.000391
0.000590
0.000463
0.000557
0.000611
0.000478
0.000430
0.000363
0.000322
0.000525
0.000614
0.000602
0.000333
0.000523
0.000400
0.000392
0.000306
0.000592
0.000891
0.000344
0.000337
0.000362
0.000357
0.000813
0.000818
0.000684
0.000805
0.000930
0.000517
0.000726
0.000644
0.000352
0.000712
0.000365
0.000439
0.000951
0.000975
0.001044
0.000573
0.001033
0.000606
0.000412
0.000579
0.000330
0.000644
0.000455
0.000428
0.000343
0.000352
0.000651
0.000376
0.000555
0.000344
0.000391
0.000757
0.000403
0.000438
0.000842
0.000443
0.000420
0.000369
0.000597
0.000382
0.000385
0.000345
0.000339
0.000532
0.000529
0.000426
0.000555
0.000460
0.000347
0.000349
0.000413
0.000337
0.000609
0.000332
0.000738
0.000349
0.000340
0.000713
0.000600
0.000886
0.000671
0.000473
0.000421
0.001021
0.000569
0.000453
0.000414
0.000427
0.000589
0.000821
0.000315
0.000515
0.000904
0.000415
0.000341
0.000334
0.000332
0.000669
0.000317
0.000367
0.000884
0.000982
0.000869
0.000908
0.000822
0.000358
0.001071
0.000836
0.000939
0.001325
0.000568
0.000483
0.000781
0.000624
0.000402
0.000462
0.000693
0.000631
0.000370
0.001063
0.000993
0.001112
0.000405
0.000741
0.000511
0.000611
0.000683
0.000368
0.000448
0.000340
0.000357
0.000562
0.000667
0.000333
0.000463
0.000492
0.000385
0.000437
0.000466
0.000786
0.000826
0.000895
0.000781
0.000901
0.000914
0.000881
0.000328
0.000332
0.000379
0.000811
0.000845
0.001204
0.000460
0.000325
0.000480
0.000336
0.000346
0.000320
0.000544
0.000558
0.000934
0.000838
0.000807
0.000403
0.000624
0.000607
0.000430
0.000511
0.000377
0.000714
0.000855
0.000312
0.000796
0.000341
0.000656
0.000836
0.000334
0.000555
0.000597
0.000514
0.000367
0.000355
0.000393
0.000596
0.000781
0.000580
0.000776
0.001396
0.000782
0.000792
0.000780
0.000333
0.000926
0.000665
0.000731
0.000515
0.001010
0.000455
0.000738
0.000817
0.001463
0.000534
0.000887
0.000585
0.000356
0.000349
0.001124
0.000334
0.000337
0.000823
0.000346
0.000344
0.000582
0.000503
0.000672
0.001002
0.000352
0.000885
0.000335
0.000472
0.000461
0.000423
0.000343
0.000366
0.000601
0.000655
0.000963
0.000887
0.001706
0.000692
0.000347
0.000372
0.000323
0.000399
0.000416
0.000675
0.000381
0.000588
0.000448
0.000444
0.000492
0.000632
0.000515
0.000328
0.000448
0.000982
0.000797
0.000771
0.000949
0.000818
0.000418
0.000356
0.000424
0.000894
0.000831
0.000850
0.000396
0.000660
0.000905
0.000835
0.000499
0.000532
0.000347
0.000325
0.000551
0.000420
0.000522
0.001141
0.000701
0.000741
0.000798
0.000868
0.000703
0.000532
0.000386
0.001016
0.000722
0.000816
0.000899
0.000782
0.000487
0.000363
0.000421
0.000323
0.000318
0.000329
0.000422
0.000565
0.000329
0.000485
0.000345
0.000416
0.000446
0.000444
0.000389
0.000324
0.000396
0.000375
0.000399
0.000332
0.000355
0.000629
0.000780
0.000870
0.000805
0.000944
0.000393
0.000752
0.000482
0.000677
0.000565
0.000334
0.000595
0.000677
0.000799
0.001146
0.001187
0.000866
0.000801
0.000476
0.000551
0.000752
0.000399
0.000327
0.000384
0.000351
0.000582
0.000843
0.000907
0.000973
0.000888
0.000472
0.000337
0.000438
0.000425
0.000329
0.000469
0.000345
0.000358
0.000414
0.000663
0.000467
0.000422
0.000389
0.000369
0.001237
0.000422
0.000559
0.000392
0.000584
0.000569
0.000793
0.000363
0.000386
0.000412
0.000522
0.000369
0.000800
0.000651
0.000496
0.000699
0.000809
0.000910
0.000730
0.000603
0.000600
0.000476
0.000359
0.000313
0.000350
0.000591
0.000339
0.000532
0.000578
0.000925
0.000310
0.000320
0.000363
0.000404
0.000929
0.000493
0.000635
0.000561
0.000346
0.000344
0.000356
0.000324
0.000905
0.000756
0.001009
0.000798
0.001020
0.001225
0.001019
0.000845
0.000499
0.000464
0.000833
0.000713
0.000681
0.000739
0.000780
0.000701
0.000833
0.000914
0.000443
0.000485
0.000448
0.000451
0.000393
0.000339
0.000340
0.000426
0.000348
0.000503
0.000879
0.000431
0.000546
0.000876
0.000432
0.001030
0.000522
0.000384
0.000430
0.000389
0.000551
0.000423
0.000719
0.000598
0.000460
0.000455
0.000935
0.000968
0.000474
0.000389
0.000434
0.000649
0.000856
0.000912
0.000830
0.000900
0.000322
0.000331
0.001370
0.000639
0.000550
0.000383
0.000373
0.000318
0.000640
0.000862
0.000833
0.000855
0.000829
0.000324
0.000515
0.000680
0.000754
0.000338
0.001013
0.000537
0.000395
0.000370
0.000432
0.000363
0.000322
0.000325
0.000577
0.000406
0.001242
0.000849
0.000536
0.000903
0.000400
0.000497
0.000382
0.000353
0.000462
0.000349
0.000357
0.000381
0.000397
0.000645
0.000389
0.000987
0.000905
0.000823
0.000423
0.000324
0.000619
0.000956
0.000598
0.000789
0.000340
0.000319
0.000442
0.000481
0.000381
0.000360
0.000809
0.000569
0.000492
0.000815
0.000521
0.000726
0.001126
0.000889
0.001183
0.000388
0.000496
0.000555
0.000547
0.000388
0.000707
0.000401
0.000384
0.000533
0.000556
0.000632
0.000481
0.000376
0.000362
0.000471
0.000469
0.001152
0.000547
0.000543
0.000623
0.001253
0.000927
0.000901
0.000778
0.000683
0.000688
0.000603
0.000779
0.000648
0.000664
0.000357
0.000503
0.000322
0.000345
0.000348
0.000708
0.000441
0.000843
0.000338
0.000900
0.000438
0.000482
0.000564
0.000382
0.000579
0.000358
0.000626
0.000439
0.000371
0.000367
0.000796
0.000629
0.000618
0.000436
0.000524
0.000871
0.000935
0.000764
0.000884
0.000946
0.000436
0.000352
0.000530
0.001093
0.000888
0.001340
0.000459
0.000388
0.000638
0.000619
0.001798
0.001023
0.000350
0.000449
0.000641
0.000366
0.000306
0.000368
0.000659
0.000519
0.000791
0.000897
0.000883
0.000947
0.000939
0.000528
0.000353
0.000348
0.000346
0.000524
0.000345
0.000372
0.000348
0.000327
0.000345
0.000334
0.000354
0.000360
0.000329
0.001069
0.000478
0.000380
0.000575
0.000355
0.000349
0.000324
0.000546
0.000385
0.000335
0.001430
0.000615
0.000798
0.000921
0.001167
0.000889
0.002831
0.000610
0.001166
0.000428
0.000601
0.000336
0.000564
0.000336
0.000333
0.000469
0.000622
0.000464
0.000405
0.000381
0.000345
0.000539
0.001026
0.000499
0.000339
0.000438
0.000379
0.000366
0.000356
0.000774
0.000729
0.000327
0.000595
0.000661
0.000925
0.000839
0.001240
0.000966
0.000961
0.000367
0.000473
0.000391
0.000659
0.000829
0.001280
0.000548
0.000375
0.005240
0.003042
0.000455
0.000337
0.000353
0.000875
0.000916
0.000439
0.000591
0.001157
0.001170
0.000774
0.001264
0.000879
0.000405
0.000654
0.000880
0.000334
0.000813
0.000799
0.001309
0.000994
0.000504
0.000365
0.005534
0.000793
0.001246
0.001000
0.000975
0.001061
0.001334
0.000664
0.000564
0.000414
0.000930
0.000643
0.000317
0.000327
0.000344
0.000737
0.000626
0.002126
0.000878
0.000610
0.000345
0.000631
0.000415
0.000393
0.000441
0.000422
0.000462
0.000421
0.000605
0.000556
0.000389
0.000491
0.001102
0.000470
