0.000474
0.001099
0.000456
0.000197
0.000195
0.000187
0.000319
0.000460
0.000201
0.000192
0.000486
0.000226
0.000440
0.000451
0.000295
0.000246
0.000196
0.000194
0.000277
0.000460
0.000191
0.000449
0.000194
0.000244
0.000361
0.000416
0.000197
0.000197
0.000476
0.000199
0.000188
0.000195
0.000194
0.000184
0.000192
0.000221
0.000183
0.000291
0.000289
0.000198
0.000232
0.000188
0.000184
0.000191
0.000196
0.000221
0.000222
0.000196
0.000214
0.000195
0.000180
0.000183
0.000487
0.000193
0.000284
0.000446
0.000193
0.000185
0.000185
0.000197
0.000225
0.000251
0.000201
0.000195
0.000315
0.000458
0.000461
0.000195
0.000184
0.000257
0.000463
0.000271
0.000443
0.000478
0.000449
0.000197
0.000185
0.000191
0.000239
0.000181
0.000198
0.000185
0.000347
0.000463
0.000234
0.000197
0.000439
0.000200
0.000196
0.000458
0.000457
0.000194
0.000531
0.000488
0.000236
0.000439
0.000241
0.000196
0.000422
0.000267
0.000266
0.000182
0.000198
0.000199
0.000186
0.000446
0.000439
0.000473
0.000234
0.000253
0.000250
0.000197
0.000205
0.000243
0.000194
0.000192
0.000214
0.000189
0.000192
0.000194
0.000188
0.000442
0.000197
0.000213
0.000192
0.000189
0.000441
0.000216
0.000185
0.000255
0.000315
0.000411
0.000453
0.000501
0.000430
0.000453
0.000193
0.000186
0.000446
0.000453
0.000192
0.000308
0.000226
0.000195
0.000178
0.000181
0.000193
0.000190
0.000192
0.000189
0.000187
0.000200
0.000185
0.000181
0.000459
0.000195
0.000180
0.000186
0.000337
0.000465
0.000448
0.000232
0.000193
0.000198
0.000218
0.000276
0.000288
0.000195
0.000212
0.000211
0.000197
0.000181
0.000185
0.000201
0.000192
0.000189
0.000191
0.000227
0.000223
0.000203
0.000188
0.000198
0.000186
0.000211
0.000198
0.000197
0.000191
0.000182
0.000197
0.000194
0.000288
0.000416
0.000446
0.000458
0.000497
0.000450
0.000197
0.000182
0.000454
0.000186
0.000442
0.000458
0.000443
0.000556
0.000445
0.000441
0.000436
0.000265
0.000194
0.000453
0.000454
0.000192
0.000185
0.000194
0.000187
0.000183
0.000325
0.000192
0.000570
0.000460
0.000213
0.000223
0.000200
0.000357
0.000195
0.000455
0.000459
0.000430
0.000446
0.000266
0.000446
0.000446
0.000193
0.000198
0.000190
0.000263
0.000270
0.000197
0.000449
0.000442
0.000573
0.000262
0.000231
0.000197
0.000199
0.000197
0.000193
0.000188
0.000192
0.000186
0.000197
0.000189
0.000194
0.000242
0.000190
0.000211
0.000201
0.000197
0.000190
0.000206
0.000196
0.000454
0.000201
0.000193
0.000289
0.000449
0.000195
0.000197
0.000198
0.000192
0.000227
0.000192
0.000190
0.000194
0.000191
0.000187
0.000196
0.000176
0.000188
0.000184
0.000217
0.000215
0.000195
0.000191
0.000192
0.000281
0.000198
0.000183
0.000262
0.000195
0.000193
0.000194
0.000224
0.000434
0.000194
0.000182
0.000197
0.000180
0.000375
0.000388
0.000387
0.000439
0.000454
0.000466
0.000201
0.000197
0.000199
0.000535
0.000190
0.000219
0.000447
0.000463
0.000446
0.000195
0.000437
0.000194
0.000183
0.000194
0.000456
0.000356
0.000232
0.000193
0.000184
0.000195
0.000194
0.000180
0.000195
0.000195
0.000188
0.000443
0.000194
0.000193
0.000447
0.000194
0.000188
0.000194
0.000195
0.000185
0.000189
0.000181
0.000251
0.000237
0.000446
0.000196
0.000196
0.000193
0.000182
0.000197
0.000189
0.000196
0.000195
0.000195
0.000194
0.000190
0.000201
0.000200
0.000192
0.000554
0.000205
0.000196
0.000195
0.000471
0.000257
0.000222
0.000196
0.000203
0.000347
0.000345
0.000197
0.000195
0.000434
0.000193
0.000198
0.000198
0.000190
0.000192
0.000187
0.000194
0.000454
0.000436
0.000429
0.000203
0.000219
0.000191
0.000581
0.000501
0.000446
0.000583
0.000201
0.000240
0.000366
0.000359
0.000193
0.000204
0.000459
0.000199
0.000180
0.000453
0.000436
0.000450
0.000195
0.000197
0.000424
0.000197
0.000193
0.000182
0.000191
0.000195
0.000196
0.000195
0.000193
0.000191
0.000237
0.000196
0.000192
0.000236
0.000236
0.000443
0.000255
0.000422
0.000444
0.000438
0.000448
0.000460
0.000196
0.000214
0.000198
0.000469
0.000428
0.000327
0.000204
0.000189
0.000192
0.000187
0.000190
0.000184
0.000249
0.000230
0.000448
0.000518
0.000446
0.000201
0.000236
0.000444
0.000209
0.000189
0.000196
0.000442
0.000447
0.000191
0.000447
0.000249
0.000242
0.000209
0.000189
0.000265
0.000195
0.000185
0.000231
0.000191
0.000196
0.000196
0.000452
0.000261
0.000488
0.000450
0.000425
0.000448
0.000451
0.000193
0.000213
0.000443
0.000420
0.000206
0.000448
0.000194
0.000200
0.000482
0.000457
0.000202
0.000220
0.000211
0.000188
0.000346
0.000531
0.000192
0.000188
0.000216
0.000186
0.000194
0.000195
0.000440
0.000453
0.000208
0.000193
0.000231
0.000192
0.000248
0.000188
0.000199
0.000197
0.000190
0.000286
0.000356
0.000446
0.000441
0.000452
0.000454
0.000192
0.000185
0.000191
0.000211
0.000193
0.000195
0.000217
0.000198
0.000252
0.000242
0.000253
0.000198
0.000197
0.000186
0.000184
0.000457
0.000457
0.000466
0.000452
0.000499
0.000196
0.000185
0.000252
0.000445
0.000438
0.000443
0.000192
0.000195
0.000484
0.000457
0.000199
0.000190
0.000183
0.000186
0.000198
0.000250
0.000241
0.000427
0.000362
0.000352
0.000469
0.000437
0.000194
0.000201
0.000190
0.000338
0.000322
0.000406
0.000438
0.000198
0.000185
0.000185
0.000205
0.000185
0.000192
0.000184
0.000193
0.000194
0.000191
0.000200
0.000190
0.000201
0.000191
0.000194
0.000190
0.000194
0.000196
0.000184
0.000179
0.000189
0.000238
0.000458
0.000432
0.000436
0.000479
0.000443
0.000198
0.000441
0.000196
0.000320
0.000329
0.000194
0.000191
0.000331
0.000463
0.000440
0.000525
0.000447
0.000462
0.000188
0.000218
0.000225
0.000183
0.000194
0.000231
0.000197
0.000193
0.000436
0.000448
0.000447
0.000217
0.000184
0.000182
0.000240
0.000242
0.000191
0.000200
0.000194
0.000230
0.000182
0.000232
0.000226
0.000187
0.000190
0.000187
0.000500
0.000200
0.000198
0.000197
0.000284
0.000288
0.000385
0.000193
0.000196
0.000223
0.000195
0.000203
0.000215
0.000298
0.000188
0.000274
0.000210
0.000210
0.000328
0.000196
0.000198
0.000196
0.000190
0.000184
0.000193
0.000225
0.000193
0.000198
0.000196
0.000449
0.000194
0.000196
0.000442
0.000191
0.000448
0.000198
0.000183
0.000456
0.000190
0.000194
0.000182
0.000204
0.000201
0.000382
0.000470
0.000454
0.000444
0.000586
0.000443
0.000212
0.000361
0.000195
0.000442
0.000313
0.000452
0.000479
0.000305
0.000301
0.000455
0.000539
0.000194
0.000216
0.000192
0.000210
0.000198
0.000187
0.000190
0.000216
0.000197
0.000195
0.000293
0.000237
0.000231
0.000475
0.000196
0.000448
0.000192
0.000190
0.000191
0.000190
0.000218
0.000219
0.000198
0.000486
0.000187
0.000188
0.000464
0.000213
0.000185
0.000199
0.000194
0.000455
0.000454
0.000437
0.000456
0.000210
0.000198
0.000181
0.000479
0.000183
0.000193
0.000185
0.000180
0.000179
0.000283
0.000385
0.000447
0.000487
0.000196
0.000188
0.000298
0.000195
0.000334
0.000195
0.000442
0.000266
0.000194
0.000188
0.000193
0.000196
0.000196
0.000197
0.000194
0.000246
0.000449
0.000437
0.000195
0.000448
0.000196
0.000235
0.000217
0.000232
0.000225
0.000196
0.000221
0.000203
0.000247
0.000242
0.000244
0.000447
0.000439
0.000453
0.000191
0.000188
0.000287
0.000454
0.000461
0.000213
0.000194
0.000188
0.000199
0.000251
0.000193
0.000192
0.000220
0.000197
0.000203
0.000452
0.000195
0.000209
0.000336
0.000456
0.000443
0.000190
0.000197
0.000279
0.000197
0.000188
0.000445
0.000196
0.000200
0.000186
0.000256
0.000214
0.000293
0.000187
0.000191
0.000241
0.000233
0.000215
0.000186
0.000259
0.000200
0.000494
0.000493
0.000453
0.000451
0.000196
0.000271
0.000408
0.000451
0.000200
0.000457
0.000194
0.000186
0.000187
0.000192
0.000192
0.000217
0.000185
0.000194
0.000191
0.000217
0.000230
0.000270
0.000195
0.000211
0.000441
0.000201
0.000367
0.000200
0.000194
0.000187
0.000205
0.000222
0.000243
0.000223
0.000300
0.000487
0.000449
0.000454
0.000447
0.000452
0.000193
0.000184
0.000315
0.000451
0.000452
0.000239
0.000191
0.000193
0.000450
0.000432
0.000272
0.000196
0.000180
0.000220
0.000193
0.000186
0.000198
0.000196
0.000192
0.000198
0.000495
0.000448
0.000495
0.000447
0.000437
0.000190
0.000194
0.000192
0.000186
0.000185
0.000192
0.000184
0.000184
0.000187
0.000188
0.000194
0.000186
0.000186
0.000182
0.000227
0.000292
0.000187
0.000189
0.000186
0.000186
0.000192
0.000191
0.000184
0.000187
0.000278
0.000272
0.000263
0.000450
0.000454
0.000452
0.000267
0.000452
0.000456
0.000192
0.000195
0.000190
0.000304
0.000198
0.000184
0.000198
0.000315
0.000192
0.000188
0.000195
0.000184
0.000223
0.000458
0.000188
0.000188
0.000195
0.000188
0.000193
0.000229
0.000375
0.000409
0.000195
0.000193
0.000272
0.000441
0.000451
0.000473
0.000444
0.000455
0.000195
0.000260
0.000196
0.000450
0.000444
0.000462
0.000196
0.000182
0.000292
0.000293
0.000197
0.000196
0.000189
0.000441
0.000537
0.000195
0.000327
0.000456
0.000510
0.000450
0.000529
0.000460
0.000199
0.000292
0.000468
0.000191
0.000460
0.000446
0.000462
0.000462
0.000193
0.000198
0.000615
0.000219
0.000530
0.000468
0.000469
0.000538
0.000450
0.000218
0.000260
0.000219
0.000215
0.000197
0.000191
0.000186
0.000192
0.000218
0.000331
0.000453
0.000523
0.000193
0.000190
0.000439
0.000193
0.000243
0.000199
0.000194
0.000196
0.000243
0.000434
0.000197
0.000190
0.000193
0.000204
0.000263
