0.021010
0.024215
0.021687
0.020431
0.019978
0.023871
0.020083
0.020590
0.028731
0.027520
0.020076
0.025113
0.020190
0.020094
0.023017
0.019998
0.026813
0.026729
0.028393
0.022814
0.020096
0.019996
0.023355
0.025190
0.020144
0.020563
0.025893
0.020566
0.020334
0.022572
0.020061
0.020674
0.020391
0.025091
0.027404
0.024889
0.026504
0.026764
0.028958
0.024340
0.027756
0.027087
0.025032
0.025175
0.025146
0.019897
0.020499
0.020150
0.023008
0.028682
0.027204
0.019947
0.020203
0.025045
0.020050
0.019926
0.020424
0.024419
0.021741
0.020505
0.026461
0.022607
0.025148
0.022548
0.020485
0.020204
0.020521
0.027433
0.020192
0.027165
0.019964
0.021773
0.020413
0.023608
0.020388
0.019924
0.019960
0.025004
0.020249
0.020769
0.020024
0.025046
0.022566
0.020234
0.020000
0.020241
0.020688
0.019954
0.019969
0.020140
0.028025
0.019949
0.019959
0.020137
0.019892
0.020072
0.020142
0.020093
0.020481
0.020105
0.021340
0.028645
0.025090
0.020021
0.022784
0.025441
0.020614
0.019956
0.027590
0.020254
0.020354
0.020212
0.024836
0.020206
0.019909
0.024759
0.027274
0.022872
0.019894
0.020194
0.020040
0.025686
0.027358
0.026508
0.022353
0.020401
0.021351
0.024792
0.029945
0.026812
0.025033
0.024619
0.019993
0.024939
0.020613
0.020556
0.021197
0.020626
0.021469
0.020220
0.024498
0.020510
0.020170
0.022189
0.020085
0.024790
0.027494
0.020055
0.025116
0.023896
0.024692
0.024624
0.025325
0.023900
0.020200
0.023633
0.025440
0.024128
0.020194
0.020134
0.027647
0.020015
0.020266
0.027359
0.023911
0.020368
0.020035
0.020121
0.024702
0.020013
0.020504
0.027630
0.019971
0.020140
0.020042
0.019938
0.027761
0.020070
0.028194
0.020804
0.020540
0.020446
0.020402
0.021230
0.020228
0.020434
0.020512
0.020913
0.027008
0.020411
0.025535
0.021155
0.020600
0.025057
0.020147
0.020253
0.020165
0.020052
0.019974
0.020411
0.019880
0.019916
0.020561
0.025029
0.019955
0.020096
0.020167
0.020377
0.020084
0.020100
0.020243
0.024992
0.030656
0.020117
0.030717
0.020729
0.020240
0.025180
0.020242
0.020075
0.020172
0.019927
0.022555
0.022815
0.020385
0.032551
0.021667
0.027453
0.027022
0.028338
0.027527
0.027803
0.020715
0.028052
0.019969
0.026351
0.020125
0.020016
0.020139
0.019969
0.019885
0.024463
0.025041
0.020606
0.020103
0.027308
0.020796
0.020066
0.029800
0.022836
0.027412
0.022603
0.020439
0.025800
0.020543
0.024891
0.021051
0.020749
0.023059
0.020536
0.020135
0.021967
0.024082
0.020195
0.027190
0.020003
0.023380
0.026966
0.020419
0.024191
0.024131
0.027521
0.024198
0.022183
0.020825
0.019913
0.020015
0.022770
0.022677
0.020549
0.020098
0.020466
0.020481
0.020155
0.021663
0.028503
0.021327
0.020306
0.020602
0.026174
0.023223
0.020331
0.020295
0.022181
0.023489
0.024341
0.023870
0.020248
0.024642
0.023365
0.024161
0.020296
0.020042
0.021701
0.025376
0.020771
0.020048
0.020885
0.021911
0.020875
0.026745
0.022407
0.021582
0.020267
0.020343
0.020293
0.020364
0.021693
0.021299
0.020490
0.021195
0.020619
0.019998
0.022353
0.020510
0.023310
0.026088
0.020587
0.025788
0.028086
0.022000
0.028324
0.025171
0.023944
0.022313
0.029025
0.020002
0.027314
0.026401
0.027302
0.024903
0.024937
0.027236
0.027360
0.024836
0.020152
0.021319
0.019950
0.020057
0.020127
0.019939
0.020139
0.020019
0.020010
0.020171
0.021140
0.019986
0.022035
0.025968
0.022111
0.020254
0.020212
0.020504
0.020350
0.020502
0.020556
0.020737
0.022868
0.020122
0.021446
0.020036
0.023790
0.020492
0.021546
0.020201
0.020443
0.020448
0.025296
0.020573
0.020489
0.020389
0.021904
0.020669
0.023854
0.020730
0.020301
0.023611
0.027879
0.021450
0.020296
0.020376
0.025780
0.020796
0.021689
0.026066
0.021125
0.020117
0.021264
0.019922
0.020355
0.020045
0.020301
0.020269
0.020253
0.020224
0.025080
0.021317
0.022433
0.020812
0.020212
0.019992
0.020703
0.019990
0.022300
0.020161
0.020262
0.020653
0.024651
0.025009
0.020726
0.023252
0.033755
0.024105
0.029407
0.020677
0.029824
0.023655
0.029156
0.020304
0.024434
0.022308
0.025701
0.022764
0.023319
0.024493
0.024152
0.020128
0.024700
0.023595
0.023748
0.020116
0.020024
0.020236
0.020423
0.019937
0.020091
0.021980
0.023583
0.027384
0.020026
0.028426
0.025492
0.020021
0.020099
0.027994
0.027738
0.027136
0.019934
0.028690
0.020597
0.027851
0.024844
0.020098
0.020693
0.020099
0.019988
0.021700
0.020137
0.020438
0.020209
0.020543
0.020331
0.019981
0.027600
0.029243
0.020899
0.023679
0.020023
0.030834
0.020419
0.030508
0.028267
0.027382
0.023887
0.028815
0.020003
0.020461
0.022543
0.019944
0.026420
0.022006
0.027833
0.019978
0.024461
0.020139
0.025167
0.024467
0.022620
0.028410
0.020293
0.028620
0.020146
0.025328
0.019986
0.025013
0.022703
0.019955
0.022645
0.022445
0.021497
0.021636
0.021477
0.021428
0.022870
0.020150
0.020117
0.020021
0.020077
0.019982
0.019950
0.019930
0.020185
0.025252
0.019966
0.020624
0.020512
0.025583
0.020150
0.025483
0.020970
0.026674
0.020454
0.020015
0.023561
0.025479
0.025865
0.020438
0.020004
0.020216
0.020447
0.019945
0.019934
0.020144
0.020126
0.020231
0.020064
0.019883
0.020141
0.028277
0.027280
0.022443
0.027557
0.027664
0.020020
0.024878
0.020174
0.026269
0.020290
0.020156
0.020172
0.026504
0.020116
0.020219
0.019956
0.020412
0.020977
0.020204
0.027540
0.026825
0.020890
0.025071
0.026485
0.019920
0.026559
0.026298
0.021255
0.019941
0.020415
0.020473
0.020285
0.020266
0.020067
0.020641
0.020236
0.020064
0.020244
0.020138
0.020379
0.025229
0.020011
0.024099
0.024144
0.025308
0.021387
0.021574
0.020234
0.020621
0.020207
0.026499
0.023829
0.023858
0.019966
0.025429
0.029489
0.024559
0.020612
0.020364
0.019875
0.020283
0.019935
0.029231
0.025310
0.020275
0.019999
0.024804
0.020039
0.020289
0.019929
0.020334
0.021353
0.022972
0.020234
0.023245
0.020103
0.020165
0.020804
0.020864
0.020103
0.022774
0.020079
0.020070
0.020210
0.020020
0.020335
0.025024
0.020057
0.022116
0.020286
0.019979
0.027300
0.029056
0.020261
0.020610
0.020251
0.027329
0.020092
0.020270
0.020668
0.020208
0.020975
0.019964
0.020106
0.020802
0.022998
0.020129
0.023193
0.020036
0.020049
0.028382
0.019985
0.020280
0.019973
0.020139
0.020381
0.020986
0.026930
0.020603
0.022245
0.023321
0.020155
0.021362
0.019944
0.020268
0.020464
0.025266
0.026516
0.025401
0.031851
0.027568
0.030690
0.022693
0.033473
0.022619
0.021449
0.026906
0.021350
0.021571
0.021416
0.022167
0.025033
0.027832
0.028578
0.020485
0.024816
0.028661
0.020459
0.020295
0.020223
0.020203
0.020113
0.020049
0.020361
0.019957
0.022529
0.019921
0.019985
0.020010
0.020249
0.019973
0.022382
0.020098
0.020260
0.023964
0.027316
0.025378
0.026312
0.025279
0.023459
0.033477
0.027194
0.030727
0.027685
0.020794
0.027442
0.020704
0.020579
0.022890
0.023143
0.020402
0.020106
0.019984
0.022628
0.020457
0.019991
0.020138
0.020109
0.020001
0.020628
0.020126
0.022294
0.020172
0.025441
0.020247
0.025218
0.022920
0.023733
0.026439
0.027313
0.020012
0.022535
0.024733
0.019981
0.020748
0.020075
0.020547
0.025913
0.020145
0.020200
0.024829
0.020009
0.030556
0.027416
0.021510
0.020139
0.020768
0.019954
0.020011
0.020087
0.019959
0.021527
0.021416
0.020744
0.020592
0.027927
0.028590
0.024870
0.026704
0.026951
0.027550
0.027541
0.024826
0.027211
0.029014
0.019983
0.022431
0.020284
0.020136
0.024536
0.022179
0.020124
0.019936
0.019898
0.019991
0.024213
0.020984
0.020312
0.020151
0.020135
0.022817
0.023589
0.021110
0.019930
0.020431
0.025730
0.027458
0.021188
0.020039
0.024409
0.020023
0.024965
0.024946
0.024741
0.022134
0.020029
0.026159
0.028709
0.019940
0.019895
0.020763
0.022283
0.027561
0.028185
0.020706
0.025383
0.020273
0.020836
0.019920
0.029272
0.020679
0.019915
0.028861
0.020161
0.024715
0.020053
0.020078
0.020141
0.020065
0.020305
0.020140
0.020335
0.022890
0.020548
0.022768
0.021110
0.021056
0.019979
0.020103
0.020169
0.021034
0.019998
0.024240
0.026925
0.026677
0.027761
0.027788
0.026163
0.023177
0.024257
0.019961
0.020829
0.020105
0.020875
0.019909
0.020002
0.027333
0.024333
0.021751
0.019905
0.020429
0.020612
0.024741
0.027611
0.027885
0.019928
0.020754
0.029539
0.020066
0.021924
0.022483
0.026666
0.020557
0.031142
0.020052
0.022352
0.020109
0.019987
0.033150
0.022296
0.025551
0.020070
0.023531
0.020614
0.019936
0.028918
0.020209
0.020368
0.026533
0.020172
0.020161
0.020117
0.021885
0.020523
0.020487
0.020525
0.025959
0.021564
0.020418
0.020602
0.020854
0.020974
0.020376
0.020266
0.020890
0.020216
0.022571
0.024510
0.020390
0.025784
0.021503
0.021290
0.020100
0.020234
0.025476
0.021163
0.021554
0.025431
0.021350
0.023521
0.020589
0.020742
0.020544
0.020690
0.020756
0.020580
0.026407
0.027851
0.026958
0.020832
0.025896
0.024927
0.020169
0.027446
0.024640
0.025145
0.025094
0.021479
0.020146
0.023479
0.020762
0.024218
0.026099
0.024962
0.027183
0.024165
0.020280
0.032544
0.020223
0.019950
0.020569
0.021158
0.024816
0.021121
0.033236
0.025333
0.028761
0.026476
0.027064
0.024882
0.028021
0.027636
0.020035
0.023170
0.027145
0.019913
0.020303
0.020065
0.020001
0.020236
0.020179
0.022173
0.022020
0.025202
0.020483
0.020532
0.020671
0.021189
0.024939
0.020705
0.021827
0.024336
0.025917
0.024521
0.022528
0.020366
0.025641
0.020601
0.021771
0.020120
0.021866
0.026855
