0.029089
0.025217
0.024128
0.025570
0.020551
0.020212
0.024523
0.025552
0.020354
0.020569
0.028193
0.020445
0.020362
0.026208
0.020664
0.020743
0.020737
0.020624
0.023749
0.025149
0.029954
0.021840
0.021689
0.021621
0.021194
0.021229
0.026319
0.028427
0.022001
0.021527
0.021301
0.021535
0.026535
0.020747
0.023713
0.029507
0.020844
0.022538
0.022880
0.021050
0.020827
0.024159
0.020607
0.020875
0.021818
0.021693
0.021111
0.021241
0.020529
0.025785
0.028073
0.021004
0.023307
0.024750
0.022974
0.026180
0.028047
0.020606
0.023114
0.020718
0.021942
0.023997
0.030008
0.020900
0.020571
0.023204
0.020634
0.024753
0.026099
0.020774
0.025519
0.028740
0.020633
0.020813
0.021256
0.020995
0.021067
0.020963
0.026021
0.028542
0.021031
0.024230
0.027487
0.021116
0.022446
0.020949
0.028565
0.025834
0.020806
0.028231
0.033278
0.026517
0.020837
0.026789
0.020962
0.020683
0.020338
0.020927
0.024161
0.024722
0.031443
0.027438
0.029679
0.027897
0.022954
0.028214
0.027169
0.026805
0.026191
0.020679
0.021169
0.022356
0.021048
0.024429
0.021019
0.027597
0.026426
0.020708
0.020840
0.020872
0.020464
0.028418
0.028877
0.029830
0.026588
0.021382
0.027769
0.021324
0.024583
0.021062
0.031475
0.026055
0.027637
0.030094
0.029150
0.020755
0.022020
0.025918
0.024534
0.024107
0.024073
0.020634
0.023046
0.020808
0.021672
0.020501
0.020649
0.023975
0.023190
0.020630
0.020519
0.020713
0.020689
0.022818
0.020605
0.020626
0.020899
0.020628
0.020994
0.025853
0.025877
0.020834
0.020757
0.025773
0.032020
0.020669
0.021044
0.029354
0.021230
0.031264
0.021851
0.021126
0.032058
0.023247
0.021172
0.021086
0.020984
0.020888
0.026575
0.025562
0.028802
0.021030
0.021354
0.020806
0.023835
0.025893
0.020798
0.020888
0.023875
0.023321
0.020449
0.027766
0.022511
0.028494
0.024660
0.020088
0.020366
0.020203
0.023686
0.023431
0.025429
0.023242
0.020474
0.021335
0.021036
0.021362
0.021460
0.020900
0.024840
0.020949
0.025012
0.023351
0.021242
0.025389
0.021652
0.021403
0.020961
0.020731
0.020918
0.020859
0.026342
0.020877
0.023663
0.026150
0.026028
0.024452
0.024113
0.021477
0.030208
0.023912
0.023274
0.029411
0.023797
0.023102
0.022407
0.022242
0.022238
0.022738
0.022341
0.030363
0.022603
0.022391
0.022345
0.022758
0.024458
0.024240
0.027323
0.027017
0.026292
0.021403
0.026499
0.021409
0.026959
0.026111
0.022941
0.029525
0.021428
0.021054
0.023712
0.028187
0.025981
0.021354
0.021631
0.021215
0.026090
0.024078
0.021405
0.021028
0.021245
0.025666
0.024312
0.020803
0.022423
0.026489
0.028785
0.020638
0.025939
0.021022
0.020871
0.020520
0.026787
0.023493
0.021191
0.021092
0.021234
0.023884
0.021180
0.021218
0.020928
0.021243
0.025335
0.024324
0.021086
0.021596
0.026777
0.028635
0.029319
0.021089
0.021485
0.021445
0.021497
0.020799
0.026330
0.020800
0.020741
0.028335
0.024604
0.020901
0.023569
0.026661
0.021217
0.026917
0.020891
0.020460
0.022657
0.020692
0.025730
0.020499
0.022675
0.020864
0.020377
0.020358
0.025224
0.026653
0.022609
0.028297
0.026387
0.020761
0.020500
0.020643
0.024451
0.025168
0.022388
0.022031
0.020437
0.020591
0.020664
0.024230
0.022675
0.027191
0.028205
0.028371
0.022648
0.020557
0.027769
0.023172
0.020637
0.020562
0.020714
0.020959
0.022999
0.020639
0.020652
0.020519
0.023776
0.020617
0.025901
0.020514
0.020919
0.021705
0.023184
0.023984
0.029534
0.024339
0.021748
0.025733
0.029429
0.030064
0.021845
0.021657
0.021849
0.030714
0.020348
0.020591
0.020416
0.020866
0.020655
0.020200
0.027698
0.020266
0.023112
0.022485
0.020702
0.020208
0.020311
0.025535
0.027767
0.024122
0.021215
0.022933
0.026885
0.023054
0.023162
0.029225
0.029544
0.027679
0.025121
0.020833
0.021104
0.030996
0.024432
0.020956
0.026683
0.029873
0.025677
0.024961
0.024560
0.020606
0.022275
0.022956
0.020408
0.020356
0.022685
0.020378
0.020622
0.021311
0.028873
0.021701
0.023709
0.023318
0.021513
0.022021
0.021561
0.023587
0.022075
0.026295
0.030485
0.025980
0.020446
0.026481
0.023544
0.028021
0.020942
0.021931
0.025651
0.024747
0.020607
0.020504
0.020584
0.020675
0.021009
0.026087
0.020676
0.024070
0.027299
0.020969
0.025515
0.025597
0.026054
0.026697
0.020593
0.021661
0.020471
0.020688
0.025682
0.020445
0.028436
0.020435
0.020655
0.020435
0.021152
0.026894
0.022829
0.025198
0.020581
0.027922
0.020175
0.030159
0.020449
0.020217
0.020405
0.023196
0.020353
0.022642
0.020962
0.023694
0.020950
0.021108
0.020286
0.020283
0.020798
0.020424
0.022529
0.021017
0.024986
0.025361
0.020528
0.021008
0.025318
0.026637
0.023037
0.020943
0.031393
0.027405
0.023198
0.020996
0.027501
0.025610
0.026318
0.030087
0.025885
0.027471
0.020649
0.029898
0.026173
0.020535
0.020635
0.020600
0.020553
0.021966
0.020637
0.021940
0.021850
0.021793
0.024679
0.022823
0.023557
0.027129
0.030482
0.025047
0.020458
0.023385
0.022996
0.022647
0.022363
0.020801
0.020900
0.021028
0.020686
0.020633
0.020807
0.020775
0.020616
0.020678
0.025753
0.021698
0.022169
0.022212
0.027145
0.026596
0.030747
0.025834
0.020315
0.023080
0.020345
0.020442
0.020485
0.020335
0.028752
0.022481
0.031229
0.020959
0.022995
0.023949
0.026240
0.020845
0.020659
0.020693
0.027046
0.028382
0.021317
0.021059
0.023117
0.022957
0.021167
0.021114
0.020667
0.020331
0.020448
0.020162
0.020500
0.028216
0.020479
0.030145
0.026756
0.021584
0.028277
0.031122
0.023529
0.020786
0.023781
0.020729
0.020880
0.028746
0.024054
0.020776
0.021048
0.021166
0.022705
0.027962
0.020680
0.027389
0.029975
0.024060
0.020675
0.020999
0.020549
0.020582
0.023363
0.021822
0.020591
0.025078
0.026187
0.029917
0.023126
0.027163
0.026147
0.021745
0.020680
0.023261
0.024380
0.023418
0.024247
0.020344
0.020339
0.020268
0.024667
0.023235
0.022535
0.025716
0.020850
0.020862
0.020639
0.030471
0.024815
0.020569
0.020734
0.020654
0.020727
0.020991
0.020985
0.020963
0.020689
0.021236
0.025934
0.024216
0.028994
0.025408
0.021009
0.021045
0.021069
0.024062
0.024911
0.021351
0.024210
0.026653
0.021964
0.023475
0.025401
0.022736
0.020445
0.026321
0.020567
0.020505
0.020448
0.023074
0.021779
0.026876
0.026406
0.024723
0.021711
0.021753
0.025930
0.021751
0.029151
0.021681
0.023557
0.025372
0.023284
0.020547
0.020309
0.020623
0.020831
0.030111
0.020323
0.020966
0.027998
0.026138
0.028517
0.023313
0.020749
0.031272
0.022865
0.026005
0.027651
0.022442
0.021967
0.021851
0.021534
0.027655
0.023182
0.024844
0.021031
0.025870
0.020647
0.028383
0.021056
0.030180
0.024342
0.020837
0.025024
0.024817
0.020942
0.022199
0.028015
0.025311
0.020985
0.020718
0.020547
0.020791
0.026679
0.021707
0.020526
0.022795
0.031518
0.030024
0.026759
0.023142
0.024038
0.032009
0.027142
0.021099
0.020934
0.026961
0.022597
0.021226
0.021211
0.026540
0.027627
0.030661
0.026560
0.024916
0.020409
0.020516
0.026544
0.020478
0.027280
0.023620
0.022633
0.022681
0.031109
0.027492
0.030341
0.020773
0.024877
0.025031
0.025733
0.020657
0.030979
0.020710
0.020883
0.020763
0.020748
0.021030
0.027150
0.027598
0.020892
0.025657
0.025277
0.024595
0.023449
0.023026
0.030963
0.025954
0.025863
0.020833
0.020569
0.022075
0.020649
0.020810
0.021841
0.021877
0.030244
0.021403
0.020494
0.030658
0.020997
0.022051
0.023325
0.020684
0.027783
0.021162
0.022048
0.022110
0.020479
0.026963
0.025537
0.023123
0.020617
0.020519
0.020410
0.020324
0.020309
0.020191
0.020900
0.028765
0.020434
0.020533
0.020548
0.024946
0.020512
0.022723
0.023256
0.020349
0.028239
0.020634
0.021115
0.025355
0.020256
0.021257
0.022237
0.020161
0.020739
0.026729
0.023893
0.029685
0.027997
0.025348
0.021586
0.023704
0.021534
0.021481
0.027768
0.027647
0.023924
0.021465
0.030699
0.021775
0.024210
0.022989
0.029406
0.031236
0.020968
0.026891
0.030143
0.020757
0.020908
0.023213
0.020797
0.020858
0.025851
0.024956
0.022990
0.020865
0.020941
0.026093
0.020612
0.020813
0.027903
0.020724
0.022851
0.028495
0.026588
0.020823
0.020611
0.022751
0.024005
0.030055
0.020668
0.027334
0.024495
0.023040
0.024007
0.021438
0.023785
0.023426
0.024654
0.021653
0.023492
0.024318
0.024496
0.021172
0.024545
0.023563
0.032240
0.027793
0.022987
0.026447
0.021365
0.021292
0.024682
0.026172
0.023925
0.023218
0.020786
0.021007
0.024175
0.024527
0.024083
0.020871
0.023127
0.024917
0.025248
0.022008
0.021705
0.020798
0.021344
0.021234
0.025422
0.027308
0.020861
0.025398
0.023334
0.027642
0.020061
0.025336
0.020233
0.025499
0.020643
0.025062
0.020499
0.031101
0.021533
0.021384
0.021569
0.021704
0.021891
0.028874
0.023131
0.022218
0.028986
0.021384
0.021212
0.030706
0.022274
0.032717
0.021858
0.021654
0.023166
0.021206
0.021231
0.023604
0.021054
0.026162
0.020869
0.021205
0.029122
0.021710
0.023098
0.025979
0.028086
0.032373
0.023211
0.029969
0.021111
0.025332
0.020917
0.031056
0.020376
0.025536
0.031202
0.024294
0.025728
0.023546
0.020918
0.021237
0.021226
0.023640
0.020846
0.026688
0.029652
0.022730
0.022283
0.027405
0.025846
0.020919
0.021775
0.022570
0.020612
0.025377
0.021871
0.021296
0.026264
0.025799
0.024172
0.020831
0.020677
0.020668
0.020695
0.020926
0.023498
0.020928
0.024868
0.021188
0.021064
0.025436
0.029159
0.020618
0.022979
0.021582
0.023844
0.027318
0.023461
0.021509
0.031268
0.023360
0.026851
0.021267
0.024556
0.028798
