0.004582
0.004292
0.004256
0.001770
0.002953
0.001765
0.001745
0.001754
0.002040
0.001797
0.001785
0.002046
0.002927
0.001783
0.001782
0.001761
0.001732
0.001737
0.002626
0.001738
0.001747
0.004010
0.001769
0.001743
0.002248
0.001739
0.001778
0.001792
0.001734
0.001756
0.001750
0.001756
0.001712
0.002540
0.001764
0.001748
0.001756
0.001776
0.001769
0.001778
0.002868
0.001776
0.001769
0.001769
0.001666
0.001835
0.001779
0.001692
0.001795
0.001836
0.002002
0.001831
0.001829
0.001812
0.002791
0.001842
0.001824
0.001808
0.002154
0.003010
0.003175
0.004403
0.004417
0.004386
0.004453
0.001897
0.001799
0.001815
0.002623
0.001813
0.001797
0.001997
0.001667
0.001843
0.004230
0.001735
0.004243
0.001747
0.001625
0.001748
0.001765
0.001626
0.003266
0.004361
0.001736
0.002015
0.001754
0.001725
0.002402
0.001747
0.001985
0.001655
0.001659
0.001759
0.001748
0.001661
0.002103
0.002208
0.003870
0.001747
0.004296
0.001756
0.004663
0.004117
0.001786
0.001639
0.004405
0.001743
0.002175
0.001789
0.001773
0.004304
0.001790
0.001772
0.004216
0.001750
0.002407
0.003710
0.001756
0.001752
0.001747
0.001735
0.004220
0.001755
0.001629
0.001743
0.001738
0.002294
0.003888
0.001744
0.002313
0.001760
0.001763
0.003188
0.001698
0.001795
0.003982
0.001771
0.001757
0.001928
0.001742
0.001775
0.001777
0.001768
0.001772
0.001742
0.001786
0.001764
0.001852
0.001774
0.001727
0.004338
0.001749
0.001774
0.001700
0.001657
0.001773
0.001776
0.001786
0.001777
0.002064
0.002467
0.003049
0.003443
0.001789
0.002171
0.003781
0.004295
0.004388
0.004399
0.003681
0.001805
0.004369
0.001805
0.002654
0.001801
0.002763
0.004392
0.001749
0.001800
0.001811
0.001787
0.001791
0.002369
0.001680
0.001684
0.002019
0.002262
0.004352
0.001814
0.001941
0.001819
0.002151
0.001780
0.001804
0.001692
0.001731
0.001957
0.001772
0.001776
0.001774
0.001765
0.001768
0.001762
0.002059
0.001765
0.001696
0.002769
0.004375
0.004356
0.004394
0.004373
0.001809
0.004529
0.004537
0.004487
0.004510
0.004384
0.001897
0.001782
0.003544
0.001803
0.004365
0.001796
0.001760
0.002095
0.004359
0.004689
0.001748
0.002209
0.003794
0.003788
0.002184
0.002198
0.002150
0.001790
0.001794
0.001775
0.001770
0.004295
0.001698
0.001783
0.002094
0.001746
0.004267
0.001739
0.004215
0.002315
0.003293
0.004228
0.004260
0.004266
0.001766
0.002480
0.003410
0.001806
0.002511
0.001820
0.001753
0.004395
0.004665
0.001821
0.001907
0.002181
0.001716
0.002192
0.001734
0.001999
0.001993
0.001719
0.001742
0.001727
0.001607
0.003887
0.001763
0.001770
0.001675
0.004069
0.004486
0.004303
0.001763
0.001724
0.001820
0.001719
0.001720
0.001718
0.001971
0.003705
0.001727
0.001722
0.001721
0.002512
0.003917
0.001655
0.001893
0.001733
0.002330
0.002660
0.003219
0.001754
0.004088
0.003262
0.001696
0.001733
0.002049
0.001727
0.002043
0.001742
0.001779
0.001780
0.001778
0.001777
0.002497
0.004344
0.001767
0.004309
0.004307
0.002212
0.001778
0.001750
0.001816
0.002811
0.001765
0.001754
0.001756
0.001769
0.004249
0.001753
0.001760
0.004295
0.001769
0.001769
0.002721
0.001774
0.004023
0.004282
0.001845
0.002137
0.001842
0.001843
0.004476
0.001845
0.001849
0.002436
0.003020
0.001835
0.001766
0.001817
0.001762
0.001767
0.003577
0.003121
0.001766
0.001734
0.001704
0.004327
0.001764
0.002343
0.001783
0.001725
0.001787
0.002603
0.001793
0.001777
0.001742
0.001740
0.001795
0.002526
0.003322
0.001761
0.001748
0.001748
0.002234
0.001755
0.004266
0.003503
0.001750
0.003880
0.002463
0.001713
0.001845
0.001773
0.002476
0.002720
0.001741
0.001734
0.002095
0.004259
0.001749
0.001681
0.001774
0.004139
0.001751
0.001751
0.002343
0.004142
0.001782
0.002320
0.003240
0.004425
0.004366
0.004605
0.001754
0.004257
0.001836
0.001805
0.001786
0.001787
0.001805
0.003051
0.001777
0.002335
0.001804
0.001786
0.002236
0.003097
0.004317
0.001770
0.002457
0.004294
0.004298
0.004310
0.004342
0.004308
0.001792
0.001770
0.001761
0.004125
0.004287
0.001843
0.004456
0.003450
0.004332
0.004016
0.001846
0.001739
0.004298
0.004520
0.001717
0.001836
0.001829
0.002518
0.001681
0.002620
0.001792
0.001798
0.001801
0.002955
0.001809
0.001858
0.001772
0.004382
0.004342
0.001762
0.001860
0.002400
0.004332
0.004300
0.001696
0.004419
0.004327
0.004551
0.001714
0.004313
0.001721
0.001720
0.001971
0.001733
0.004166
0.004175
0.001717
0.003973
0.004231
0.004350
0.001778
0.001876
0.001791
0.002266
0.002373
0.001781
0.001783
0.001820
0.001933
0.002390
0.001849
0.001758
0.001740
0.004201
0.004435
0.001730
0.004234
0.001727
0.001754
0.003734
0.001735
0.001641
0.001693
0.001764
0.001642
0.001776
0.001646
0.001724
0.001780
0.001766
0.002327
0.001733
0.001795
0.001763
0.001787
0.004195
0.004218
0.001757
0.001745
0.004213
0.004229
0.004219
0.004387
0.004312
0.001750
0.002301
0.003140
0.001657
0.001731
0.004198
0.004213
0.004230
0.001795
0.001728
0.001730
0.002280
0.002333
0.004189
0.004193
0.004195
0.001815
0.004323
0.003404
0.004176
0.004394
0.001797
0.001797
0.003329
0.001701
0.001624
0.002635
0.001719
0.001700
0.001721
0.001823
0.002310
0.001695
0.001717
0.001730
0.002773
0.004118
0.004150
0.001857
0.002145
0.004295
0.004473
0.001856
0.001910
0.001853
0.004361
0.001758
0.001856
0.001864
0.002553
0.001895
0.003857
0.003476
0.004400
0.004291
0.004275
0.004271
0.001693
0.002729
0.001748
0.002021
0.001921
0.001675
0.001836
0.001829
0.001851
0.001816
0.003290
0.003251
0.004447
0.004658
0.004718
0.001828
0.001789
0.001761
0.001703
0.001764
0.002058
0.002839
0.001766
0.002044
0.004263
0.004330
0.004331
0.004446
0.001841
0.001832
0.001788
0.003525
0.001786
0.001781
0.001782
0.002264
0.003457
0.002072
0.002071
0.001786
0.002127
0.004344
0.004315
0.004245
0.001769
0.001765
0.001778
0.001751
0.002596
0.002130
0.002128
0.001940
0.002960
0.004036
0.002483
0.001753
0.001681
0.001776
0.001771
0.001771
0.003627
0.001789
0.001815
0.004337
0.003508
0.004530
0.001806
0.001865
0.001816
0.002249
0.004426
0.004409
0.001794
0.003936
0.004280
0.001774
0.001790
0.001777
0.001654
0.001827
0.001842
0.001785
0.002882
0.001773
0.002438
0.001761
0.004119
0.002346
0.004300
0.004303
0.004264
0.001777
0.001763
0.002695
0.003755
0.001768
0.002693
0.004394
0.001776
0.001832
0.001817
0.004367
0.001802
0.002775
0.002289
0.001801
0.002289
0.002730
0.004364
0.004390
0.003833
0.001819
0.002229
0.002208
0.001817
0.002129
0.002522
0.004210
0.001786
0.001816
0.001746
0.001725
0.001728
0.004194
0.002179
0.001754
0.001725
0.002625
0.003468
0.001688
0.002117
0.001738
0.002657
0.001731
0.001728
0.001671
0.001718
0.001769
0.003197
0.004287
0.002198
0.004271
0.004283
0.004280
0.004262
0.004241
0.001737
0.001749
0.002036
0.002040
0.001767
0.002138
0.001744
0.001633
0.004124
0.004235
0.004248
0.001761
0.004229
0.001760
0.004248
0.001760
0.004271
0.004329
0.001671
0.001793
0.001779
0.004343
0.001777
0.002691
0.002762
0.003353
0.001748
0.001764
0.002354
0.004407
0.001766
0.001766
0.001867
0.001751
0.001678
0.004303
0.004262
0.004244
0.001756
0.003886
0.001765
0.004330
0.001769
0.001762
0.001818
0.001801
0.001808
0.001800
0.002397
0.002032
0.003968
0.001802
0.001822
0.002494
0.001720
0.002494
0.001813
0.002198
0.002926
0.001822
0.004007
0.001788
0.002624
0.004279
0.004399
0.004371
0.001791
0.002281
0.003747
0.001794
0.002437
0.001744
0.001747
0.002074
0.002317
0.002321
0.002408
0.002403
0.001729
0.001755
0.001778
0.002547
0.002114
0.002544
0.004258
0.001684
0.001748
0.001763
0.001754
0.001757
0.004415
0.001676
0.001677
0.002970
0.001759
0.002118
0.004289
0.001639
0.001781
0.001846
0.003221
0.002588
0.002594
0.004316
0.004339
0.002186
0.001783
0.001809
0.001894
0.001820
0.004351
0.004612
0.002165
0.001891
0.001791
0.001753
0.002086
0.001798
0.001716
0.001799
0.001788
0.001799
0.001747
0.001761
0.003654
0.003633
0.001750
0.001762
0.004268
0.004570
0.004486
0.004273
0.004287
0.004289
0.001748
0.001668
0.001751
0.001757
0.001748
0.001801
0.001737
0.001722
0.001788
0.001669
0.001787
0.001782
0.001786
0.002238
0.001804
0.001805
0.003363
0.001798
0.001796
0.001787
0.001726
0.001668
0.001815
0.002103
0.002032
0.002165
0.003618
0.004127
0.004197
0.004168
0.004464
0.004189
0.004178
0.001719
0.001715
0.003636
0.004176
0.001694
0.001706
0.001711
0.001744
0.001714
0.002686
0.003147
0.004052
0.001723
0.002072
0.003802
0.004216
0.004403
0.001725
0.002254
0.002375
0.001652
0.004314
0.001798
0.002014
0.001791
0.001818
0.001765
0.002237
0.001753
0.004291
0.004291
0.004548
0.004329
0.004253
0.004346
0.001761
0.001765
0.001745
0.001726
0.002669
0.004214
0.004192
0.002141
0.002039
0.001724
0.002706
0.003876
0.004313
0.004428
0.001727
0.003135
0.004451
0.004438
0.001813
0.002746
0.004384
0.004668
0.004512
0.004419
0.003726
0.004507
0.004405
0.001841
0.003049
0.001762
0.003729
0.004373
0.001776
0.001774
0.004300
0.004110
0.004513
0.004336
0.004297
0.004327
0.004298
0.004307
0.001767
0.002022
0.002567
0.001780
0.001771
0.001770
0.001743
0.001788
0.004318
0.005029
0.002185
0.001780
0.001778
0.001876
0.001778
0.001771
0.003047
0.001940
0.001902
0.001783
0.002703
0.004349
0.004292
0.004325
0.004157
0.004366
0.004423
0.004298
0.004288
0.004392
0.004304
0.004310
0.004380
0.004346
0.004283
