0.021234
0.020166
0.018597
0.017819
0.017597
0.020053
0.016846
0.017657
0.022017
0.020070
0.020420
0.021778
0.019978
0.021461
0.019743
0.024000
0.017456
0.017788
0.026409
0.019130
0.016057
0.015660
0.016225
0.021244
0.018383
0.017726
0.017224
0.018138
0.016798
0.016584
0.016828
0.016489
0.016393
0.019159
0.030211
0.022227
0.019979
0.030081
0.024092
0.019777
0.029661
0.028408
0.022228
0.025910
0.022413
0.017620
0.017247
0.019458
0.024024
0.026439
0.021705
0.020565
0.017308
0.017009
0.016976
0.018800
0.015035
0.015769
0.016675
0.017042
0.016137
0.015462
0.016041
0.016618
0.017498
0.018597
0.021557
0.014863
0.020530
0.016189
0.016842
0.018073
0.017263
0.017682
0.015684
0.017099
0.016907
0.017562
0.019240
0.017246
0.017550
0.015752
0.025237
0.018549
0.015662
0.016778
0.017263
0.015691
0.015701
0.017965
0.033152
0.015271
0.015485
0.018135
0.018675
0.015203
0.016415
0.015294
0.015315
0.018166
0.024480
0.026850
0.022334
0.024195
0.020866
0.020640
0.026860
0.027312
0.028986
0.020472
0.016200
0.015308
0.024545
0.024537
0.016702
0.023397
0.030495
0.019942
0.019995
0.015596
0.015011
0.017895
0.019031
0.018556
0.022448
0.021168
0.018506
0.022889
0.023546
0.017928
0.015992
0.020576
0.017518
0.019785
0.015439
0.017983
0.015318
0.017876
0.015090
0.015659
0.019228
0.018095
0.015233
0.019636
0.015768
0.022188
0.023121
0.015869
0.021063
0.020030
0.020300
0.020299
0.023114
0.023139
0.016507
0.017432
0.022267
0.017661
0.018004
0.024878
0.018564
0.017366
0.018286
0.019463
0.019786
0.020408
0.017987
0.019634
0.022450
0.016567
0.021509
0.023698
0.016664
0.023814
0.024803
0.019351
0.018146
0.017071
0.024564
0.014935
0.016710
0.015165
0.015043
0.016708
0.020444
0.014609
0.016415
0.018336
0.024729
0.015631
0.023089
0.016884
0.015329
0.016319
0.016078
0.016915
0.019087
0.016624
0.015731
0.015590
0.016731
0.015409
0.015572
0.016861
0.017125
0.017021
0.017042
0.024962
0.025002
0.017266
0.023682
0.018365
0.021073
0.018262
0.022768
0.016299
0.015815
0.017522
0.017444
0.016586
0.016719
0.016753
0.021380
0.023171
0.017452
0.023495
0.022918
0.021823
0.018855
0.025772
0.021623
0.024310
0.019974
0.018794
0.017498
0.017582
0.018433
0.017361
0.018797
0.016192
0.015249
0.017364
0.018091
0.017904
0.018338
0.020068
0.016612
0.019265
0.022365
0.016731
0.028405
0.020708
0.025552
0.019457
0.016011
0.019384
0.017842
0.016970
0.018121
0.019355
0.018902
0.018962
0.021676
0.018770
0.019941
0.017480
0.018587
0.022077
0.020992
0.016583
0.017028
0.018749
0.017580
0.020551
0.018721
0.016367
0.017222
0.026847
0.024320
0.021041
0.016569
0.016446
0.022739
0.020629
0.018317
0.025772
0.020957
0.017148
0.017990
0.020112
0.024297
0.016998
0.016872
0.017704
0.017044
0.017146
0.016607
0.015525
0.016328
0.017643
0.018917
0.017040
0.015982
0.016577
0.017782
0.017113
0.018274
0.021245
0.016252
0.017359
0.016825
0.017330
0.016678
0.015506
0.015291
0.018673
0.014907
0.016165
0.017024
0.015139
0.015458
0.014799
0.015681
0.018981
0.014983
0.017038
0.018431
0.014885
0.020637
0.018048
0.015694
0.027041
0.019869
0.015685
0.019368
0.018214
0.023709
0.028508
0.028722
0.029055
0.023173
0.023135
0.023774
0.028293
0.022527
0.017316
0.018159
0.016407
0.021721
0.016986
0.021117
0.017016
0.016640
0.016187
0.021734
0.017106
0.018404
0.022420
0.021015
0.017375
0.016251
0.016355
0.014498
0.014476
0.020324
0.016950
0.014632
0.018721
0.020951
0.016837
0.018103
0.016006
0.016242
0.016301
0.016202
0.016352
0.015167
0.015737
0.015574
0.016209
0.014908
0.016219
0.015513
0.016138
0.015641
0.018254
0.020806
0.020627
0.023473
0.019799
0.017594
0.019872
0.017790
0.017267
0.024892
0.016908
0.016532
0.019718
0.018607
0.020156
0.021509
0.016440
0.016898
0.018464
0.021718
0.020871
0.017112
0.024226
0.019486
0.020791
0.015818
0.016977
0.017007
0.019005
0.015652
0.016459
0.018397
0.015273
0.015210
0.017503
0.019965
0.015383
0.027682
0.022099
0.021111
0.024557
0.017148
0.024882
0.016036
0.016368
0.019254
0.018570
0.018744
0.015580
0.016231
0.018015
0.029026
0.023830
0.021213
0.016114
0.018277
0.017637
0.017454
0.017943
0.017412
0.022355
0.022274
0.021643
0.017217
0.020111
0.023744
0.022894
0.019137
0.017760
0.023135
0.018629
0.019856
0.019707
0.023270
0.019628
0.025940
0.018064
0.017162
0.020446
0.018879
0.017458
0.016342
0.016074
0.018481
0.015068
0.016808
0.015956
0.018368
0.024676
0.017585
0.016422
0.026847
0.019538
0.018252
0.017059
0.024259
0.019199
0.023520
0.019534
0.026083
0.018896
0.019103
0.023693
0.024986
0.017968
0.021197
0.026384
0.018246
0.019905
0.025456
0.018931
0.019247
0.036779
0.027411
0.018321
0.026398
0.018433
0.019508
0.019206
0.021754
0.020035
0.018348
0.017174
0.020451
0.019257
0.018572
0.018185
0.022541
0.020234
0.024853
0.023354
0.023441
0.018554
0.025178
0.023610
0.020493
0.019018
0.024750
0.019403
0.015377
0.018541
0.016157
0.016639
0.020028
0.016823
0.017616
0.016647
0.014737
0.016277
0.020336
0.015865
0.016663
0.018647
0.018970
0.017705
0.015643
0.015670
0.015787
0.015889
0.017075
0.016320
0.019591
0.021577
0.029431
0.024205
0.029303
0.024528
0.024010
0.022428
0.021116
0.021247
0.025640
0.017954
0.015157
0.018319
0.016600
0.017844
0.015907
0.018671
0.016918
0.017358
0.016759
0.021578
0.027863
0.020555
0.026395
0.023983
0.019936
0.024186
0.021281
0.024096
0.020199
0.016348
0.016659
0.016049
0.018736
0.019666
0.019418
0.015453
0.015998
0.016382
0.016579
0.015586
0.018970
0.019282
0.016159
0.018064
0.016844
0.020303
0.023127
0.022862
0.017985
0.018963
0.018066
0.017988
0.026009
0.020283
0.019862
0.028446
0.019921
0.023831
0.024763
0.017937
0.017640
0.022502
0.025123
0.017819
0.016985
0.016027
0.022110
0.016146
0.016585
0.016586
0.019299
0.019817
0.015889
0.019305
0.020632
0.016223
0.015669
0.019285
0.019359
0.016040
0.015944
0.017198
0.016354
0.018363
0.015492
0.015208
0.019895
0.024150
0.027265
0.028310
0.018359
0.022240
0.028703
0.021338
0.024585
0.018160
0.022834
0.019384
0.021374
0.016640
0.019459
0.016982
0.016484
0.015405
0.016873
0.022844
0.022260
0.020286
0.016181
0.015812
0.025241
0.016175
0.016403
0.021755
0.016238
0.019012
0.020010
0.024759
0.020697
0.017829
0.016927
0.015501
0.015033
0.017228
0.015724
0.018154
0.016232
0.017239
0.020919
0.022756
0.027457
0.027350
0.024056
0.023449
0.022081
0.024179
0.022887
0.018424
0.019041
0.018150
0.019067
0.019798
0.027059
0.026757
0.026177
0.023047
0.023718
0.017465
0.020605
0.023002
0.015357
0.016149
0.016665
0.018703
0.018634
0.025948
0.018641
0.020534
0.014648
0.015220
0.022636
0.028210
0.019119
0.026543
0.019006
0.022108
0.021405
0.021594
0.020606
0.028137
0.023765
0.021331
0.019632
0.020619
0.016736
0.020757
0.016514
0.023129
0.022611
0.019913
0.014530
0.016178
0.014929
0.021996
0.014969
0.014965
0.015390
0.015124
0.014887
0.017175
0.018123
0.017859
0.021110
0.016611
0.017111
0.016011
0.015151
0.022894
0.016962
0.019291
0.023770
0.025067
0.019866
0.022976
0.020933
0.020304
0.019562
0.020055
0.020421
0.017234
0.018608
0.020146
0.021887
0.026461
0.018259
0.014337
0.015916
0.021568
0.017460
0.018022
0.016837
0.020706
0.016002
0.016590
0.016441
0.025693
0.029611
0.022071
0.020095
0.020310
0.022330
0.018668
0.021272
0.028789
0.024900
0.017118
0.016778
0.018852
0.022330
0.016771
0.020217
0.022226
0.019512
0.019447
0.020037
0.016686
0.018990
0.018892
0.016747
0.016636
0.022866
0.016866
0.017425
0.018244
0.017840
0.025672
0.017074
0.017608
0.023944
0.020237
0.022278
0.021721
0.029206
0.023517
0.018773
0.023692
0.025675
0.019751
0.017905
0.018211
0.026577
0.018332
0.018266
0.020736
0.018451
0.019856
0.018186
0.021409
0.022034
0.018919
0.017021
0.020361
0.027823
0.016209
0.023437
0.016149
0.016148
0.016379
0.022986
0.018132
0.024712
0.017537
0.015904
0.017639
0.015492
0.014636
0.017736
0.021154
0.017621
0.017139
0.016294
0.015453
0.018346
0.018118
0.017070
0.018126
0.018189
0.017619
0.020932
0.018050
0.016186
0.022457
0.021897
0.021513
0.019114
0.019228
0.023521
0.017794
0.016802
0.018301
0.016394
0.018789
0.016810
0.023311
0.023162
0.022919
0.018696
0.018291
0.017878
0.025172
0.023019
0.019623
0.021654
0.029080
0.020126
0.024194
0.017922
0.017865
0.022695
0.019790
0.026248
0.024479
0.017055
0.021596
0.017295
0.017420
0.022453
0.016701
0.016059
0.016028
0.021153
0.020189
0.019255
0.016243
0.019761
0.017852
0.018098
0.020671
0.016559
0.017517
0.017172
0.016228
0.017888
0.015959
0.019024
0.017998
0.018131
0.020505
0.018311
0.020717
0.016222
0.018128
0.021118
0.020030
0.019908
0.022535
0.016508
0.018155
0.017540
0.018148
0.018709
0.015690
0.015364
0.020467
0.017516
0.015993
0.017963
0.018359
0.019549
0.022439
0.018144
0.019923
0.019401
0.020335
0.017748
0.019935
0.024742
0.023641
0.017731
0.023897
0.022401
0.021395
0.019310
0.018647
0.028890
0.025020
0.020937
0.027362
0.020221
0.025963
0.022063
0.023353
0.024733
0.023510
0.028807
0.021733
0.027256
0.020930
0.019771
0.019067
0.023190
0.021363
0.020308
0.019533
0.021220
0.031155
0.020978
0.021263
0.016591
0.016884
0.016720
0.024856
0.021136
0.018214
0.018001
0.019128
0.022282
0.018736
0.017973
0.017889
0.016573
0.019097
0.020410
0.016842
0.021821
0.018025
0.020601
0.024127
0.019199
0.017738
0.027830
0.021587
