0.004224
0.004239
0.004227
0.004001
0.004203
0.001819
0.001743
0.001753
0.001777
0.001751
0.001745
0.004269
0.004310
0.001750
0.001745
0.002069
0.001682
0.001749
0.002410
0.002862
0.004223
0.004493
0.001772
0.001741
0.002344
0.001898
0.002109
0.002226
0.001676
0.002666
0.001717
0.001700
0.001768
0.002966
0.001770
0.001900
0.001931
0.001616
0.001653
0.001818
0.003996
0.002762
0.001732
0.002891
0.001677
0.001767
0.001871
0.004221
0.001783
0.001749
0.004271
0.001793
0.001740
0.002119
0.004240
0.001746
0.001774
0.001765
0.002322
0.003110
0.003636
0.004232
0.004338
0.004422
0.004256
0.003523
0.004367
0.001654
0.002521
0.001744
0.001735
0.001759
0.001734
0.002961
0.004258
0.001750
0.003306
0.001720
0.001744
0.001782
0.001652
0.001831
0.004507
0.004206
0.001897
0.002420
0.001749
0.001680
0.002411
0.001762
0.002430
0.001761
0.001647
0.001771
0.001784
0.001807
0.002114
0.002369
0.002039
0.002145
0.004400
0.004331
0.003627
0.004344
0.002388
0.002258
0.004359
0.001795
0.003187
0.001667
0.001634
0.001764
0.001743
0.004355
0.004087
0.001749
0.004185
0.002832
0.002455
0.002033
0.001731
0.003157
0.004286
0.001656
0.001748
0.001736
0.002319
0.003719
0.004265
0.002054
0.002700
0.001632
0.002909
0.003475
0.001758
0.001640
0.001798
0.001806
0.002731
0.002293
0.001664
0.001832
0.001662
0.002034
0.003415
0.001762
0.001621
0.002192
0.001744
0.001798
0.001771
0.004336
0.001720
0.001759
0.001745
0.001750
0.001838
0.001760
0.001767
0.002118
0.002030
0.002441
0.002981
0.003979
0.001673
0.003473
0.003915
0.004222
0.003772
0.004256
0.001643
0.004443
0.004318
0.001710
0.004239
0.001683
0.003671
0.004237
0.001656
0.001767
0.002019
0.001789
0.002314
0.002428
0.001640
0.001767
0.002126
0.002841
0.004389
0.001770
0.001806
0.001875
0.002729
0.001849
0.001701
0.001651
0.002286
0.002160
0.001746
0.001751
0.001764
0.001753
0.001745
0.002015
0.002117
0.001781
0.001666
0.003055
0.004270
0.004346
0.004275
0.004558
0.002329
0.004326
0.004251
0.004277
0.004326
0.004152
0.001748
0.003214
0.003415
0.004439
0.004400
0.001855
0.001806
0.004272
0.004259
0.003647
0.001828
0.004260
0.004356
0.004295
0.002193
0.002203
0.001778
0.001766
0.001745
0.001807
0.002825
0.004382
0.001681
0.001771
0.002013
0.002842
0.004841
0.001705
0.004254
0.002526
0.004117
0.003955
0.004293
0.004230
0.001670
0.002641
0.003953
0.001700
0.003731
0.001776
0.001915
0.004569
0.004313
0.001780
0.001766
0.002108
0.002114
0.002088
0.001702
0.002042
0.002004
0.001625
0.001770
0.004176
0.001761
0.004273
0.001827
0.001768
0.001668
0.004227
0.004275
0.004209
0.001682
0.001686
0.002326
0.002123
0.003915
0.002846
0.002409
0.001753
0.002790
0.001730
0.002020
0.002671
0.004388
0.001771
0.002287
0.002068
0.002688
0.002652
0.003963
0.001705
0.002504
0.001795
0.001704
0.001646
0.002514
0.002204
0.002792
0.001689
0.001707
0.001824
0.001762
0.001663
0.002682
0.004275
0.001782
0.004235
0.004282
0.001767
0.001646
0.001770
0.004215
0.004250
0.004364
0.001620
0.001667
0.004222
0.004292
0.001762
0.001743
0.004219
0.003621
0.001743
0.002946
0.001825
0.004273
0.004208
0.001671
0.002027
0.001626
0.002197
0.004250
0.001660
0.001691
0.002320
0.002866
0.001715
0.001653
0.003668
0.001739
0.001751
0.004251
0.004280
0.001753
0.001712
0.001786
0.004265
0.001803
0.003193
0.001771
0.004321
0.001663
0.003229
0.001771
0.001755
0.001800
0.001759
0.002862
0.003029
0.003937
0.004398
0.002860
0.002006
0.002219
0.002952
0.003457
0.001787
0.001732
0.001795
0.003046
0.002131
0.001646
0.001625
0.004266
0.004266
0.001941
0.001753
0.002112
0.004288
0.001742
0.001714
0.001768
0.004621
0.001846
0.003537
0.003790
0.004087
0.002118
0.002309
0.004116
0.004397
0.004305
0.004243
0.001655
0.004339
0.001765
0.002846
0.002007
0.004306
0.001768
0.004248
0.001661
0.002665
0.001758
0.001803
0.002671
0.003939
0.004296
0.002004
0.002382
0.004265
0.004397
0.004263
0.004247
0.004242
0.001699
0.002223
0.001740
0.004390
0.004231
0.001754
0.004354
0.003345
0.004408
0.001633
0.001687
0.001759
0.002056
0.004248
0.001653
0.001738
0.001739
0.002321
0.001684
0.002516
0.001757
0.001752
0.001668
0.001754
0.001783
0.001780
0.001842
0.004332
0.004228
0.001744
0.002332
0.002399
0.004267
0.004239
0.001713
0.004280
0.002228
0.004242
0.001705
0.004289
0.002257
0.001686
0.002682
0.004019
0.004283
0.004273
0.002868
0.004352
0.004239
0.004262
0.004319
0.001776
0.001776
0.001819
0.002331
0.001756
0.002230
0.001760
0.002316
0.002327
0.001767
0.001862
0.001713
0.004254
0.004321
0.004119
0.004374
0.001644
0.002851
0.001668
0.001636
0.001637
0.001719
0.001622
0.001750
0.001685
0.001684
0.001737
0.001818
0.002054
0.001763
0.004174
0.001653
0.001760
0.002843
0.004264
0.004328
0.001735
0.001774
0.004252
0.004297
0.004416
0.004296
0.004253
0.002144
0.002306
0.004106
0.001678
0.002095
0.004271
0.004219
0.004515
0.001778
0.002247
0.001671
0.002330
0.002693
0.004556
0.004271
0.004245
0.001760
0.001849
0.003153
0.004230
0.004217
0.004282
0.004330
0.001767
0.001765
0.001743
0.002823
0.001750
0.002034
0.001791
0.001750
0.001889
0.002995
0.001762
0.001748
0.003223
0.004276
0.004488
0.002007
0.002338
0.004091
0.004232
0.003272
0.001757
0.002686
0.004267
0.001976
0.001807
0.001673
0.002571
0.003426
0.004289
0.004606
0.004252
0.004210
0.004230
0.004275
0.001782
0.004169
0.001691
0.002025
0.002459
0.001768
0.001749
0.001734
0.001732
0.002218
0.003824
0.001881
0.004266
0.004298
0.004235
0.002957
0.001668
0.001721
0.001670
0.001760
0.002213
0.002857
0.001774
0.001957
0.004415
0.004270
0.004260
0.004236
0.002115
0.002114
0.002563
0.003701
0.001776
0.001677
0.002199
0.002600
0.003970
0.002030
0.002768
0.001636
0.003162
0.004257
0.003948
0.004384
0.001748
0.001639
0.001762
0.002090
0.004277
0.002384
0.002371
0.004098
0.004038
0.003926
0.004245
0.001765
0.001759
0.004229
0.003877
0.003935
0.001753
0.001703
0.001768
0.004091
0.004272
0.004250
0.001751
0.001746
0.001852
0.003192
0.004279
0.003041
0.001735
0.003783
0.004387
0.001673
0.001755
0.001760
0.001761
0.003443
0.001763
0.001847
0.004432
0.001642
0.004252
0.001942
0.001731
0.003630
0.004419
0.004329
0.004237
0.001686
0.002074
0.002677
0.004134
0.002070
0.003600
0.004238
0.002411
0.001788
0.001758
0.004378
0.002596
0.004405
0.002427
0.001819
0.002210
0.003250
0.004254
0.004344
0.004258
0.001734
0.002115
0.002214
0.001834
0.002033
0.003599
0.001758
0.001741
0.001690
0.001765
0.001641
0.001640
0.004369
0.002208
0.001632
0.002555
0.002546
0.003945
0.001632
0.002102
0.002756
0.002682
0.002382
0.001654
0.001762
0.001643
0.001755
0.004264
0.004266
0.002198
0.003893
0.004240
0.004244
0.004308
0.004338
0.002068
0.001644
0.002081
0.002045
0.001943
0.004056
0.001694
0.001767
0.004300
0.004304
0.004241
0.003931
0.004240
0.001723
0.004308
0.001762
0.004060
0.004244
0.001758
0.001766
0.001649
0.004197
0.002095
0.002571
0.003104
0.003906
0.001757
0.001725
0.003335
0.004234
0.002157
0.001751
0.001776
0.002257
0.004234
0.004284
0.004212
0.004260
0.001762
0.004455
0.001794
0.004274
0.001866
0.002253
0.001734
0.001758
0.001781
0.001743
0.002379
0.004128
0.001952
0.002233
0.001742
0.002399
0.001677
0.003303
0.001997
0.002814
0.003341
0.001673
0.004281
0.001754
0.002536
0.004507
0.004390
0.004582
0.001964
0.002421
0.003946
0.001657
0.003034
0.002124
0.001762
0.002303
0.002310
0.002301
0.002423
0.002435
0.001778
0.001641
0.002577
0.002590
0.002110
0.003694
0.004237
0.001723
0.003531
0.004021
0.003625
0.001818
0.004227
0.001764
0.001667
0.003625
0.001833
0.002231
0.004287
0.001664
0.001741
0.001650
0.004181
0.002522
0.003984
0.004218
0.004504
0.001781
0.003299
0.001683
0.001764
0.001770
0.003934
0.004245
0.002215
0.002188
0.001747
0.001746
0.002034
0.001781
0.001991
0.001779
0.002000
0.002060
0.001649
0.003139
0.003618
0.003866
0.004219
0.001873
0.004241
0.004219
0.004226
0.004215
0.002213
0.004888
0.001761
0.001755
0.002101
0.001674
0.002211
0.001773
0.001762
0.001645
0.001739
0.001679
0.001680
0.001646
0.002046
0.002193
0.001785
0.002864
0.002938
0.001860
0.001761
0.001636
0.001757
0.001641
0.001778
0.002349
0.002088
0.003614
0.003660
0.004255
0.004411
0.004256
0.003610
0.001788
0.004376
0.001751
0.002830
0.004386
0.004271
0.001691
0.001742
0.002887
0.001775
0.001741
0.002660
0.003524
0.004218
0.001942
0.004214
0.004226
0.004213
0.004342
0.001670
0.002411
0.003208
0.001693
0.004158
0.001818
0.001885
0.001857
0.001775
0.001741
0.004215
0.001940
0.004227
0.004279
0.004278
0.004237
0.004355
0.004382
0.001740
0.001767
0.002423
0.002665
0.004427
0.004223
0.004230
0.002133
0.001784
0.003054
0.003188
0.004151
0.004300
0.004281
0.001831
0.004286
0.004298
0.004265
0.002027
0.003918
0.004362
0.004391
0.004282
0.004263
0.004193
0.004313
0.002260
0.004001
0.001681
0.003665
0.004540
0.004267
0.001776
0.001649
0.004576
0.004226
0.004462
0.004227
0.004399
0.004262
0.004266
0.004317
0.001761
0.004328
0.002695
0.001749
0.004186
0.001858
0.001679
0.004289
0.004312
0.004453
0.002120
0.001778
0.001765
0.002287
0.001811
0.002004
0.003077
0.001752
0.001793
0.001757
0.004094
0.004256
0.004285
0.003310
0.004326
0.004382
0.004271
0.004254
0.004215
0.004248
0.004238
0.004355
0.004380
0.004327
0.004354
