0.003759
0.004477
0.004446
0.001653
0.002112
0.001752
0.001661
0.001864
0.001780
0.002013
0.001822
0.002450
0.004220
0.003128
0.002118
0.003995
0.002137
0.002699
0.003435
0.002738
0.001931
0.003839
0.002163
0.002289
0.003743
0.002098
0.001616
0.002163
0.005065
0.004493
0.002260
0.001793
0.001776
0.002375
0.001655
0.001694
0.001555
0.002954
0.001794
0.003582
0.004100
0.004501
0.001908
0.003405
0.001910
0.001887
0.003392
0.004152
0.002491
0.002462
0.002838
0.002425
0.002318
0.004435
0.003351
0.002482
0.002045
0.004033
0.002418
0.002508
0.003467
0.005219
0.004437
0.006293
0.003228
0.002239
0.002935
0.001568
0.001815
0.001778
0.001628
0.001703
0.003750
0.004863
0.004583
0.001501
0.002454
0.004411
0.001655
0.004027
0.002080
0.002582
0.004168
0.004098
0.002241
0.003386
0.001803
0.003421
0.002932
0.001637
0.003691
0.001633
0.002402
0.001722
0.002003
0.001937
0.002182
0.002842
0.003584
0.003197
0.004619
0.003095
0.003201
0.004840
0.003623
0.003952
0.005233
0.002803
0.004342
0.001490
0.001635
0.002444
0.001522
0.003077
0.002278
0.002174
0.002835
0.001825
0.002802
0.002126
0.004328
0.003790
0.004136
0.002187
0.002498
0.002296
0.002194
0.004349
0.004482
0.003153
0.003547
0.002688
0.003675
0.002592
0.002342
0.003948
0.002273
0.003340
0.003270
0.002504
0.001628
0.002621
0.002385
0.002197
0.002080
0.002115
0.002104
0.004472
0.002588
0.002680
0.004821
0.004982
0.001770
0.002200
0.001701
0.001801
0.001596
0.002659
0.002028
0.002021
0.002068
0.002395
0.003089
0.003477
0.001792
0.002047
0.004031
0.004342
0.001877
0.004778
0.005248
0.004659
0.004505
0.002801
0.003877
0.004190
0.003947
0.004400
0.001776
0.001655
0.001935
0.002817
0.001877
0.003568
0.002212
0.002798
0.002665
0.002717
0.002260
0.002928
0.001999
0.002322
0.003681
0.002944
0.003462
0.003542
0.003946
0.001832
0.001643
0.001754
0.002011
0.001748
0.001608
0.001804
0.002515
0.001846
0.002014
0.004462
0.005469
0.004911
0.004687
0.005071
0.002053
0.004254
0.005023
0.004953
0.005095
0.005005
0.003901
0.004329
0.005009
0.002217
0.004856
0.002012
0.002703
0.003275
0.004061
0.007602
0.001975
0.003093
0.005791
0.002941
0.002343
0.002902
0.002546
0.002041
0.003134
0.002001
0.003113
0.004179
0.001784
0.002027
0.002943
0.004557
0.004375
0.003306
0.002334
0.003361
0.004876
0.002720
0.005987
0.004482
0.004642
0.002989
0.004371
0.001882
0.003886
0.002618
0.001640
0.004336
0.003823
0.001889
0.001762
0.002088
0.001842
0.007200
0.001546
0.001854
0.002219
0.001793
0.001883
0.002630
0.001621
0.002444
0.001597
0.002057
0.001741
0.004178
0.003868
0.004475
0.001637
0.002070
0.005870
0.002038
0.001686
0.002690
0.001925
0.001913
0.003286
0.001822
0.001766
0.002711
0.004444
0.002076
0.002179
0.001833
0.002926
0.002612
0.003660
0.001711
0.001759
0.002997
0.003704
0.002015
0.002653
0.002393
0.002007
0.002184
0.003460
0.003265
0.001775
0.001668
0.004336
0.004241
0.003823
0.004108
0.004617
0.003181
0.003363
0.001722
0.002709
0.004128
0.004120
0.001677
0.001690
0.003671
0.004415
0.002803
0.001769
0.004457
0.003673
0.001674
0.002423
0.001941
0.004894
0.004064
0.001509
0.001585
0.001570
0.002416
0.002467
0.001639
0.001519
0.002276
0.002506
0.001889
0.001995
0.002236
0.001807
0.001862
0.003296
0.004296
0.003012
0.001680
0.003349
0.004252
0.003347
0.004302
0.003622
0.004240
0.003706
0.004090
0.001906
0.001972
0.001808
0.002351
0.001871
0.003198
0.003506
0.002051
0.003216
0.003285
0.002019
0.004034
0.002237
0.001894
0.003330
0.004236
0.003147
0.001711
0.001678
0.002116
0.002794
0.004531
0.001491
0.002041
0.003248
0.004343
0.002025
0.001595
0.001747
0.002063
0.003097
0.001503
0.002073
0.002575
0.002324
0.003307
0.004243
0.004250
0.004528
0.004297
0.001830
0.003543
0.002011
0.001883
0.001658
0.001596
0.003310
0.004093
0.003669
0.002585
0.003466
0.001617
0.003790
0.004319
0.004317
0.003594
0.004231
0.003948
0.004534
0.004560
0.004750
0.003919
0.004245
0.003939
0.001653
0.003741
0.004286
0.001917
0.005469
0.002599
0.004927
0.004654
0.002294
0.001929
0.002161
0.005126
0.002131
0.001971
0.001928
0.004573
0.001571
0.002221
0.001534
0.002189
0.002200
0.002716
0.002082
0.001954
0.002747
0.004592
0.004092
0.003211
0.002339
0.002727
0.004915
0.004396
0.001763
0.004535
0.001807
0.004016
0.004505
0.003670
0.004098
0.004103
0.003182
0.004130
0.004650
0.005056
0.004297
0.005058
0.004813
0.005195
0.004509
0.004386
0.002475
0.001952
0.002083
0.001728
0.002127
0.001736
0.001749
0.002142
0.002364
0.002242
0.004262
0.004947
0.004972
0.003901
0.004808
0.004724
0.001878
0.002155
0.001986
0.001755
0.001700
0.001632
0.002096
0.001764
0.001937
0.001786
0.003326
0.001614
0.001646
0.001877
0.004020
0.004142
0.003897
0.004087
0.004536
0.004240
0.003508
0.003664
0.004430
0.004290
0.004767
0.004143
0.002522
0.002964
0.004099
0.001890
0.003463
0.004098
0.004803
0.004358
0.001800
0.002738
0.001799
0.002391
0.002727
0.004941
0.004264
0.004148
0.002163
0.003579
0.003025
0.004094
0.004340
0.002118
0.001736
0.001688
0.002018
0.001748
0.002527
0.001996
0.001732
0.001620
0.001704
0.002196
0.001707
0.003217
0.002050
0.003325
0.003977
0.003751
0.001530
0.001902
0.003149
0.003761
0.001995
0.001631
0.004851
0.004953
0.002105
0.002033
0.002043
0.002041
0.002930
0.003130
0.003872
0.004096
0.004106
0.003873
0.005223
0.001680
0.002999
0.001931
0.001871
0.002664
0.001925
0.003630
0.001874
0.001904
0.003476
0.003974
0.002102
0.003308
0.004995
0.004737
0.003179
0.002260
0.001608
0.001792
0.002162
0.002193
0.002801
0.002050
0.001997
0.002469
0.004046
0.003868
0.004507
0.001729
0.002116
0.001877
0.003480
0.002394
0.002504
0.001917
0.004452
0.004228
0.002487
0.004030
0.001835
0.004793
0.005032
0.003015
0.003994
0.001703
0.001656
0.002116
0.001638
0.002291
0.002022
0.002426
0.002080
0.002547
0.003156
0.004071
0.001659
0.002033
0.003017
0.001818
0.001773
0.001863
0.001622
0.001546
0.003516
0.003763
0.003921
0.001709
0.001812
0.003698
0.003012
0.004204
0.002461
0.001671
0.002217
0.004327
0.004523
0.002024
0.002081
0.001961
0.003038
0.002120
0.003765
0.003607
0.001971
0.003462
0.004428
0.004846
0.004125
0.004951
0.005062
0.005095
0.004521
0.003735
0.003639
0.004732
0.004781
0.004362
0.004881
0.003017
0.001762
0.001826
0.003939
0.003797
0.003722
0.002926
0.002229
0.002546
0.003368
0.004690
0.004838
0.003839
0.001660
0.002097
0.001984
0.001645
0.002008
0.003306
0.001921
0.001599
0.001663
0.004432
0.001794
0.002389
0.004412
0.004065
0.001708
0.002472
0.002963
0.003794
0.002402
0.002138
0.002006
0.002618
0.003868
0.002452
0.002284
0.004672
0.004427
0.004884
0.005015
0.002646
0.004567
0.002554
0.004895
0.005198
0.004798
0.003864
0.002070
0.002155
0.002340
0.001996
0.002415
0.002329
0.004255
0.002505
0.003981
0.004629
0.002511
0.003933
0.001821
0.004244
0.001605
0.002295
0.005110
0.002211
0.002106
0.002584
0.003419
0.004441
0.002668
0.003594
0.004269
0.003785
0.003728
0.004411
0.002803
0.002412
0.002227
0.001977
0.002613
0.002533
0.003923
0.001782
0.004336
0.001645
0.004238
0.003498
0.004018
0.002203
0.002246
0.003281
0.001794
0.001911
0.001797
0.002793
0.001945
0.002127
0.001975
0.002098
0.002492
0.001896
0.002795
0.002124
0.002232
0.003618
0.001885
0.003084
0.003216
0.003782
0.004073
0.003937
0.004283
0.003716
0.004657
0.004578
0.002174
0.004198
0.003577
0.001990
0.002168
0.002219
0.002256
0.002586
0.002738
0.001764
0.002098
0.003974
0.002826
0.002049
0.003021
0.004356
0.002099
0.001832
0.002045
0.004656
0.003763
0.003154
0.002802
0.002102
0.003237
0.002515
0.002225
0.003156
0.001632
0.002750
0.002699
0.002164
0.004300
0.004551
0.003597
0.002951
0.001867
0.002322
0.001688
0.001791
0.001754
0.001940
0.004531
0.002907
0.002714
0.001600
0.001987
0.002370
0.001857
0.002519
0.002042
0.002388
0.001903
0.001924
0.001527
0.003344
0.003321
0.002456
0.004826
0.004016
0.003670
0.003767
0.003823
0.002809
0.003696
0.001580
0.002252
0.001887
0.001951
0.001861
0.001616
0.001653
0.001622
0.001855
0.001596
0.001484
0.001657
0.002217
0.003069
0.001716
0.001824
0.002530
0.001602
0.001499
0.001570
0.001550
0.001534
0.001558
0.002103
0.002315
0.003308
0.004299
0.003969
0.004483
0.003800
0.007786
0.003260
0.004179
0.001881
0.002092
0.003627
0.004307
0.003752
0.002809
0.003851
0.001609
0.003340
0.001877
0.003394
0.003866
0.003141
0.003326
0.004072
0.004166
0.004158
0.002511
0.002738
0.003119
0.001782
0.003054
0.001875
0.001685
0.002231
0.001784
0.002930
0.002946
0.001980
0.004594
0.005006
0.004841
0.005289
0.005654
0.004765
0.002066
0.002125
0.002139
0.004155
0.004389
0.004935
0.004562
0.002071
0.002401
0.003651
0.004011
0.004809
0.004374
0.004916
0.004126
0.004577
0.004409
0.003862
0.004347
0.003879
0.004791
0.004520
0.004180
0.005011
0.003987
0.004708
0.003646
0.002732
0.001658
0.003443
0.002435
0.004341
0.001688
0.001604
0.003930
0.003262
0.004791
0.004519
0.004297
0.004542
0.004657
0.004589
0.001758
0.004380
0.002622
0.003977
0.003865
0.005068
0.002294
0.002542
0.004889
0.004874
0.001937
0.002060
0.002120
0.004040
0.003345
0.003531
0.003417
0.003799
0.001865
0.002205
0.003524
0.004909
0.004981
0.005005
0.002601
0.004828
0.004817
0.003902
0.004006
0.004127
0.004438
0.005401
0.004304
0.004064
0.004682
