0.000961
0.000753
0.000886
0.001099
0.000467
0.000357
0.000398
0.000737
0.000514
0.000346
0.000530
0.000824
0.001117
0.000291
0.000303
0.001154
0.000644
0.000371
0.000383
0.000291
0.000453
0.000373
0.000342
0.000370
0.000300
0.000276
0.000286
0.000284
0.000355
0.000294
0.000355
0.000532
0.000296
0.000283
0.000292
0.000410
0.000591
0.000439
0.000293
0.000341
0.000280
0.000796
0.000287
0.000651
0.000277
0.001004
0.000371
0.000611
0.000582
0.000735
0.000674
0.000360
0.000283
0.000341
0.000617
0.000703
0.000588
0.000319
0.000930
0.000520
0.000702
0.000493
0.000650
0.000733
0.000730
0.000805
0.000562
0.000284
0.000286
0.000272
0.000873
0.000380
0.000349
0.000570
0.000312
0.000285
0.000583
0.000370
0.000387
0.000458
0.000355
0.000269
0.000323
0.000677
0.000689
0.000568
0.000642
0.000761
0.000753
0.000358
0.000510
0.000695
0.000565
0.000524
0.002639
0.000845
0.000753
0.000385
0.001652
0.000821
0.000388
0.000647
0.000649
0.000364
0.000360
0.000500
0.000578
0.000531
0.000241
0.000451
0.000224
0.000707
0.000677
0.000681
0.000488
0.000286
0.000282
0.000401
0.000476
0.000465
0.000437
0.000430
0.000242
0.000658
0.000281
0.000424
0.000743
0.000709
0.000285
0.000288
0.000301
0.000466
0.000325
0.000380
0.000312
0.000364
0.000495
0.000342
0.000578
0.000299
0.000464
0.000290
0.000313
0.000397
0.000689
0.000543
0.000654
0.000368
0.000355
0.000437
0.000538
0.000245
0.000459
0.000273
0.000416
0.000573
0.000315
0.000231
0.000272
0.000579
0.000697
0.000788
0.000690
0.000327
0.000605
0.000673
0.000527
0.000279
0.000693
0.000486
0.000559
0.000308
0.000294
0.000401
0.000380
0.000378
0.000350
0.000307
0.000286
0.000445
0.000788
0.000374
0.000300
0.000772
0.000456
0.000342
0.000289
0.000280
0.000287
0.000284
0.000353
0.000291
0.000285
0.000282
0.000275
0.000295
0.000359
0.000327
0.000521
0.000505
0.000359
0.000526
0.000871
0.000763
0.000722
0.000288
0.000411
0.000713
0.000464
0.000576
0.000540
0.000589
0.000237
0.000490
0.000644
0.000924
0.000248
0.000362
0.000232
0.000235
0.000243
0.000231
0.000568
0.001297
0.000511
0.000495
0.000622
0.000319
0.000285
0.000290
0.001264
0.000942
0.000763
0.000399
0.000832
0.000813
0.001129
0.000751
0.000804
0.000742
0.000289
0.000266
0.000284
0.000271
0.000263
0.000515
0.000371
0.000360
0.000544
0.000540
0.000549
0.000447
0.000274
0.000679
0.000496
0.000516
0.000286
0.000235
0.000511
0.000623
0.000305
0.000437
0.000305
0.000531
0.000542
0.000239
0.000300
0.000524
0.000671
0.000835
0.000626
0.000282
0.000306
0.002169
0.000283
0.000446
0.000386
0.000259
0.000286
0.000230
0.000482
0.000346
0.000268
0.000627
0.000296
0.000292
0.000496
0.000229
0.000276
0.000315
0.000229
0.000477
0.000374
0.000374
0.000275
0.000278
0.000483
0.000390
0.000458
0.000340
0.000285
0.000404
0.000544
0.000570
0.000393
0.000308
0.000281
0.000281
0.000479
0.000746
0.000648
0.000661
0.000612
0.000772
0.000445
0.000281
0.000499
0.000461
0.000365
0.000654
0.000783
0.000820
0.000720
0.000293
0.000620
0.000295
0.000290
0.000267
0.000296
0.000236
0.000420
0.000297
0.000365
0.000286
0.000248
0.000237
0.000417
0.000598
0.000332
0.000517
0.000332
0.000813
0.000477
0.000272
0.000659
0.000632
0.000760
0.000671
0.000657
0.000595
0.000456
0.000527
0.000299
0.000691
0.000410
0.000367
0.000287
0.000304
0.000292
0.000271
0.000596
0.000747
0.000580
0.000291
0.000644
0.000275
0.000290
0.000680
0.000522
0.000501
0.000319
0.000398
0.000532
0.000358
0.000532
0.000529
0.000437
0.000372
0.000516
0.000396
0.000942
0.000701
0.000739
0.000930
0.000444
0.000238
0.000347
0.000454
0.000448
0.000225
0.000399
0.000278
0.000628
0.001964
0.000487
0.000568
0.000637
0.000603
0.000629
0.000616
0.000469
0.000239
0.000246
0.000417
0.000262
0.000440
0.000262
0.000231
0.000237
0.000329
0.000497
0.000684
0.000445
0.000323
0.000646
0.000242
0.000276
0.000266
0.000613
0.000555
0.000232
0.000237
0.000567
0.000557
0.000482
0.000811
0.000313
0.000278
0.000487
0.000531
0.000753
0.000643
0.000755
0.000281
0.000301
0.000596
0.000326
0.000390
0.000387
0.000388
0.000496
0.000275
0.000676
0.000627
0.000463
0.000385
0.000286
0.000276
0.000427
0.000286
0.000515
0.000444
0.000564
0.000440
0.000824
0.000506
0.000643
0.000312
0.000499
0.001560
0.000596
0.000418
0.000385
0.000655
0.000759
0.000991
0.000371
0.000296
0.000611
0.000601
0.000280
0.000296
0.000290
0.000397
0.000296
0.000499
0.000301
0.000556
0.000357
0.000351
0.000852
0.000473
0.000287
0.000541
0.000357
0.000586
0.000294
0.000546
0.000789
0.000717
0.000278
0.000380
0.000325
0.000386
0.000646
0.000455
0.000290
0.000411
0.000467
0.000582
0.000289
0.000483
0.000466
0.000913
0.001198
0.000501
0.000480
0.000704
0.000319
0.000332
0.000412
0.000725
0.000350
0.000573
0.000354
0.000283
0.000458
0.000771
0.000863
0.000639
0.000644
0.000806
0.000901
0.000327
0.000262
0.000435
0.000325
0.000307
0.000609
0.000305
0.000557
0.000760
0.000295
0.000363
0.000540
0.000617
0.000274
0.000504
0.000744
0.000740
0.000634
0.000787
0.000808
0.000729
0.000493
0.000413
0.000398
0.000359
0.000847
0.000385
0.000390
0.000744
0.000297
0.000301
0.000277
0.000649
0.000753
0.000759
0.000705
0.000676
0.000893
0.000745
0.000647
0.000297
0.000525
0.000351
0.000338
0.000447
0.000293
0.000534
0.000768
0.000588
0.000516
0.000583
0.000720
0.000763
0.000712
0.000334
0.000576
0.000288
0.000233
0.000237
0.000229
0.000250
0.000282
0.000657
0.000367
0.000552
0.000539
0.001001
0.000648
0.000315
0.000434
0.000244
0.000264
0.000370
0.000361
0.000291
0.000242
0.000227
0.000232
0.000314
0.000227
0.000247
0.000680
0.000386
0.000459
0.000475
0.000440
0.000804
0.000734
0.000401
0.000567
0.000511
0.001018
0.000299
0.000507
0.000281
0.001081
0.000576
0.000852
0.000764
0.000378
0.000456
0.000584
0.000348
0.000294
0.000910
0.000653
0.000341
0.000485
0.000301
0.000412
0.000280
0.000746
0.000499
0.000639
0.000289
0.000292
0.000368
0.000274
0.000485
0.000753
0.000610
0.000665
0.000603
0.000745
0.000355
0.001027
0.000607
0.000462
0.000539
0.000286
0.000371
0.000330
0.000753
0.000514
0.000344
0.000585
0.000445
0.000546
0.000424
0.000641
0.000296
0.000443
0.000480
0.000543
0.000280
0.000302
0.000295
0.000286
0.000277
0.000287
0.000323
0.000265
0.000528
0.000246
0.000533
0.000250
0.000468
0.000366
0.000887
0.000661
0.000499
0.000677
0.000312
0.000642
0.000298
0.000224
0.000229
0.000230
0.000267
0.000487
0.000612
0.000710
0.000837
0.000682
0.000683
0.000365
0.000288
0.000422
0.000297
0.000474
0.000575
0.000334
0.000680
0.000316
0.000624
0.000366
0.000222
0.000223
0.000234
0.000613
0.000626
0.000564
0.001116
0.000523
0.000521
0.000608
0.000289
0.000236
0.000414
0.000306
0.000235
0.000304
0.000242
0.000520
0.000297
0.000570
0.000408
0.000866
0.000698
0.000279
0.000755
0.000778
0.000323
0.000429
0.000339
0.000629
0.000719
0.000484
0.000272
0.000455
0.000352
0.000315
0.000299
0.000587
0.000238
0.000253
0.000241
0.000403
0.000525
0.000524
0.000550
0.000445
0.000551
0.000238
0.000233
0.000223
0.000782
0.000289
0.000597
0.000515
0.000308
0.000389
0.000547
0.000311
0.000791
0.000311
0.000331
0.000476
0.000386
0.000332
0.000375
0.000308
0.000289
0.000977
0.000363
0.000370
0.000288
0.000295
0.000280
0.000370
0.000431
0.000496
0.000621
0.000579
0.000347
0.000844
0.000326
0.000291
0.000758
0.001048
0.000395
0.000494
0.000273
0.000272
0.000276
0.000223
0.000631
0.000632
0.000365
0.000236
0.000231
0.000357
0.000297
0.000297
0.000277
0.000282
0.000513
0.000783
0.000719
0.000351
0.000442
0.000344
0.000343
0.000461
0.000741
0.000405
0.000844
0.000636
0.000661
0.000729
0.000696
0.000668
0.000703
0.000484
0.000518
0.001113
0.000512
0.000579
0.000680
0.000390
0.000852
0.000380
0.000464
0.000342
0.000275
0.000847
0.000246
0.000465
0.000579
0.000652
0.000659
0.000556
0.000579
0.000595
0.000567
0.000967
0.002690
0.000439
0.000548
0.000316
0.000310
0.000279
0.000348
0.000342
0.000351
0.000301
0.000290
0.000542
0.000293
0.000300
0.000442
0.000434
0.000286
0.000696
0.000560
0.000356
0.000351
0.000339
0.000424
0.000348
0.000841
0.000644
0.000548
0.000534
0.000646
0.000260
0.000632
0.000632
0.000284
0.000488
0.000276
0.000443
0.000831
0.000513
0.000301
0.000277
0.000511
0.000363
0.000791
0.000976
0.000883
0.000695
0.000313
0.000270
0.000516
0.000570
0.000642
0.000372
0.000385
0.000291
0.000379
0.000379
0.000509
0.000350
0.000332
0.000420
0.000458
0.000311
0.000305
0.000307
0.000306
0.000274
0.000503
0.000289
0.000515
0.001730
0.000378
0.000697
0.000690
0.000702
0.000908
0.000856
0.000815
0.000862
0.000715
0.000895
0.000424
0.000392
0.000609
0.000597
0.000634
0.000581
0.000858
0.000923
0.000677
0.000295
0.000265
0.000275
0.000713
0.000387
0.001159
0.000639
0.000369
0.000459
0.000449
0.000417
0.000900
0.000707
0.000606
0.000305
0.000894
0.000734
0.000855
0.000744
0.000758
0.000600
0.000579
0.000535
0.000605
0.000779
0.000752
0.001061
0.000566
0.000803
0.000669
0.000910
0.000813
0.000813
0.000688
0.000737
0.000412
0.000709
0.000563
0.000687
0.000753
0.000743
0.000470
0.000808
0.000758
0.000932
0.000904
0.000809
0.000878
0.000531
0.000358
0.000588
0.000530
0.000577
0.000389
0.000273
0.000511
0.000211
0.003612
0.000291
0.000296
0.000288
0.000224
