1.4469999999999986e-6
0.0005037719999999998
5.053000000000017e-6
6.046834229925954e-8
1.664435311312983e-5
2.1804657371375708e-7
1.5824000000000023e-5
0.0005193590000000003
1.8961000000000105e-5
4.5353035817438427e-7
1.696943942357408e-5
5.184927682723749e-7
0.00020523300000000025
0.0006155240000000003
0.0002777519999999999
5.5881121894466125e-6
2.2575445608900856e-5
7.413755171959077e-6
0.002586583999999998
0.003035967999999999
0.0027841979999999977
6.789706856481876e-5
7.262144337550675e-5
6.97973332937507e-5
0.023544215
0.019534207000000026
0.022579675000000004
0.0001956898204734649
0.00021890479780741924
0.00019073732676464053
