0.002456
0.002362
0.002201
0.003546
0.003782
0.005537
0.003706
0.003030
0.002128
0.002404
0.002416
0.003091
0.003448
0.002327
0.004015
0.002543
0.002345
0.002737
0.002521
0.002991
0.002132
0.003372
0.002081
0.003202
0.002612
0.002358
0.003811
0.003325
0.002359
0.002332
0.002038
0.002159
0.002160
0.002373
0.002141
0.002435
0.002169
0.002138
0.002129
0.002459
0.002698
0.002279
0.002203
0.002472
0.002815
0.001940
0.002521
0.003039
0.002169
0.003078
0.005003
0.002299
0.002258
0.003109
0.002186
0.002298
0.002532
0.002690
0.002256
0.002232
0.002713
0.002646
0.002609
0.002140
0.002283
0.002402
0.002237
0.002366
0.003417
0.002300
0.003356
0.003003
0.002334
0.002105
0.002882
0.002666
0.002470
0.002333
0.002620
0.005439
0.002629
0.002219
0.002800
0.002428
0.002868
0.002274
0.002317
0.002564
0.004107
0.003421
0.005267
0.003090
0.002612
0.003376
0.003870
0.003195
0.002340
0.002400
0.002130
0.002654
0.002157
0.002712
0.002167
0.002067
0.002609
0.002807
0.002305
0.002137
0.002577
0.002890
0.003007
0.002063
0.002156
0.002498
0.003598
0.002736
0.002448
0.006822
0.003444
0.002031
0.002525
0.003955
0.005691
0.002148
0.002732
0.003309
0.002374
0.002358
0.002264
0.002397
0.002398
0.002093
0.002255
0.001892
0.002542
0.002340
0.002667
0.002293
0.004972
0.004608
0.005540
0.003762
0.002476
0.002529
0.002753
0.002395
0.002688
0.003206
0.002025
0.002102
0.002119
0.004700
0.002357
0.002642
0.002912
0.002230
0.002436
0.002157
0.002372
0.002101
0.002522
0.002052
0.002487
0.002295
0.002239
0.002515
0.003208
0.002102
0.002618
0.003762
0.002520
0.002721
0.002589
0.002722
0.002299
0.002283
0.003193
0.002080
0.002451
0.002078
0.002987
0.002369
0.002681
0.002250
0.002459
0.002117
0.002295
0.002250
0.002918
0.002548
0.002484
0.002366
0.003770
0.002041
0.002023
0.002697
0.002878
0.002144
0.002751
0.002105
0.002364
0.002255
0.002659
0.002985
0.002575
0.002932
0.002181
0.002603
0.002589
0.003262
0.002376
0.002523
0.002170
0.002397
0.002600
0.002403
0.002295
0.002411
0.002852
0.004593
0.005135
0.002334
0.003201
0.003227
0.005398
0.005969
0.005096
0.002433
0.002644
0.002020
0.001830
0.002352
0.003935
0.002377
0.003591
0.003101
0.002949
0.002358
0.002278
0.002466
0.006684
0.005009
0.005265
0.002945
0.002151
0.002201
0.002188
0.003126
0.002284
0.002350
0.004170
0.004228
0.002340
0.002450
0.003154
0.002355
0.002823
0.002429
0.002491
0.004775
0.005645
0.005672
0.005353
0.005390
0.004994
0.005149
0.004900
0.005047
0.003123
0.002107
0.002088
0.002045
0.002330
0.002697
0.002336
0.002354
0.002668
0.002096
0.002635
0.002952
0.004075
0.001999
0.002409
0.002287
0.002267
0.004831
0.005087
0.002422
0.002077
0.002307
0.002366
0.002183
0.001947
0.002303
0.003145
0.003592
0.002155
0.003947
0.002165
0.004399
0.004950
0.004932
0.005154
0.005594
0.002611
0.002766
0.002447
0.002274
0.002148
0.003658
0.002080
0.002275
0.002176
0.002224
0.002443
0.002257
0.004535
0.002133
0.003665
0.003193
0.004124
0.002159
0.002186
0.002235
0.002175
0.002413
0.002751
0.002152
0.002198
0.002925
0.001995
0.002070
0.002444
0.002339
0.004350
0.002040
0.002323
0.002400
0.002327
0.002068
0.003054
0.002118
0.002253
0.005348
0.005431
0.002883
0.002696
0.002637
0.003134
0.002286
0.002220
0.002884
0.003078
0.002530
0.003735
0.002251
0.002479
0.002295
0.002102
0.002308
0.002076
0.001915
0.002223
0.003594
0.004736
0.005500
0.004115
0.002180
0.002554
0.002365
0.003342
0.002207
0.002302
0.002240
0.002730
0.002093
0.002206
0.002322
0.002289
0.002516
0.002393
0.002389
0.002064
0.003306
0.003691
0.005423
0.006548
0.005367
0.002044
0.002223
0.002373
0.002096
0.002822
0.002380
0.002186
0.002642
0.003544
0.005250
0.005768
0.005914
0.002297
0.002786
0.003021
0.002658
0.002741
0.003387
0.002042
0.002421
0.001940
0.002529
0.002735
0.002077
0.002402
0.002672
0.003004
0.002233
0.002320
0.002756
0.002256
0.002120
0.002079
0.004058
0.002589
0.002529
0.002463
0.002633
0.002338
0.002256
0.002413
0.005296
0.005078
0.002449
0.006408
0.002085
0.002170
0.002938
0.003056
0.003277
0.002339
0.002853
0.002054
0.002821
0.002257
0.002025
0.002032
0.002192
0.002157
0.001995
0.002210
0.003061
0.003430
0.004364
0.005170
0.005912
0.004721
0.002005
0.002012
0.003025
0.002502
0.002842
0.002831
0.002272
0.002348
0.002418
0.002340
0.002492
0.002660
0.002881
0.002549
0.002697
0.003147
0.002411
0.002697
0.004141
0.005126
0.002047
0.004327
0.001960
0.001875
0.002170
0.003625
0.006195
0.005567
0.002503
0.002564
0.002964
0.002116
0.002747
0.002281
0.002660
0.002352
0.002408
0.002921
0.002212
0.003533
0.003402
0.003704
0.003389
0.002330
0.002190
0.002998
0.002167
0.002364
0.002158
0.002169
0.002058
0.002049
0.003379
0.002314
0.004649
0.002126
0.002379
0.002702
0.002266
0.002338
0.002423
0.002009
0.002332
0.002308
0.002273
0.002116
0.003362
0.002904
0.002383
0.002116
0.002007
0.002315
0.002713
0.005100
0.004915
0.005197
0.005077
0.005422
0.006052
0.005329
0.002209
0.002062
0.001970
0.002044
0.002773
0.003343
0.003040
0.003206
0.002313
0.002252
0.002474
0.002226
0.002645
0.002025
0.003174
0.002455
0.002335
0.002229
0.002246
0.002352
0.002465
0.002139
0.002682
0.002512
0.002291
0.002371
0.002855
0.003466
0.003651
0.005693
0.005777
0.006137
0.002260
0.003815
0.004184
0.004940
0.002104
0.002700
0.002530
0.002483
0.003600
0.003207
0.002015
0.002358
0.002706
0.002377
0.002990
0.002305
0.002094
0.002598
0.002938
0.002006
0.002371
0.002165
0.002978
0.001950
0.003531
0.004657
0.002057
0.002297
0.002952
0.001943
0.002050
0.002873
0.001917
0.002026
0.002372
0.002332
0.002464
0.002118
0.002146
0.002915
0.005535
0.004927
0.004757
0.002509
0.002121
0.002773
0.002647
0.002041
0.002102
0.002112
0.004284
0.004470
0.005428
0.002285
0.003216
0.001957
0.002242
0.002044
0.002098
0.002469
0.002047
0.002610
0.002272
0.002103
0.002041
0.003158
0.003439
0.002154
0.002145
0.002188
0.002300
0.002211
0.004255
0.004795
0.002272
0.002255
0.003150
0.002220
0.002374
0.002238
0.002121
0.002112
0.002048
0.002197
0.002161
0.002696
0.002284
0.002505
0.002494
0.002014
0.001900
0.002230
0.002131
0.002216
0.002064
0.002801
0.003183
0.005079
0.002265
0.002339
0.002154
0.002959
0.002216
0.003262
0.002575
0.003784
0.005377
0.005483
0.005504
0.006050
0.005937
0.003646
0.005887
0.004306
0.003213
0.002440
0.003111
0.005884
0.006123
0.005510
0.002370
0.003636
0.002121
0.002504
0.002600
0.002273
0.003222
0.005049
0.005103
0.002505
0.002101
0.002090
0.002506
0.002208
0.002873
0.001891
0.002576
0.002128
0.002379
0.002721
0.002521
0.002239
0.002767
0.002042
0.002094
0.003646
0.002187
0.002601
0.002063
0.002548
0.002471
0.002378
0.002414
0.002450
0.002736
0.002993
0.003762
0.002250
0.002435
0.002710
0.002102
0.002142
0.002352
0.003934
0.002042
0.002884
0.002083
0.003013
0.003553
0.005242
0.005577
0.005105
0.005413
0.002080
0.002691
0.002487
0.003053
0.002109
0.002215
0.002242
0.002540
0.002617
0.003745
0.004159
0.004454
0.005628
0.004915
0.005668
0.005286
0.005840
0.005546
0.003346
0.003659
0.002344
0.002545
0.002135
0.002548
0.002241
0.002215
0.002071
0.002299
0.002278
0.002176
0.002221
0.003290
0.004208
0.005652
0.002313
0.002437
0.002108
0.002224
0.002190
0.002349
0.003592
0.003650
0.002329
0.002205
0.002039
0.002149
0.002474
0.002046
0.002506
0.002063
0.002323
0.002008
0.002318
0.003583
0.001978
0.002010
0.002682
0.003562
0.005586
0.006137
0.002213
0.002066
0.002424
0.002302
0.002219
0.002363
0.002116
0.002323
0.002296
0.002685
0.003450
0.003348
0.003931
0.005549
0.002223
0.002055
0.002611
0.002606
0.003765
0.002098
0.002330
0.001941
0.002068
0.002298
0.003171
0.002059
0.002145
0.002113
0.001999
0.002747
0.002191
0.002714
0.002518
0.002807
0.002910
0.003727
0.004213
0.004855
0.005280
0.004788
0.002164
0.002332
0.002164
0.002731
0.002409
0.002328
0.002329
0.002678
0.002010
0.002409
0.002045
0.002195
0.003329
0.002398
0.002972
0.002510
0.002317
0.002294
0.003030
0.005085
0.002078
0.002046
0.005315
0.002049
0.001848
0.002221
0.006562
0.005146
0.002276
0.002211
0.001944
0.001891
0.002400
0.002166
0.002490
0.002409
0.004871
0.006160
0.004138
0.004684
0.006841
0.005616
0.002026
0.003262
0.005116
0.005044
0.002821
0.004979
0.002264
0.002301
0.003199
0.004103
0.005586
0.005248
0.002111
0.003466
0.002681
0.002110
0.002533
0.002178
0.002010
0.002061
0.003003
0.003818
0.002401
0.002120
0.004147
0.002163
0.002672
0.004939
0.005218
0.002832
0.004775
0.001888
0.002010
0.001965
0.002606
0.002282
0.003339
0.003646
0.004642
0.002623
0.002649
0.002317
0.001999
0.002507
0.002182
0.002194
0.002472
0.001987
0.002400
0.003730
0.004550
0.002203
0.002158
0.002237
0.004879
0.002351
0.002249
0.002761
0.001914
0.003251
0.003715
0.002185
0.002340
0.003248
0.002299
0.002823
0.002361
0.002654
0.002318
0.002968
0.004816
0.005423
0.005329
0.002098
0.002220
0.002535
0.002074
0.002367
0.002302
0.001988
0.002022
0.002938
0.002173
0.002306
0.002326
0.002371
0.002023
0.002559
0.002150
0.004371
0.005066
0.005277
0.005012
0.002570
0.002156
0.002698
0.002276
0.002375
0.002418
0.003200
0.002090
0.002313
0.002279
0.002356
0.003413
0.005121
0.005556
0.002026
0.002229
0.003342
0.002829
0.002320
0.003000
0.002061
0.002615
0.003154
0.002289
0.002218
