0.027231
0.024976
0.021542
0.027014
0.021993
0.023554
0.031632
0.031461
0.021761
0.021948
0.021779
0.024628
0.021549
0.020822
0.023295
0.025299
0.021313
0.024530
0.023326
0.029177
0.029334
0.020970
0.023805
0.021481
0.024851
0.027227
0.021618
0.023439
0.031713
0.029126
0.023864
0.023474
0.023789
0.023268
0.023943
0.023619
0.021198
0.020981
0.024757
0.021448
0.022078
0.021995
0.022039
0.020875
0.026439
0.021416
0.023493
0.020992
0.022852
0.027670
0.024263
0.023630
0.020136
0.020071
0.019841
0.024393
0.022106
0.020936
0.019856
0.023785
0.021500
0.021158
0.024850
0.021242
0.020910
0.021302
0.025546
0.020984
0.021057
0.021206
0.020746
0.020459
0.020777
0.020697
0.023803
0.025463
0.028919
0.020864
0.021482
0.027269
0.020976
0.021721
0.021187
0.022955
0.022006
0.023014
0.023569
0.023305
0.022650
0.021242
0.030199
0.029944
0.020602
0.024409
0.021462
0.023087
0.024951
0.023392
0.028331
0.020865
0.026212
0.021160
0.025732
0.024485
0.023057
0.020564
0.023420
0.025405
0.020244
0.023051
0.020619
0.024127
0.022720
0.022496
0.020264
0.024564
0.021470
0.020428
0.020194
0.020731
0.020385
0.020480
0.020307
0.020067
0.020529
0.025420
0.021558
0.020826
0.020589
0.020567
0.022935
0.026044
0.021174
0.025348
0.021572
0.022495
0.022176
0.026116
0.024533
0.021418
0.028903
0.022565
0.029162
0.025088
0.021478
0.029691
0.025576
0.027319
0.023086
0.021176
0.024568
0.021608
0.021574
0.021755
0.021732
0.025176
0.021594
0.021557
0.024080
0.026057
0.021700
0.026200
0.021893
0.023989
0.023660
0.025495
0.022572
0.023619
0.026398
0.021557
0.026045
0.021736
0.021618
0.021392
0.020919
0.021129
0.024146
0.025717
0.021499
0.021517
0.021397
0.023452
0.021678
0.021451
0.021267
0.021273
0.021921
0.022808
0.024440
0.021178
0.020935
0.021670
0.021308
0.021039
0.024228
0.030792
0.021065
0.022303
0.026320
0.020579
0.024423
0.021753
0.020601
0.020917
0.028736
0.023392
0.021367
0.021633
0.026693
0.022538
0.020763
0.020723
0.023668
0.022446
0.025548
0.025847
0.022615
0.023389
0.020361
0.024949
0.020514
0.022883
0.020101
0.022746
0.026370
0.020616
0.029312
0.020659
0.020859
0.020986
0.023573
0.022102
0.020624
0.020978
0.020910
0.020527
0.023136
0.021410
0.023821
0.027596
0.021128
0.028708
0.021788
0.024109
0.021234
0.023818
0.020846
0.020068
0.020103
0.020109
0.025229
0.020926
0.020269
0.024120
0.021406
0.020155
0.022345
0.020200
0.024516
0.021008
0.020607
0.020639
0.023429
0.030547
0.028967
0.027517
0.023663
0.024752
0.022859
0.020584
0.023240
0.020702
0.020819
0.021303
0.021230
0.029021
0.021752
0.021414
0.021202
0.023795
0.025263
0.021379
0.021177
0.025307
0.021665
0.022519
0.023594
0.025071
0.026209
0.022963
0.022950
0.020895
0.024901
0.028099
0.030813
0.021967
0.024513
0.026829
0.024825
0.021979
0.022444
0.021251
0.025934
0.024512
0.021116
0.021083
0.021156
0.021121
0.021367
0.021012
0.023351
0.021113
0.021224
0.021412
0.022605
0.028125
0.021084
0.025457
0.020914
0.020585
0.021260
0.024091
0.023496
0.028479
0.031631
0.020823
0.020693
0.023174
0.023214
0.020643
0.020513
0.029493
0.024780
0.031072
0.023367
0.020750
0.021133
0.020986
0.020955
0.027541
0.032247
0.021120
0.021082
0.029886
0.021655
0.021268
0.021034
0.021060
0.024662
0.023802
0.021017
0.021464
0.024476
0.029792
0.025235
0.023470
0.026046
0.025724
0.020984
0.020758
0.025674
0.020937
0.025764
0.021028
0.020987
0.020930
0.025955
0.021013
0.020870
0.020705
0.020800
0.025931
0.020760
0.020936
0.024975
0.023507
0.027747
0.023798
0.020733
0.023896
0.024510
0.022242
0.020614
0.023303
0.020525
0.024070
0.023610
0.020472
0.020729
0.027553
0.025846
0.021299
0.021135
0.021403
0.023266
0.021353
0.023463
0.022037
0.021904
0.024884
0.021284
0.029417
0.021184
0.020775
0.023520
0.024431
0.023091
0.022936
0.024576
0.023308
0.020408
0.020528
0.026820
0.020403
0.022905
0.020315
0.020678
0.028809
0.024980
0.021024
0.020439
0.020656
0.021304
0.020242
0.020221
0.021847
0.020643
0.023758
0.020195
0.022013
0.024255
0.020425
0.023891
0.024183
0.024182
0.021215
0.023609
0.024255
0.021601
0.026616
0.029090
0.021557
0.021472
0.021457
0.021097
0.025695
0.023870
0.020654
0.020527
0.020961
0.024000
0.024471
0.023023
0.020627
0.023165
0.023215
0.023446
0.023881
0.025591
0.020806
0.031401
0.023298
0.021190
0.026346
0.024262
0.023888
0.028307
0.020097
0.024212
0.022321
0.019969
0.019910
0.020091
0.022640
0.020275
0.020056
0.028956
0.021593
0.026456
0.024744
0.022036
0.021996
0.022211
0.024589
0.024433
0.021970
0.026866
0.022486
0.021899
0.023773
0.024317
0.023887
0.020876
0.020806
0.020594
0.020735
0.031087
0.025763
0.025977
0.020614
0.020661
0.022218
0.021060
0.020640
0.021458
0.025379
0.021032
0.027087
0.029380
0.020754
0.026022
0.020639
0.020478
0.027729
0.020430
0.026279
0.026588
0.020871
0.025092
0.020452
0.020679
0.023963
0.029093
0.021583
0.022520
0.021089
0.020821
0.023475
0.020379
0.020467
0.020608
0.022730
0.020736
0.020831
0.020607
0.020522
0.020384
0.020154
0.020951
0.020233
0.020111
0.020434
0.025652
0.020778
0.021213
0.025092
0.020525
0.028252
0.020120
0.020201
0.020427
0.031763
0.027065
0.024052
0.020676
0.023229
0.024422
0.021232
0.022718
0.027846
0.020484
0.027688
0.020444
0.021706
0.022937
0.023769
0.020770
0.020446
0.022672
0.020636
0.021600
0.024396
0.020319
0.022917
0.023553
0.020526
0.024287
0.024387
0.023142
0.020725
0.026505
0.020778
0.028940
0.020641
0.021117
0.020869
0.021421
0.021240
0.020880
0.024154
0.021012
0.020775
0.021163
0.020814
0.027216
0.022874
0.020928
0.021207
0.020819
0.022746
0.023731
0.023481
0.021153
0.024753
0.020847
0.020996
0.026007
0.020770
0.020731
0.020745
0.026409
0.030026
0.026655
0.020815
0.020567
0.020437
0.023107
0.032055
0.024535
0.025580
0.026298
0.023456
0.021524
0.022456
0.027865
0.021811
0.021789
0.027255
0.021775
0.020360
0.022865
0.022856
0.020298
0.020295
0.028013
0.020283
0.020060
0.020328
0.020571
0.024253
0.022275
0.026955
0.021255
0.025976
0.020935
0.021228
0.025511
0.023939
0.021440
0.021396
0.023602
0.021521
0.022445
0.024483
0.020270
0.020324
0.027947
0.020529
0.027811
0.024339
0.025114
0.020163
0.020506
0.022387
0.020263
0.026301
0.023318
0.020399
0.025010
0.021595
0.024547
0.030023
0.022692
0.022551
0.020876
0.021230
0.023440
0.025037
0.020744
0.022681
0.023101
0.022348
0.022377
0.023595
0.023443
0.022876
0.020859
0.029690
0.023494
0.020621
0.023665
0.020894
0.021137
0.020980
0.028234
0.022224
0.025366
0.020911
0.032075
0.023299
0.031303
0.020827
0.022857
0.020796
0.021374
0.021436
0.028179
0.021349
0.023876
0.023925
0.023725
0.023604
0.023525
0.025898
0.021435
0.022720
0.021651
0.020686
0.026931
0.025894
0.022079
0.026833
0.020641
0.020602
0.021039
0.022180
0.023088
0.020371
0.023281
0.024287
0.027224
0.020637
0.022868
0.029086
0.026487
0.021630
0.022068
0.021775
0.021416
0.021232
0.027485
0.026189
0.022525
0.027631
0.021184
0.022905
0.021203
0.023635
0.021563
0.023773
0.024919
0.022502
0.023438
0.032505
0.021198
0.026194
0.027856
0.020548
0.020396
0.020567
0.020468
0.020229
0.025552
0.022334
0.020576
0.020738
0.029344
0.020354
0.022944
0.023636
0.026307
0.021499
0.022031
0.022619
0.023341
0.020905
0.020923
0.021008
0.025840
0.022096
0.021439
0.023607
0.021707
0.021428
0.022153
0.024291
0.021122
0.022945
0.028253
0.023271
0.021559
0.022657
0.023612
0.020973
0.021093
0.021442
0.021156
0.021373
0.021086
0.020949
0.021188
0.021467
0.021133
0.020971
0.021893
0.026195
0.021250
0.020503
0.020848
0.021062
0.020579
0.022609
0.025484
0.020589
0.025211
0.020730
0.022837
0.020981
0.023656
0.023408
0.021074
0.024387
0.020704
0.020831
0.020485
0.022863
0.027895
0.023532
0.020722
0.020925
0.020822
0.030495
0.020539
0.020861
0.021253
0.023000
0.027842
0.023103
0.020889
0.020834
0.022990
0.021417
0.020754
0.023156
0.023590
0.020919
0.020787
0.022943
0.029377
0.020939
0.023430
0.025790
0.020840
0.021031
0.020716
0.020791
0.020679
0.021916
0.023037
0.024750
0.020656
0.027875
0.020910
0.020624
0.020682
0.021892
0.023956
0.024046
0.020657
0.021176
0.023800
0.029238
0.021749
0.020887
0.021113
0.023835
0.020652
0.020476
0.020709
0.020424
0.025152
0.020348
0.025522
0.023047
0.020580
0.020409
0.024075
0.020641
0.024962
0.020125
0.023058
0.027750
0.028569
0.022715
0.020390
0.025878
0.030472
0.020425
0.020497
0.027178
0.020621
0.027621
0.020569
0.024367
0.025241
0.023556
0.021014
0.027635
0.024582
0.020275
0.026490
0.020337
0.020441
0.020595
0.020580
0.029062
0.023603
0.026542
0.022673
0.023952
0.020969
0.020451
0.031375
0.020625
0.024997
0.026553
0.027558
0.020587
0.027677
0.023816
0.027513
0.021691
0.020713
0.023590
0.021054
0.020976
0.020751
0.026384
0.022592
0.020835
0.020996
0.021753
0.021840
0.023376
0.021326
0.021491
0.026236
0.021394
0.024805
0.021269
0.021391
0.021103
0.023153
0.021825
0.021584
0.025324
0.021667
0.023823
0.026495
0.024641
0.021752
0.021503
0.027347
0.031366
0.021640
0.021168
0.021758
0.028495
0.021460
0.021747
0.021871
0.023757
0.028620
0.023631
0.021791
0.021556
0.028081
0.021881
0.027188
0.024167
0.021810
0.021944
0.022312
0.027726
0.021917
0.021865
0.020078
0.022172
0.020470
0.020569
0.024874
0.020535
0.023001
0.029158
0.020287
0.020250
0.025199
0.025343
0.025810
0.020539
