0.001771
0.001773
0.001743
0.002045
0.005160
0.004355
0.002731
0.002869
0.001754
0.001781
0.001757
0.004267
0.003601
0.001754
0.002212
0.002752
0.001834
0.003903
0.001780
0.002763
0.001746
0.001771
0.002384
0.002798
0.001742
0.001744
0.002982
0.002040
0.001775
0.001743
0.001759
0.001771
0.002190
0.003257
0.001814
0.001812
0.001767
0.001809
0.001768
0.002122
0.002326
0.001760
0.001759
0.001777
0.002647
0.001772
0.001746
0.003550
0.001754
0.002652
0.004307
0.002345
0.001761
0.002570
0.001759
0.001750
0.001759
0.002199
0.001824
0.002147
0.002064
0.001768
0.001746
0.001766
0.001792
0.001782
0.001796
0.003498
0.001854
0.001851
0.002452
0.002426
0.001845
0.001900
0.001815
0.002339
0.001838
0.001898
0.001854
0.004583
0.002415
0.001763
0.001767
0.001777
0.001769
0.001764
0.001854
0.001746
0.003468
0.003656
0.004291
0.001759
0.001758
0.002368
0.003388
0.002202
0.001752
0.001752
0.002063
0.002195
0.001800
0.001756
0.001752
0.002009
0.002288
0.002402
0.001776
0.001775
0.001787
0.001770
0.001753
0.001755
0.001799
0.001781
0.002481
0.002310
0.003657
0.004366
0.002610
0.001751
0.001747
0.004375
0.004241
0.001752
0.002282
0.002993
0.001771
0.001771
0.001753
0.001758
0.001797
0.001740
0.001760
0.001773
0.002121
0.002171
0.002193
0.001746
0.004269
0.004269
0.004299
0.004347
0.001761
0.001742
0.001757
0.002129
0.002031
0.003323
0.001750
0.001768
0.001757
0.001781
0.001773
0.001764
0.002318
0.001743
0.001753
0.001748
0.001770
0.001825
0.001760
0.001757
0.001795
0.001747
0.001783
0.002460
0.002960
0.001779
0.002492
0.001772
0.001757
0.001773
0.002111
0.002107
0.001755
0.001834
0.002325
0.001755
0.001684
0.002050
0.002051
0.001829
0.001909
0.001738
0.002054
0.001763
0.001747
0.001765
0.002031
0.002558
0.002018
0.001770
0.003149
0.001766
0.001772
0.002126
0.001762
0.001768
0.001752
0.001875
0.001677
0.001766
0.001796
0.002690
0.001753
0.002033
0.002403
0.001756
0.001733
0.002189
0.001764
0.002115
0.001747
0.001763
0.001800
0.002041
0.002052
0.002121
0.002309
0.004040
0.004307
0.001740
0.002536
0.004038
0.004265
0.004795
0.004266
0.001750
0.001760
0.001757
0.001770
0.002034
0.003125
0.001753
0.002317
0.002189
0.001750
0.001694
0.001826
0.001772
0.004243
0.004307
0.003973
0.003101
0.001806
0.002030
0.001746
0.002668
0.002615
0.002699
0.003201
0.003395
0.001771
0.002138
0.004362
0.001774
0.002114
0.001769
0.002113
0.004220
0.004326
0.004323
0.004231
0.004348
0.004227
0.004286
0.004287
0.004263
0.003580
0.001747
0.001751
0.001763
0.001769
0.001754
0.001763
0.001768
0.001757
0.001759
0.001778
0.002326
0.002970
0.001755
0.001745
0.001754
0.001658
0.004223
0.004426
0.001754
0.002047
0.001757
0.001738
0.001752
0.001753
0.001762
0.002512
0.003156
0.001766
0.003248
0.001748
0.004275
0.004248
0.004223
0.004230
0.004248
0.001782
0.002341
0.001756
0.001782
0.001746
0.002759
0.001768
0.001761
0.001753
0.002435
0.001754
0.003797
0.003880
0.001775
0.002233
0.002552
0.004360
0.002117
0.001765
0.002144
0.001746
0.001764
0.001771
0.001758
0.001770
0.004278
0.001775
0.001775
0.001757
0.001763
0.004757
0.001772
0.001757
0.001750
0.001762
0.001785
0.001893
0.001754
0.001773
0.004455
0.004233
0.001782
0.002038
0.002426
0.003177
0.001766
0.001822
0.002427
0.002660
0.001766
0.004201
0.001743
0.001845
0.001773
0.001762
0.001754
0.001766
0.001753
0.001743
0.003007
0.003899
0.004270
0.003030
0.001791
0.002021
0.001743
0.002447
0.001739
0.001784
0.001754
0.001762
0.001801
0.001764
0.001762
0.001755
0.001768
0.001817
0.001784
0.001760
0.002242
0.003190
0.004264
0.004258
0.004307
0.001742
0.001764
0.001764
0.001747
0.001748
0.001829
0.001754
0.002810
0.003404
0.004428
0.004308
0.004292
0.001777
0.001755
0.001769
0.003698
0.001747
0.002411
0.001890
0.001770
0.001851
0.001769
0.001702
0.001757
0.001765
0.001772
0.002307
0.001764
0.001764
0.002236
0.002125
0.001767
0.001753
0.002110
0.001760
0.001886
0.001755
0.001782
0.001766
0.001816
0.001764
0.004020
0.004319
0.003773
0.004304
0.001744
0.001745
0.001766
0.002378
0.002622
0.001752
0.001772
0.001876
0.002874
0.001800
0.001739
0.001756
0.001773
0.001747
0.001790
0.001748
0.002527
0.002678
0.003424
0.004295
0.004277
0.004490
0.001832
0.001771
0.002432
0.001744
0.001934
0.002183
0.001749
0.001758
0.001755
0.001801
0.001772
0.001762
0.002482
0.001749
0.002192
0.002540
0.002193
0.002401
0.003312
0.003915
0.001843
0.003640
0.001775
0.001753
0.002049
0.004376
0.004291
0.004312
0.001748
0.001767
0.001750
0.001776
0.002028
0.002250
0.001768
0.001748
0.001769
0.002313
0.001746
0.001756
0.001821
0.002422
0.001755
0.001756
0.001768
0.002236
0.001754
0.002980
0.001761
0.001808
0.001774
0.001747
0.003663
0.001778
0.001773
0.001742
0.002015
0.001775
0.002047
0.001764
0.001763
0.001753
0.002132
0.001775
0.001779
0.001758
0.002488
0.001770
0.001755
0.004150
0.001761
0.001749
0.001751
0.004275
0.004238
0.004348
0.004254
0.004262
0.005015
0.004263
0.001771
0.001757
0.001785
0.001758
0.001818
0.004140
0.001852
0.002492
0.001769
0.001758
0.004063
0.001748
0.004235
0.001829
0.001766
0.001743
0.001743
0.001742
0.001766
0.001779
0.001764
0.001747
0.002103
0.001779
0.001767
0.001761
0.002401
0.002991
0.003225
0.004264
0.004464
0.004411
0.001747
0.002319
0.003936
0.003180
0.001739
0.001841
0.001757
0.001897
0.002552
0.004204
0.001768
0.004209
0.002322
0.001874
0.002421
0.001758
0.001743
0.001766
0.002220
0.001757
0.001773
0.001778
0.002302
0.001935
0.002797
0.003622
0.001737
0.001760
0.001755
0.001772
0.001984
0.002449
0.001752
0.001891
0.001756
0.002310
0.001766
0.002131
0.002143
0.002348
0.004232
0.004489
0.004349
0.001779
0.002032
0.002317
0.001772
0.001771
0.001787
0.001970
0.003375
0.004211
0.004505
0.002133
0.003013
0.002103
0.001766
0.001764
0.001761
0.001777
0.001778
0.001745
0.001793
0.001763
0.001756
0.001767
0.002423
0.001882
0.001771
0.001780
0.001743
0.001760
0.003428
0.004265
0.001753
0.002136
0.004442
0.001858
0.001774
0.001819
0.001766
0.001842
0.001752
0.001750
0.001789
0.002036
0.001809
0.001823
0.002180
0.002014
0.001747
0.001754
0.001765
0.003573
0.001780
0.002129
0.003120
0.004250
0.001757
0.001758
0.001767
0.001772
0.001750
0.002535
0.001996
0.001777
0.001775
0.004155
0.004296
0.004259
0.004290
0.002201
0.004277
0.002457
0.002420
0.001996
0.003219
0.004120
0.004321
0.004382
0.001781
0.003098
0.001742
0.002663
0.001799
0.001886
0.002342
0.004256
0.004219
0.001763
0.001753
0.001773
0.003245
0.001766
0.001749
0.001751
0.002299
0.001757
0.001763
0.001760
0.002362
0.002187
0.001864
0.001853
0.003581
0.001776
0.001740
0.001762
0.002046
0.001837
0.001743
0.001746
0.001810
0.001824
0.002047
0.002514
0.003083
0.001754
0.002073
0.002540
0.002418
0.001766
0.001795
0.002142
0.001775
0.001770
0.002332
0.002284
0.002809
0.004368
0.004358
0.004260
0.004257
0.001739
0.002044
0.001781
0.002571
0.001779
0.001766
0.001776
0.001775
0.001690
0.002553
0.002532
0.003393
0.004251
0.004255
0.004286
0.004254
0.004252
0.004369
0.001811
0.003293
0.001766
0.001759
0.001756
0.002038
0.001761
0.001770
0.001771
0.001752
0.001771
0.001867
0.001757
0.002217
0.003371
0.004435
0.001861
0.002029
0.001776
0.001774
0.001759
0.001777
0.001871
0.004211
0.002131
0.001753
0.001746
0.001775
0.002313
0.003789
0.001758
0.001767
0.001768
0.001739
0.001764
0.002270
0.001773
0.001760
0.001763
0.003541
0.004207
0.004279
0.001776
0.001755
0.001764
0.001776
0.001752
0.001780
0.001757
0.001742
0.001762
0.002209
0.002647
0.003121
0.003411
0.004276
0.001843
0.001746
0.002216
0.002370
0.003842
0.001789
0.001754
0.002114
0.001767
0.001797
0.002925
0.001756
0.001784
0.001757
0.001802
0.003091
0.001744
0.002398
0.001784
0.001768
0.002437
0.002837
0.003385
0.004278
0.004214
0.004234
0.001763
0.001768
0.001760
0.001750
0.001772
0.001750
0.001785
0.001753
0.001760
0.001771
0.001761
0.001751
0.002767
0.001750
0.002323
0.001736
0.001743
0.001682
0.002554
0.004324
0.001827
0.001762
0.004490
0.001752
0.001778
0.001817
0.004272
0.004265
0.001798
0.001759
0.001763
0.001742
0.002023
0.001740
0.001750
0.002116
0.004333
0.004376
0.003685
0.004280
0.004839
0.004276
0.001754
0.003643
0.004250
0.004364
0.004226
0.004426
0.001744
0.001771
0.002423
0.003278
0.004289
0.004375
0.001754
0.002422
0.001749
0.001770
0.002986
0.001757
0.001750
0.001748
0.002417
0.003928
0.001761
0.001742
0.004279
0.001753
0.002745
0.004266
0.004273
0.002229
0.004284
0.001744
0.001745
0.001759
0.002041
0.002422
0.002700
0.003063
0.004251
0.001788
0.001746
0.001758
0.001770
0.001774
0.001798
0.001707
0.001859
0.001776
0.002219
0.003191
0.001837
0.001751
0.001751
0.001748
0.003493
0.001765
0.001754
0.002121
0.001743
0.002530
0.002774
0.001750
0.001853
0.002238
0.001886
0.001746
0.001764
0.002347
0.001792
0.004243
0.004276
0.004291
0.004339
0.001753
0.001759
0.001757
0.001773
0.001774
0.001758
0.001778
0.001764
0.002127
0.001750
0.001745
0.002036
0.002433
0.001748
0.003564
0.004280
0.004256
0.004231
0.004289
0.004215
0.002342
0.001770
0.002441
0.001789
0.001744
0.001781
0.001777
0.001756
0.001750
0.001763
0.001754
0.004247
0.004264
0.004203
0.001773
0.001761
0.001836
0.003327
0.001781
0.003496
0.001781
0.002032
0.002454
0.001763
0.001761
