0.001768
0.001818
0.002762
0.001137
0.001253
0.001146
0.000869
0.001104
0.001823
0.002936
0.001131
0.001322
0.001169
0.001120
0.001291
0.001139
0.001166
0.001890
0.001371
0.001674
0.001616
0.001142
0.001151
0.001428
0.001356
0.001214
0.001116
0.002051
0.001334
0.001185
0.001079
0.001094
0.001020
0.001753
0.001225
0.001137
0.001166
0.001092
0.001748
0.001134
0.001166
0.001162
0.001486
0.001419
0.001233
0.001377
0.001125
0.001172
0.001155
0.001207
0.001212
0.001296
0.001105
0.001228
0.001113
0.001077
0.001478
0.001071
0.001534
0.001153
0.001570
0.001164
0.001091
0.001102
0.001064
0.001092
0.001118
0.001152
0.001333
0.001424
0.001132
0.003738
0.001072
0.001083
0.001080
0.001356
0.001344
0.001365
0.001840
0.001275
0.001609
0.002029
0.006089
0.004122
0.001186
0.001263
0.001481
0.001159
0.001104
0.001506
0.001287
0.001712
0.000988
0.001890
0.001342
0.001227
0.000944
0.001034
0.001414
0.001422
0.001377
0.002418
0.002430
0.001170
0.001233
0.001271
0.001166
0.001200
0.001413
0.001364
0.001056
0.001164
0.000993
0.001011
0.001020
0.000978
0.001082
0.001114
0.001150
0.001515
0.001253
0.001461
0.001075
0.001132
0.001225
0.001098
0.001124
0.002443
0.001059
0.001273
0.001056
0.001326
0.001542
0.001054
0.001045
0.001393
0.001329
0.001197
0.001319
0.001392
0.001161
0.001427
0.001409
0.002835
0.001398
0.001151
0.001137
0.001123
0.001568
0.001094
0.001384
0.001283
0.001188
0.001335
0.001471
0.001298
0.001169
0.001167
0.001213
0.001672
0.001122
0.001429
0.003028
0.001048
0.000997
0.000958
0.001193
0.001180
0.001235
0.001116
0.001792
0.002411
0.001078
0.001281
0.001184
0.001851
0.001629
0.001660
0.001577
0.001100
0.001281
0.001185
0.001645
0.001649
0.002185
0.001199
0.002556
0.001252
0.001244
0.001136
0.001121
0.001199
0.001907
0.001391
0.001161
0.001328
0.001369
0.001423
0.001193
0.001249
0.001444
0.001148
0.001092
0.002008
0.001099
0.001238
0.001312
0.001180
0.001685
0.001270
0.001189
0.001185
0.001114
0.001197
0.001429
0.001184
0.001739
0.001375
0.001926
0.001222
0.001187
0.001116
0.001234
0.001224
0.001102
0.001002
0.001011
0.001348
0.001097
0.000969
0.000948
0.001089
0.001122
0.001351
0.001132
0.001281
0.001640
0.002776
0.002930
0.001516
0.001176
0.001438
0.001161
0.001185
0.001351
0.001419
0.001164
0.001172
0.001171
0.001219
0.001092
0.001590
0.002546
0.001199
0.002080
0.001311
0.001473
0.001064
0.001509
0.001265
0.001394
0.002204
0.001178
0.001438
0.001084
0.003484
0.001117
0.001989
0.001077
0.001140
0.002065
0.001108
0.001247
0.001651
0.001158
0.001261
0.002068
0.003297
0.002731
0.002760
0.002742
0.002788
0.001246
0.001113
0.001323
0.001388
0.001386
0.001509
0.001168
0.001149
0.001299
0.001257
0.001123
0.001175
0.001149
0.001108
0.001853
0.001979
0.001144
0.001260
0.001629
0.001677
0.002173
0.002889
0.001105
0.001076
0.001128
0.001237
0.001102
0.001277
0.001136
0.001139
0.001224
0.001163
0.001497
0.001261
0.001302
0.001175
0.001973
0.002118
0.001450
0.001994
0.001240
0.001282
0.001149
0.002830
0.001251
0.001147
0.001560
0.001130
0.001614
0.001207
0.001612
0.001490
0.002859
0.001269
0.001257
0.001234
0.001501
0.001133
0.001139
0.001481
0.001113
0.001238
0.001169
0.001308
0.001163
0.001478
0.001087
0.001191
0.001205
0.001177
0.001699
0.001399
0.001475
0.001333
0.001205
0.001158
0.001519
0.001716
0.001393
0.001316
0.001118
0.001130
0.001180
0.001761
0.001503
0.001369
0.001153
0.001218
0.001212
0.001234
0.001156
0.001130
0.001150
0.001152
0.001170
0.001476
0.001299
0.001160
0.001184
0.001320
0.001224
0.002698
0.002832
0.002807
0.001328
0.001407
0.001167
0.001121
0.001562
0.001152
0.001270
0.001417
0.001156
0.001158
0.001134
0.001178
0.001638
0.002466
0.002226
0.002005
0.002806
0.001705
0.001439
0.001639
0.001224
0.001563
0.001307
0.001430
0.001163
0.002149
0.002174
0.002804
0.001958
0.001236
0.001227
0.001406
0.002762
0.003352
0.001212
0.001123
0.001187
0.001168
0.001253
0.001263
0.001492
0.001395
0.001166
0.001256
0.001273
0.001166
0.001032
0.001268
0.001492
0.001280
0.001111
0.001665
0.001533
0.001176
0.001198
0.001212
0.001114
0.001190
0.001960
0.001127
0.001126
0.001115
0.001297
0.001111
0.001169
0.001223
0.001240
0.001168
0.001291
0.003194
0.002890
0.002906
0.001180
0.001206
0.001663
0.001570
0.001121
0.001421
0.001433
0.001642
0.001720
0.001698
0.002469
0.001704
0.001130
0.001555
0.001309
0.002646
0.002677
0.002609
0.002608
0.003154
0.001116
0.001114
0.001226
0.001458
0.001146
0.001422
0.001312
0.001573
0.001305
0.001533
0.001264
0.001831
0.001455
0.001777
0.001953
0.003019
0.002497
0.001683
0.001272
0.001185
0.001150
0.001423
0.001141
0.001282
0.001725
0.001169
0.001181
0.004079
0.002794
0.003325
0.003116
0.001272
0.001523
0.002788
0.003514
0.001281
0.001313
0.001442
0.002063
0.002157
0.002241
0.001884
0.001344
0.001319
0.001143
0.001175
0.001408
0.001507
0.001134
0.001580
0.001110
0.001300
0.001455
0.003193
0.002191
0.002353
0.001107
0.001603
0.001121
0.001335
0.001591
0.001208
0.001330
0.001506
0.001163
0.001323
0.001791
0.001384
0.001216
0.001423
0.001636
0.001710
0.001213
0.001180
0.001715
0.001300
0.001306
0.001137
0.001968
0.001529
0.002429
0.002780
0.003034
0.002827
0.003906
0.001417
0.001155
0.001422
0.001162
0.001417
0.001382
0.001178
0.001381
0.001191
0.001889
0.002313
0.001323
0.001207
0.002459
0.001233
0.001379
0.001079
0.002383
0.001135
0.001117
0.001110
0.002190
0.001425
0.001495
0.001178
0.001175
0.001234
0.001107
0.001146
0.001122
0.001855
0.001317
0.001265
0.001185
0.002150
0.001568
0.001389
0.001158
0.001174
0.001391
0.001242
0.001191
0.001091
0.001346
0.002872
0.001337
0.001545
0.001157
0.001356
0.001137
0.002920
0.002611
0.002618
0.001201
0.001154
0.001186
0.001735
0.001534
0.001312
0.001143
0.001203
0.001163
0.001917
0.001166
0.001298
0.001187
0.001128
0.002096
0.001912
0.001339
0.001712
0.003722
0.001380
0.001301
0.002038
0.001868
0.001349
0.001072
0.001113
0.001499
0.001110
0.001730
0.001253
0.001153
0.001341
0.001270
0.001504
0.001406
0.001417
0.002045
0.002955
0.003453
0.002418
0.001914
0.001321
0.001376
0.001691
0.001227
0.001338
0.000960
0.001299
0.001345
0.001274
0.001495
0.002850
0.001372
0.001137
0.001252
0.001479
0.001377
0.001161
0.001175
0.001281
0.001158
0.001394
0.001446
0.001344
0.001218
0.001297
0.001834
0.003292
0.001475
0.001179
0.001104
0.001156
0.001360
0.001535
0.001199
0.001116
0.001885
0.001401
0.002275
0.002602
0.001898
0.002580
0.003215
0.003625
0.001150
0.001107
0.001334
0.001955
0.002870
0.003751
0.002669
0.002708
0.001283
0.001253
0.001445
0.001145
0.001430
0.001407
0.001413
0.001323
0.001585
0.001963
0.001999
0.002951
0.001265
0.001257
0.001141
0.001416
0.001199
0.001295
0.001549
0.001702
0.001760
0.001407
0.001301
0.001175
0.001181
0.001233
0.001173
0.001145
0.001285
0.001179
0.001279
0.002622
0.001174
0.003873
0.001744
0.001250
0.001880
0.001243
0.001606
0.001155
0.001171
0.001160
0.001466
0.001103
0.004121
0.001323
0.001809
0.001241
0.001530
0.001222
0.001596
0.001494
0.001334
0.000991
0.001207
0.001055
0.001833
0.001117
0.001442
0.001187
0.001141
0.001096
0.001054
0.001189
0.000943
0.001027
0.000932
0.000962
0.000970
0.002569
0.001989
0.003961
0.002301
0.000983
0.000905
0.001384
0.001890
0.001236
0.001435
0.001167
0.003245
0.001188
0.001634
0.001167
0.001140
0.001125
0.001168
0.001510
0.002257
0.002875
0.001258
0.001216
0.001294
0.001076
0.001113
0.001031
0.001388
0.001635
0.001402
0.002095
0.002035
0.001774
0.001179
0.001150
0.001940
0.001271
0.001310
0.001185
0.001226
0.001443
0.001376
0.001394
0.001353
0.001111
0.001604
0.001442
0.001128
0.001497
0.001902
0.003356
0.003418
0.002933
0.002808
0.001135
0.001132
0.001112
0.001164
0.001647
0.001242
0.001110
0.001187
0.002172
0.001477
0.002208
0.001221
0.001187
0.001345
0.001067
0.001507
0.003392
0.003514
0.001255
0.001137
0.001356
0.001097
0.001122
0.001148
0.001201
0.001283
0.001720
0.001765
0.001186
0.001178
0.001203
0.001109
0.001665
0.002347
0.002432
0.001318
0.001212
0.001174
0.001415
0.001888
0.001429
0.001116
0.001543
0.001171
0.001139
0.001270
0.001467
0.001247
0.001398
0.001787
0.001125
0.001134
0.001227
0.001443
0.001119
0.001139
0.001130
0.001753
0.002659
0.003685
0.002756
0.001206
0.001540
0.001842
0.001173
0.001177
0.001175
0.001621
0.002949
0.001971
0.001254
0.001189
0.001166
0.001412
0.001400
0.002323
0.001195
0.001151
0.001902
0.001625
0.001099
0.001127
0.001321
0.001842
0.001245
0.001179
0.001228
0.001106
0.001657
0.001145
0.001056
0.001947
0.001178
0.001092
0.001069
0.001509
0.001339
0.001069
0.001619
0.001727
0.001667
0.002869
0.002314
0.002719
0.002825
0.001426
0.001502
0.002121
0.001159
0.001483
0.001441
0.002423
0.001013
0.001226
0.002435
0.002923
0.001129
0.001434
0.001240
0.001943
0.001802
0.001658
0.001409
0.001248
0.001181
0.001589
0.001404
0.001609
0.001455
0.001201
0.001635
0.001295
0.001436
0.001315
0.001151
0.001136
0.001352
0.001644
0.001209
0.001253
0.001194
0.001738
0.001358
0.001299
0.002492
0.002152
0.001622
0.001183
0.001161
0.001197
0.001223
0.001744
0.002796
0.002722
0.003702
0.001157
0.001017
0.001028
0.001136
0.001329
0.001399
0.001233
0.001348
0.001543
0.001568
0.001802
0.001250
0.001352
0.002546
