0.022638
0.020244
0.020653
0.020393
0.020974
0.020441
0.022016
0.020669
0.020140
0.020527
0.020637
0.020103
0.020626
0.020598
0.020812
0.028339
0.020621
0.022328
0.020200
0.025552
0.025439
0.022603
0.024603
0.020116
0.020673
0.020661
0.020538
0.022602
0.020100
0.026657
0.023222
0.020747
0.025632
0.021885
0.019867
0.020709
0.023091
0.022773
0.020683
0.020687
0.021059
0.021262
0.021478
0.020440
0.020132
0.020665
0.021827
0.022004
0.021151
0.020109
0.020754
0.020305
0.020727
0.020486
0.023320
0.020573
0.020681
0.024745
0.019918
0.020224
0.022890
0.020404
0.020801
0.022323
0.025208
0.020938
0.019901
0.028005
0.021640
0.023565
0.022499
0.025973
0.020004
0.020547
0.020450
0.022274
0.020634
0.021846
0.021005
0.024637
0.021730
0.021858
0.020779
0.021090
0.020873
0.025902
0.021114
0.025574
0.022127
0.021888
0.024173
0.021152
0.025759
0.021484
0.022988
0.021326
0.020795
0.020325
0.022951
0.023470
0.022878
0.019935
0.020198
0.020565
0.027719
0.020453
0.019915
0.020737
0.020840
0.025025
0.020379
0.026392
0.020666
0.019970
0.019893
0.019833
0.024836
0.022279
0.022163
0.025352
0.020474
0.020170
0.020204
0.019915
0.020477
0.020124
0.020248
0.020348
0.020465
0.020700
0.020861
0.021803
0.026266
0.023461
0.020397
0.021171
0.023317
0.021200
0.020439
0.020424
0.020157
0.023544
0.024892
0.020336
0.023837
0.021205
0.020522
0.023596
0.021042
0.022597
0.025655
0.020215
0.022781
0.020489
0.025195
0.020936
0.024903
0.020679
0.020094
0.022309
0.020645
0.021894
0.022762
0.020663
0.021424
0.021790
0.020267
0.021252
0.020246
0.021827
0.020116
0.024046
0.021966
0.020844
0.020476
0.020170
0.020086
0.019973
0.020684
0.020153
0.025794
0.019998
0.020644
0.020412
0.020124
0.020079
0.021185
0.020580
0.020913
0.020294
0.020575
0.020728
0.020508
0.022072
0.021859
0.020279
0.020818
0.020598
0.020146
0.022818
0.022835
0.020007
0.020640
0.020264
0.022080
0.024483
0.022138
0.025365
0.020069
0.022655
0.020426
0.020303
0.020198
0.020217
0.025090
0.020857
0.020738
0.021075
0.020406
0.027373
0.024219
0.020305
0.020383
0.020194
0.020310
0.020691
0.020677
0.020539
0.022770
0.020172
0.020477
0.023027
0.020567
0.020559
0.020198
0.022796
0.020208
0.022348
0.022952
0.023637
0.024492
0.027570
0.021851
0.020307
0.020273
0.022095
0.023029
0.020190
0.020794
0.029064
0.032509
0.020040
0.020337
0.021387
0.020581
0.020528
0.020390
0.020293
0.021125
0.021327
0.021051
0.019971
0.021964
0.020283
0.023175
0.020664
0.022535
0.019975
0.022557
0.020953
0.020193
0.023666
0.020484
0.020150
0.022160
0.023689
0.021311
0.022798
0.021640
0.021887
0.026203
0.020334
0.024281
0.020753
0.024871
0.020212
0.020917
0.020110
0.020324
0.020835
0.020159
0.020660
0.025843
0.025612
0.022348
0.022574
0.031178
0.023643
0.022778
0.019963
0.020738
0.020051
0.020354
0.020319
0.020316
0.020514
0.020687
0.020021
0.022226
0.020126
0.020331
0.020401
0.026097
0.020111
0.020389
0.023050
0.027397
0.019932
0.020018
0.020089
0.021530
0.020218
0.023744
0.026299
0.024943
0.021486
0.023113
0.020361
0.020498
0.020337
0.020393
0.020268
0.022507
0.020405
0.022656
0.020363
0.020607
0.020598
0.022134
0.022447
0.021038
0.020794
0.022207
0.020374
0.020235
0.019937
0.020513
0.020341
0.020513
0.024560
0.020156
0.022587
0.020051
0.020797
0.020355
0.020992
0.020635
0.020691
0.020097
0.020991
0.022458
0.020769
0.020279
0.020204
0.021474
0.023536
0.020350
0.021516
0.020129
0.020116
0.020810
0.020779
0.020167
0.027603
0.024305
0.020520
0.025566
0.020352
0.026947
0.020067
0.020103
0.020621
0.024355
0.030150
0.020461
0.022678
0.022360
0.019919
0.019934
0.022915
0.020651
0.020289
0.020555
0.020115
0.020434
0.020548
0.020362
0.020261
0.027296
0.019925
0.022415
0.020520
0.021780
0.020388
0.029064
0.025292
0.025612
0.019947
0.027453
0.024138
0.020084
0.020564
0.024420
0.020771
0.020774
0.023924
0.020536
0.020634
0.025276
0.020535
0.026532
0.028007
0.021441
0.020862
0.023405
0.020449
0.020341
0.020123
0.020125
0.023335
0.023187
0.020479
0.022792
0.020326
0.022608
0.020190
0.020704
0.020206
0.023317
0.020017
0.020558
0.023166
0.027096
0.020679
0.021424
0.020491
0.020253
0.023977
0.020342
0.020639
0.022088
0.020623
0.020980
0.020163
0.020583
0.020453
0.020187
0.022107
0.020304
0.020240
0.020471
0.020472
0.020121
0.022941
0.020231
0.020450
0.021089
0.020128
0.020670
0.020089
0.022604
0.020075
0.020455
0.022628
0.030101
0.025740
0.020838
0.020138
0.021804
0.020219
0.020466
0.021066
0.020368
0.020232
0.020548
0.020467
0.020431
0.029346
0.022461
0.020046
0.033165
0.022639
0.025702
0.020116
0.019916
0.027630
0.020430
0.027793
0.033315
0.023500
0.020726
0.020633
0.020328
0.032223
0.022521
0.020994
0.020282
0.022014
0.020206
0.021242
0.020171
0.020217
0.026576
0.020321
0.020670
0.021602
0.020478
0.020256
0.020902
0.020319
0.020548
0.020677
0.022547
0.020324
0.020524
0.021778
0.020892
0.020045
0.020267
0.020152
0.027971
0.025495
0.020686
0.020681
0.020662
0.020765
0.020917
0.020410
0.020521
0.020211
0.021507
0.020665
0.021570
0.023717
0.021634
0.020812
0.020741
0.020036
0.024432
0.020732
0.025595
0.023345
0.019932
0.020267
0.023214
0.020631
0.022946
0.020493
0.020346
0.020476
0.022248
0.024239
0.020147
0.023540
0.020197
0.020363
0.022982
0.020047
0.021172
0.020397
0.024912
0.021972
0.024825
0.020039
0.033441
0.021286
0.022280
0.022121
0.023706
0.026305
0.020639
0.020384
0.020420
0.020139
0.020577
0.020530
0.022440
0.020020
0.025694
0.020612
0.020084
0.023772
0.023133
0.020651
0.020079
0.019863
0.020459
0.020166
0.020069
0.020160
0.023645
0.020250
0.020191
0.020803
0.023871
0.027238
0.020166
0.019998
0.020374
0.024876
0.024819
0.025704
0.024026
0.020825
0.019967
0.020014
0.019925
0.020448
0.026689
0.020759
0.020133
0.024211
0.020044
0.020250
0.020018
0.025064
0.020259
0.023461
0.020367
0.020350
0.021457
0.020760
0.020621
0.020677
0.021336
0.023714
0.020288
0.020491
0.028360
0.020907
0.020054
0.024244
0.022633
0.020001
0.021288
0.020494
0.020628
0.022211
0.027940
0.020598
0.020288
0.027228
0.020433
0.020138
0.024330
0.027534
0.025617
0.020417
0.026574
0.019962
0.020281
0.022537
0.020037
0.024114
0.020352
0.020059
0.020036
0.020132
0.020560
0.020206
0.020704
0.023763
0.020722
0.020391
0.025163
0.021716
0.022025
0.024003
0.020720
0.024055
0.020514
0.024406
0.024104
0.020555
0.020696
0.020792
0.020173
0.020526
0.020496
0.020491
0.020199
0.021967
0.027220
0.020621
0.025309
0.024746
0.020869
0.022726
0.020118
0.024617
0.021481
0.023455
0.021978
0.020826
0.022437
0.020182
0.020254
0.020776
0.021224
0.020067
0.020664
0.021490
0.020569
0.020509
0.024578
0.020696
0.020583
0.020679
0.022464
0.027478
0.020411
0.022348
0.023579
0.020724
0.022950
0.020668
0.020363
0.020087
0.020960
0.020436
0.021247
0.020115
0.027088
0.027617
0.020202
0.020154
0.020673
0.020329
0.020133
0.020299
0.020017
0.023510
0.020398
0.023047
0.020045
0.020632
0.020585
0.022867
0.020420
0.022434
0.020684
0.020533
0.020599
0.020076
0.023175
0.020822
0.020689
0.020464
0.025415
0.025450
0.020236
0.020473
0.020643
0.020267
0.019960
0.022809
0.020536
0.020552
0.021179
0.020131
0.020732
0.020740
0.023110
0.021152
0.025380
0.020490
0.020473
0.020190
0.025344
0.020380
0.020352
0.022957
0.021860
0.025077
0.021669
0.025466
0.020212
0.023362
0.021167
0.021542
0.020240
0.020145
0.020615
0.022681
0.020500
0.021023
0.022532
0.020848
0.020276
0.020777
0.020490
0.020472
0.021801
0.021308
0.020768
0.023021
0.020802
0.025783
0.020326
0.020252
0.020393
0.019895
0.020524
0.020764
0.021306
0.030944
0.020544
0.025404
0.019958
0.022674
0.024761
0.024123
0.023506
0.021628
0.022643
0.020166
0.020299
0.020101
0.020214
0.020257
0.020589
0.025248
0.020202
0.024585
0.023485
0.020412
0.026078
0.023955
0.020395
0.024179
0.020066
0.020933
0.020032
0.020775
0.025586
0.023010
0.020451
0.020050
0.021796
0.027296
0.020262
0.023986
0.020465
0.020237
0.020762
0.020603
0.020271
0.022411
0.020214
0.020643
0.028703
0.020186
0.020694
0.020525
0.027492
0.021215
0.020511
0.020505
0.023194
0.019948
0.024492
0.020448
0.020295
0.020383
0.020687
0.024935
0.022589
0.021806
0.020387
0.020287
0.020112
0.021408
0.020787
0.020394
0.020370
0.025540
0.020420
0.022229
0.029494
0.020062
0.025315
0.022458
0.020362
0.020097
0.020681
0.028090
0.020451
0.022803
0.019984
0.025035
0.020882
0.019883
0.020812
0.023375
0.022887
0.020522
0.020294
0.020476
0.019956
0.020848
0.020501
0.020599
0.020728
0.020244
0.024255
0.022621
0.023802
0.020668
0.020510
0.020048
0.020539
0.023080
0.026307
0.020575
0.020432
0.025059
0.020080
0.026256
0.020602
0.020178
0.020135
0.020332
0.020669
0.020300
0.022907
0.020935
0.028101
0.021149
0.021714
0.020561
0.020106
0.025779
0.020771
0.020419
0.019979
0.020708
0.021421
0.024817
0.025309
0.020418
0.020997
0.020448
0.020768
0.020033
0.022027
0.020767
0.021522
0.022203
0.020996
0.020647
0.019980
0.029090
0.021632
0.020260
0.020275
0.022364
0.022090
0.020406
0.020498
0.020519
0.020745
0.020703
0.020225
0.020404
0.021988
0.022383
0.020548
0.020781
0.020189
0.022680
0.023234
0.023328
0.025372
0.024051
0.021970
0.020432
0.020162
0.020769
0.020947
0.020039
0.020713
0.020262
0.027458
0.020541
0.020466
0.020356
0.024866
0.021350
0.020388
0.019921
