0.002274
0.004307
0.001773
0.002034
0.004273
0.004291
0.001996
0.002470
0.001669
0.001728
0.001712
0.003897
0.001819
0.001721
0.004144
0.003942
0.003544
0.004428
0.001721
0.001716
0.001718
0.004020
0.001811
0.002234
0.001640
0.001769
0.002846
0.004044
0.001761
0.001787
0.001752
0.001848
0.001843
0.001829
0.001825
0.001889
0.001841
0.001843
0.001753
0.002106
0.002220
0.001741
0.001839
0.001834
0.004356
0.001847
0.001797
0.001795
0.001877
0.002536
0.003260
0.001788
0.003192
0.002607
0.001787
0.001852
0.001807
0.002202
0.001792
0.001817
0.002058
0.001785
0.001784
0.001784
0.002159
0.001765
0.003041
0.001753
0.001939
0.004258
0.002317
0.002391
0.001830
0.002855
0.001885
0.001821
0.003673
0.001842
0.001772
0.001785
0.004295
0.001808
0.004730
0.001751
0.001919
0.001873
0.002801
0.001812
0.003629
0.002630
0.004377
0.001800
0.001811
0.001804
0.002773
0.001986
0.001819
0.001755
0.001837
0.002303
0.001818
0.003043
0.001838
0.001820
0.002361
0.002465
0.001727
0.001726
0.001744
0.001731
0.004330
0.001609
0.001727
0.003768
0.003010
0.001806
0.001902
0.004391
0.002313
0.001753
0.001734
0.003977
0.004285
0.001745
0.001765
0.002310
0.001746
0.001765
0.001775
0.001756
0.001788
0.001785
0.001762
0.001778
0.001782
0.002157
0.002253
0.003754
0.004375
0.004571
0.004349
0.003999
0.001605
0.001714
0.001719
0.001928
0.001993
0.002276
0.001718
0.001681
0.001719
0.001998
0.001726
0.001764
0.003533
0.001780
0.001636
0.001771
0.001770
0.001733
0.001738
0.001615
0.004282
0.001731
0.001737
0.001727
0.002649
0.001740
0.004224
0.001741
0.001820
0.001761
0.002113
0.002077
0.001796
0.001797
0.001930
0.001806
0.001790
0.001810
0.001835
0.001750
0.001735
0.001737
0.001986
0.001747
0.001745
0.001739
0.001740
0.002042
0.001751
0.001759
0.002457
0.001821
0.001706
0.001823
0.002660
0.001751
0.001629
0.001839
0.001706
0.002468
0.001797
0.002588
0.001701
0.001888
0.001784
0.001692
0.001733
0.002374
0.001632
0.001781
0.001725
0.001714
0.001724
0.002038
0.002043
0.002103
0.002285
0.002907
0.004394
0.001662
0.002513
0.002780
0.004691
0.004417
0.004709
0.001819
0.004326
0.001827
0.001828
0.002083
0.004422
0.001815
0.002324
0.002410
0.001702
0.001784
0.001770
0.001777
0.003587
0.004261
0.004271
0.003931
0.001766
0.001920
0.001676
0.001751
0.002050
0.002187
0.002862
0.003518
0.001665
0.001759
0.001773
0.002816
0.002113
0.001782
0.001845
0.004458
0.004612
0.004360
0.004271
0.004350
0.004321
0.003685
0.004263
0.004290
0.004293
0.001756
0.001766
0.001792
0.001755
0.001838
0.001866
0.001764
0.001765
0.001758
0.001767
0.001892
0.002815
0.001787
0.001773
0.001701
0.001684
0.004274
0.004427
0.002839
0.001881
0.002989
0.001865
0.001891
0.001865
0.001856
0.002449
0.003069
0.001766
0.002634
0.001859
0.004568
0.004574
0.004479
0.004696
0.004483
0.001831
0.001831
0.001737
0.001763
0.001830
0.003524
0.001714
0.001837
0.001699
0.002790
0.001806
0.001804
0.003649
0.001813
0.002262
0.002277
0.002624
0.001818
0.002134
0.002028
0.001778
0.001783
0.001791
0.001721
0.001807
0.002352
0.001701
0.001787
0.002938
0.001791
0.002601
0.001788
0.001718
0.001652
0.001772
0.001767
0.001764
0.001794
0.002984
0.003954
0.004365
0.001728
0.001796
0.002254
0.004382
0.001699
0.001786
0.002158
0.002756
0.001789
0.004282
0.001850
0.004332
0.003894
0.001658
0.001749
0.001795
0.001733
0.001730
0.002876
0.003182
0.004199
0.003536
0.001733
0.001726
0.001645
0.002408
0.001611
0.001722
0.003356
0.001723
0.001755
0.001616
0.001733
0.001939
0.002844
0.001610
0.001722
0.001727
0.002167
0.003189
0.004308
0.004198
0.004377
0.001737
0.001787
0.001973
0.001606
0.001902
0.001918
0.001898
0.003106
0.003090
0.004180
0.004715
0.004655
0.001816
0.001783
0.001840
0.004651
0.001779
0.002459
0.001911
0.001909
0.001906
0.001901
0.001863
0.001891
0.002093
0.001853
0.002489
0.001768
0.002072
0.001883
0.001819
0.001735
0.001843
0.001879
0.001841
0.001898
0.001837
0.001820
0.001818
0.001832
0.001829
0.003827
0.004404
0.002793
0.004370
0.001778
0.001785
0.003556
0.002527
0.002584
0.001776
0.003647
0.001755
0.002582
0.001830
0.001854
0.001834
0.001713
0.001843
0.001827
0.001832
0.002667
0.002887
0.003540
0.004095
0.004448
0.004458
0.001835
0.001794
0.002452
0.001779
0.002078
0.004365
0.001785
0.001703
0.003041
0.001779
0.001790
0.001766
0.001738
0.001736
0.002197
0.002302
0.001733
0.002263
0.002994
0.003359
0.001753
0.003649
0.002500
0.001768
0.001796
0.002050
0.004257
0.004359
0.001768
0.001768
0.001783
0.001738
0.002150
0.002276
0.001811
0.001775
0.001772
0.002042
0.001842
0.003971
0.001778
0.003392
0.004444
0.001750
0.001750
0.002098
0.001747
0.001755
0.001664
0.001753
0.001632
0.001806
0.004549
0.004402
0.003707
0.001701
0.002033
0.001807
0.002102
0.001823
0.001683
0.001823
0.001816
0.001817
0.001737
0.001787
0.002452
0.002612
0.002733
0.001779
0.001791
0.001727
0.001799
0.004362
0.004335
0.004358
0.004292
0.004257
0.004269
0.004442
0.001760
0.001680
0.001758
0.001671
0.001733
0.004611
0.002118
0.002988
0.001895
0.004595
0.004594
0.004602
0.004612
0.002185
0.001877
0.001823
0.001706
0.001853
0.001706
0.001885
0.001739
0.001819
0.001814
0.001829
0.001812
0.001726
0.002396
0.003048
0.003356
0.004496
0.004499
0.004470
0.001858
0.002270
0.003386
0.001845
0.001835
0.001898
0.001903
0.001860
0.002468
0.004436
0.001840
0.001838
0.002380
0.001803
0.002129
0.001770
0.001848
0.001762
0.002236
0.001772
0.001800
0.001807
0.002357
0.001780
0.002690
0.002850
0.001773
0.002945
0.001662
0.001702
0.001790
0.002454
0.001776
0.001788
0.001863
0.001848
0.001724
0.001865
0.001852
0.002181
0.004216
0.004209
0.004235
0.001751
0.001731
0.002303
0.003946
0.001645
0.001724
0.001735
0.003339
0.004209
0.004197
0.001737
0.002204
0.001754
0.001731
0.001756
0.003975
0.001698
0.001780
0.001790
0.001777
0.001785
0.001775
0.001738
0.001681
0.001782
0.001779
0.001777
0.001774
0.001762
0.002450
0.004342
0.001791
0.001781
0.003604
0.001776
0.001758
0.001634
0.001763
0.001754
0.002313
0.001750
0.001761
0.001808
0.001750
0.002161
0.002315
0.001762
0.001767
0.001754
0.001761
0.001809
0.001712
0.002198
0.002625
0.004046
0.001802
0.001804
0.001881
0.001683
0.001806
0.002936
0.001773
0.002832
0.004012
0.003748
0.004340
0.004327
0.004326
0.001895
0.004417
0.001778
0.002450
0.001779
0.002450
0.003967
0.004448
0.004373
0.001826
0.002496
0.001825
0.002130
0.001818
0.001926
0.002303
0.004606
0.004655
0.001828
0.001838
0.001822
0.001704
0.001833
0.001862
0.001870
0.002537
0.001771
0.001860
0.001872
0.002353
0.001905
0.001864
0.001842
0.002421
0.002676
0.001767
0.001769
0.001789
0.001780
0.001773
0.004037
0.001828
0.001693
0.002199
0.002192
0.002784
0.001807
0.001812
0.002202
0.001811
0.001789
0.004297
0.001937
0.001833
0.002123
0.002327
0.002391
0.002332
0.004189
0.004263
0.004299
0.004269
0.001763
0.001772
0.002550
0.001762
0.001779
0.001783
0.001794
0.001765
0.001875
0.001748
0.002575
0.003019
0.004322
0.004294
0.004244
0.004351
0.004287
0.004263
0.004023
0.002825
0.001765
0.001761
0.001739
0.002046
0.001754
0.001778
0.002061
0.001768
0.002037
0.001766
0.001761
0.002217
0.003091
0.003784
0.001752
0.002505
0.001655
0.001745
0.001732
0.001732
0.001738
0.002865
0.001750
0.003271
0.001730
0.001903
0.002884
0.001753
0.001760
0.002196
0.001684
0.001769
0.001800
0.002115
0.001749
0.001754
0.001792
0.003034
0.004324
0.004473
0.001750
0.001741
0.001783
0.001694
0.001663
0.004319
0.001777
0.002758
0.001772
0.002244
0.002386
0.002941
0.003446
0.004288
0.001785
0.001660
0.002260
0.001838
0.002345
0.001791
0.001788
0.001779
0.001786
0.001728
0.004127
0.001719
0.001656
0.001770
0.001734
0.001738
0.001721
0.002431
0.001699
0.001718
0.002357
0.002778
0.003333
0.004247
0.004268
0.004355
0.001678
0.001794
0.001724
0.001804
0.001967
0.001875
0.001713
0.001802
0.001806
0.001754
0.001805
0.001795
0.002859
0.001866
0.002461
0.001920
0.001869
0.001784
0.002523
0.004329
0.001777
0.001764
0.003713
0.001770
0.001771
0.001685
0.004514
0.004371
0.001816
0.003008
0.003342
0.001790
0.002085
0.001805
0.001796
0.002026
0.004453
0.004497
0.003768
0.004022
0.004567
0.004418
0.001817
0.002200
0.003265
0.004483
0.001854
0.004555
0.002152
0.001982
0.002232
0.003338
0.004533
0.004537
0.001761
0.002323
0.001713
0.001779
0.004345
0.001786
0.001849
0.001767
0.002437
0.003210
0.001781
0.001766
0.004295
0.001775
0.002235
0.004303
0.004165
0.001721
0.004305
0.001712
0.001723
0.001775
0.001773
0.002011
0.002380
0.002636
0.003030
0.001794
0.001774
0.001722
0.001779
0.001775
0.001794
0.001764
0.001785
0.001775
0.001744
0.001771
0.004023
0.001648
0.001751
0.001745
0.003378
0.001634
0.002759
0.001956
0.001761
0.002531
0.002541
0.001749
0.001746
0.001794
0.002378
0.001632
0.001804
0.001744
0.001747
0.004005
0.004251
0.004361
0.004725
0.001808
0.001878
0.002681
0.002837
0.001816
0.001832
0.001777
0.001799
0.002178
0.001686
0.001871
0.001798
0.002092
0.001802
0.004379
0.002222
0.004387
0.004352
0.004348
0.004384
0.003325
0.001904
0.001859
0.001652
0.002863
0.003932
0.003809
0.001828
0.001634
0.001698
0.001749
0.004269
0.002935
0.004310
0.001952
0.001801
0.001799
0.004348
0.001793
0.001793
0.001796
0.002153
0.002272
0.001798
0.001830
