0.017626
0.017364
0.016542
0.023170
0.016852
0.016774
0.016507
0.017418
0.017774
0.016667
0.016953
0.017812
0.016202
0.017032
0.014995
0.016067
0.015894
0.017006
0.018493
0.018605
0.015426
0.021269
0.018034
0.018386
0.015801
0.015622
0.017170
0.019031
0.019725
0.020768
0.024018
0.017046
0.017611
0.016920
0.016088
0.023287
0.016858
0.018129
0.015065
0.015853
0.019957
0.016317
0.016876
0.017606
0.016944
0.016964
0.024207
0.017952
0.015694
0.016286
0.016782
0.019700
0.018610
0.014943
0.018049
0.017861
0.021034
0.015516
0.020362
0.017084
0.019849
0.017058
0.020463
0.016656
0.020658
0.019691
0.016985
0.023522
0.016044
0.021115
0.017263
0.021264
0.016591
0.018179
0.017518
0.016989
0.016200
0.021582
0.018286
0.021731
0.018966
0.017864
0.018300
0.015662
0.015503
0.017988
0.016377
0.016029
0.018175
0.016143
0.018432
0.017050
0.015756
0.017657
0.016351
0.016499
0.018619
0.020328
0.017965
0.017238
0.016554
0.018568
0.017144
0.017465
0.021755
0.017373
0.016628
0.017477
0.017916
0.016952
0.017874
0.017829
0.017702
0.016738
0.022151
0.023083
0.019151
0.020858
0.020653
0.019210
0.015735
0.020078
0.021265
0.020917
0.016162
0.023501
0.016101
0.016231
0.017891
0.017368
0.016593
0.019074
0.018904
0.019790
0.016637
0.017339
0.017621
0.016622
0.018074
0.018349
0.017520
0.017710
0.016591
0.017037
0.017908
0.016139
0.018063
0.017255
0.019820
0.020518
0.017115
0.019646
0.016997
0.017330
0.016787
0.016666
0.015777
0.018016
0.022484
0.019738
0.017581
0.017088
0.016592
0.017443
0.019389
0.018271
0.017545
0.017612
0.016803
0.017113
0.017483
0.017516
0.017165
0.016821
0.017146
0.017447
0.018297
0.017315
0.018328
0.016223
0.017594
0.017767
0.016706
0.015795
0.015839
0.016775
0.021369
0.020197
0.017404
0.017664
0.017551
0.019476
0.017542
0.019409
0.018887
0.018998
0.017967
0.017555
0.017764
0.017933
0.018480
0.018008
0.018463
0.017132
0.017919
0.017519
0.016621
0.016724
0.017424
0.016793
0.018458
0.018242
0.017967
0.020502
0.016383
0.016366
0.015605
0.018459
0.016258
0.016981
0.016641
0.018024
0.016256
0.018833
0.016387
0.015541
0.016877
0.016336
0.016808
0.016576
0.015700
0.019025
0.019981
0.019809
0.015852
0.016411
0.016190
0.016772
0.019173
0.017503
0.018577
0.022285
0.017315
0.015853
0.018056
0.018599
0.015952
0.017817
0.016597
0.017445
0.021727
0.016263
0.016123
0.018199
0.015620
0.017323
0.018103
0.016834
0.018764
0.016745
0.015855
0.018652
0.015628
0.017178
0.019964
0.017479
0.018087
0.016523
0.019033
0.019067
0.015352
0.016337
0.018359
0.018911
0.017763
0.017860
0.018346
0.015581
0.017680
0.016531
0.017127
0.017820
0.016814
0.018260
0.016726
0.017340
0.019448
0.021038
0.015601
0.017239
0.015761
0.016541
0.017445
0.017017
0.017496
0.019449
0.018624
0.017276
0.022235
0.022121
0.021223
0.018177
0.016534
0.016334
0.017205
0.020875
0.020333
0.018963
0.015275
0.015861
0.015958
0.016226
0.017389
0.017783
0.018409
0.018532
0.022127
0.017842
0.015432
0.015590
0.020706
0.019050
0.015851
0.016928
0.019988
0.015684
0.017030
0.018048
0.014973
0.016615
0.015048
0.018696
0.017595
0.018411
0.019660
0.017188
0.016923
0.016239
0.016775
0.022134
0.017171
0.017462
0.017782
0.016861
0.015927
0.017490
0.017488
0.017172
0.016076
0.017546
0.018885
0.020500
0.021849
0.019242
0.017901
0.018917
0.018988
0.017853
0.017409
0.016377
0.016523
0.018287
0.019078
0.017078
0.016451
0.017255
0.015946
0.024397
0.016992
0.019430
0.015844
0.018702
0.019983
0.020827
0.017168
0.015356
0.017961
0.016521
0.019602
0.015767
0.016254
0.017836
0.016689
0.021107
0.018452
0.018707
0.017476
0.018486
0.019514
0.016696
0.020577
0.015739
0.015767
0.016637
0.017878
0.015410
0.017329
0.015234
0.015430
0.017225
0.021173
0.017409
0.017194
0.017221
0.022712
0.016325
0.016265
0.021094
0.016386
0.016983
0.018070
0.016046
0.016541
0.016206
0.016345
0.016189
0.016689
0.017465
0.017171
0.016776
0.016731
0.018490
0.017244
0.018238
0.018540
0.019314
0.017078
0.019814
0.015971
0.016915
0.017124
0.016402
0.015901
0.015215
0.019903
0.017947
0.017775
0.017013
0.017022
0.014664
0.016640
0.018361
0.016662
0.018935
0.016824
0.017234
0.016844
0.016963
0.016502
0.017491
0.016516
0.015483
0.017919
0.017280
0.018368
0.017341
0.015775
0.016330
0.016167
0.019039
0.015374
0.015570
0.017253
0.021178
0.015446
0.018729
0.016744
0.018460
0.015802
0.017763
0.016727
0.015592
0.018472
0.018312
0.026610
0.017976
0.017446
0.017910
0.018732
0.022752
0.017809
0.020065
0.016235
0.016056
0.016304
0.016476
0.017168
0.015307
0.019677
0.016543
0.021556
0.018732
0.015851
0.018008
0.015434
0.028024
0.015114
0.016984
0.019997
0.016203
0.017534
0.019470
0.017611
0.019569
0.020055
0.017497
0.016206
0.018999
0.020410
0.017413
0.019697
0.016511
0.025803
0.015940
0.016090
0.015662
0.017940
0.016213
0.018337
0.017448
0.016487
0.015449
0.016116
0.018572
0.018358
0.016914
0.018724
0.015644
0.017598
0.018225
0.018123
0.017402
0.019594
0.017759
0.018968
0.017466
0.017003
0.017198
0.016977
0.016384
0.016707
0.018525
0.016689
0.017373
0.018203
0.020168
0.017417
0.017015
0.016447
0.016522
0.016453
0.017294
0.018548
0.019978
0.025850
0.019611
0.016411
0.022053
0.020600
0.018494
0.017498
0.017664
0.016681
0.017432
0.019192
0.015550
0.017788
0.014664
0.016340
0.016128
0.017303
0.018966
0.021911
0.018452
0.018032
0.019854
0.016020
0.017685
0.016298
0.018828
0.014820
0.017870
0.019824
0.019131
0.016553
0.016925
0.018149
0.017442
0.015921
0.015884
0.015804
0.014743
0.015279
0.016633
0.017514
0.017325
0.017351
0.015933
0.019492
0.017725
0.016838
0.016678
0.017303
0.024146
0.017629
0.017006
0.017555
0.017396
0.014956
0.017901
0.016324
0.016078
0.014875
0.016813
0.015936
0.014231
0.016338
0.015603
0.020375
0.016311
0.016711
0.017280
0.020339
0.017928
0.018805
0.019578
0.020266
0.015836
0.015972
0.016438
0.016489
0.015846
0.017833
0.018565
0.016600
0.018662
0.017510
0.016323
0.018246
0.015270
0.016374
0.017869
0.018054
0.020810
0.020027
0.015265
0.014793
0.016932
0.019245
0.017839
0.017351
0.019360
0.015429
0.015098
0.015579
0.020526
0.017511
0.015567
0.019618
0.016396
0.016315
0.031316
0.017494
0.016597
0.019615
0.016035
0.016069
0.015212
0.017554
0.018617
0.018660
0.016507
0.020608
0.016688
0.016814
0.017206
0.016901
0.016096
0.016408
0.016283
0.017099
0.016560
0.015249
0.015346
0.017253
0.016208
0.018756
0.018918
0.017064
0.016573
0.018684
0.020289
0.019224
0.016799
0.016622
0.019606
0.015900
0.019757
0.015604
0.015198
0.016114
0.017068
0.019598
0.014727
0.018866
0.015873
0.021306
0.016480
0.015328
0.015339
0.018328
0.016492
0.016084
0.018055
0.018616
0.017433
0.016781
0.016014
0.016160
0.015923
0.016329
0.016383
0.018743
0.019164
0.018253
0.017663
0.015867
0.021009
0.015955
0.017954
0.017870
0.019189
0.017981
0.018788
0.020736
0.018935
0.019384
0.016271
0.017962
0.020274
0.016723
0.018269
0.017084
0.017840
0.017077
0.019373
0.017008
0.019337
0.018045
0.023280
0.019338
0.018637
0.020525
0.018157
0.014792
0.016953
0.016768
0.020554
0.019888
0.017661
0.020108
0.019147
0.016943
0.015471
0.017198
0.017113
0.018592
0.015985
0.020281
0.019114
0.019854
0.015962
0.016654
0.019203
0.017061
0.016694
0.017403
0.017230
0.018507
0.016547
0.015222
0.017300
0.019507
0.017693
0.016825
0.019350
0.016095
0.017490
0.016077
0.017835
0.016230
0.016308
0.024745
0.018465
0.017346
0.021814
0.018713
0.019255
0.017377
0.016390
0.017223
0.016360
0.016369
0.015745
0.018162
0.017333
0.016542
0.018853
0.016333
0.016478
0.016753
0.017249
0.017557
0.020767
0.018476
0.021895
0.015940
0.018580
0.016349
0.016376
0.017394
0.017511
0.017657
0.016046
0.015087
0.018317
0.018790
0.015833
0.015848
0.017074
0.017541
0.019054
0.020132
0.017828
0.019767
0.019177
0.019476
0.016182
0.016896
0.020709
0.015395
0.019499
0.019212
0.020410
0.020841
0.018093
0.016909
0.021348
0.017849
0.018822
0.017385
0.017191
0.019265
0.018080
0.015587
0.016046
0.019001
0.016931
0.017346
0.016842
0.022489
0.017551
0.016699
0.016019
0.020574
0.017953
0.017731
0.018635
0.016181
0.015681
0.016969
0.017989
0.017138
0.017460
0.016629
0.017135
0.017239
0.016504
0.018252
0.015462
0.017746
0.017941
0.020988
0.017278
0.019164
0.017970
0.018310
0.017391
0.021789
0.016535
0.017331
0.016611
0.017885
0.022059
0.017504
0.028689
0.016205
0.017774
0.023733
0.018835
0.016496
0.018992
0.014971
0.017525
0.017205
0.019176
0.017240
0.016217
0.018417
0.020721
0.016715
0.014638
0.018740
0.016690
0.018303
0.017325
0.018157
0.015113
0.017427
0.019936
0.018185
0.015832
0.016763
0.016501
0.020467
0.021784
0.015970
0.024393
0.018040
0.019221
0.016168
0.016435
0.017152
0.015656
0.017223
0.018206
0.024655
0.018102
0.016890
0.015911
0.016824
0.019546
0.020890
0.021290
0.018784
0.016606
0.017920
0.018252
0.023388
0.020253
0.017178
0.019288
0.017927
0.020860
0.017825
0.018340
0.015231
0.019181
0.021051
0.016916
0.018711
0.022796
0.023664
0.017283
0.018201
0.016418
0.016945
0.016075
0.016680
0.017784
0.016357
0.016184
0.016577
0.017774
0.015792
0.015844
0.023087
0.017177
0.016453
0.019963
0.015743
0.017710
0.019345
0.019262
0.016546
0.017864
0.016727
0.015272
0.021018
0.017186
0.014846
0.017057
0.017926
0.017541
0.015154
0.016200
0.017809
0.016735
0.016438
0.018596
