0.001386
0.002593
0.001239
0.001050
0.001032
0.001076
0.001137
0.001077
0.001167
0.000894
0.000942
0.001090
0.000938
0.000829
0.001138
0.000911
0.000927
0.000885
0.000970
0.000905
0.000889
0.001297
0.001472
0.000835
0.000931
0.001161
0.000904
0.000842
0.000843
0.000834
0.001100
0.000830
0.001194
0.000867
0.000925
0.000901
0.000798
0.002754
0.002725
0.001514
0.001115
0.001243
0.001684
0.001355
0.001247
0.001238
0.001302
0.001867
0.001105
0.001147
0.001160
0.001098
0.000968
0.001112
0.001917
0.001061
0.001381
0.000841
0.001050
0.001057
0.001093
0.001000
0.001139
0.001402
0.001228
0.001037
0.002184
0.001108
0.000959
0.001047
0.001645
0.001077
0.001247
0.001015
0.003188
0.006765
0.000973
0.001489
0.001270
0.000975
0.001403
0.002581
0.003071
0.001185
0.001093
0.001250
0.002369
0.001102
0.001163
0.001862
0.001566
0.001544
0.001383
0.002289
0.002782
0.003897
0.001083
0.001104
0.000975
0.001232
0.000962
0.001254
0.001036
0.002303
0.000969
0.001086
0.001000
0.000995
0.001107
0.001004
0.001072
0.001624
0.001098
0.001175
0.001114
0.001160
0.001089
0.001329
0.001237
0.001086
0.001107
0.001030
0.001432
0.001133
0.001251
0.001207
0.002825
0.001580
0.001131
0.002333
0.001739
0.002401
0.001178
0.001478
0.001527
0.001123
0.000975
0.000954
0.000724
0.000970
0.001287
0.002347
0.002768
0.001201
0.001306
0.001295
0.001203
0.001059
0.001046
0.000998
0.001045
0.001038
0.001822
0.001507
0.000793
0.000766
0.000845
0.000774
0.000843
0.001079
0.001214
0.001283
0.001115
0.001087
0.001045
0.001520
0.001235
0.001194
0.001073
0.001065
0.001852
0.001965
0.001192
0.001126
0.001097
0.001118
0.002019
0.001284
0.001086
0.001311
0.001143
0.001284
0.001055
0.001104
0.001132
0.001123
0.001247
0.001155
0.001174
0.001206
0.001107
0.001149
0.001265
0.001234
0.000689
0.000626
0.001096
0.000569
0.000891
0.000710
0.000831
0.000617
0.000691
0.001055
0.001161
0.001103
0.001108
0.001131
0.001605
0.001085
0.000963
0.000949
0.000991
0.001447
0.002434
0.002295
0.000985
0.001332
0.001493
0.000993
0.001035
0.001446
0.000970
0.000986
0.001208
0.001225
0.001112
0.002707
0.001221
0.001120
0.001181
0.001502
0.001285
0.001060
0.001241
0.003466
0.001116
0.001174
0.001188
0.001109
0.001085
0.001108
0.001260
0.001140
0.001099
0.001107
0.003918
0.002420
0.004217
0.002703
0.002899
0.002763
0.001030
0.001375
0.001276
0.001117
0.001179
0.001295
0.001265
0.001140
0.001015
0.000841
0.000913
0.001813
0.001000
0.001020
0.000814
0.001390
0.002371
0.002104
0.000977
0.000776
0.001030
0.001262
0.000995
0.002185
0.001150
0.000935
0.000940
0.000960
0.000916
0.000903
0.002770
0.002142
0.002174
0.002227
0.001210
0.001162
0.001127
0.001765
0.002903
0.004006
0.002609
0.001119
0.001146
0.001101
0.001123
0.001683
0.001294
0.001105
0.001468
0.001569
0.001241
0.001123
0.001167
0.000933
0.000961
0.000895
0.001256
0.001230
0.001041
0.000975
0.002485
0.004223
0.001382
0.000932
0.001204
0.001231
0.000963
0.000942
0.000991
0.000985
0.000981
0.001287
0.001192
0.001028
0.001970
0.001026
0.001009
0.000950
0.000831
0.000773
0.000941
0.000677
0.000964
0.000659
0.000608
0.000687
0.001015
0.000840
0.000686
0.000820
0.001646
0.001517
0.001533
0.001053
0.001209
0.001067
0.000918
0.000961
0.001003
0.001060
0.000990
0.001635
0.002350
0.002224
0.000981
0.001242
0.001507
0.001197
0.001647
0.001525
0.002774
0.002732
0.001498
0.001080
0.001280
0.002170
0.002741
0.002702
0.003093
0.002759
0.001378
0.001660
0.001056
0.001132
0.002407
0.001101
0.001228
0.001212
0.001288
0.001210
0.001372
0.001398
0.001070
0.001136
0.000983
0.001024
0.000984
0.001755
0.001190
0.000866
0.000785
0.000935
0.000769
0.001172
0.000830
0.000782
0.000966
0.001014
0.000792
0.000946
0.000934
0.001349
0.001180
0.001950
0.001478
0.001087
0.001171
0.001240
0.001049
0.001032
0.001855
0.001322
0.001009
0.001155
0.001085
0.001026
0.001130
0.001257
0.001426
0.001142
0.001410
0.001118
0.001129
0.001939
0.002746
0.001061
0.001177
0.001396
0.001076
0.001038
0.001040
0.001043
0.001026
0.001089
0.001218
0.001335
0.001473
0.000999
0.001144
0.001414
0.001096
0.001132
0.001591
0.001140
0.002005
0.001521
0.001014
0.001614
0.001979
0.002350
0.001235
0.001231
0.001088
0.001376
0.001718
0.001175
0.001255
0.001067
0.001029
0.001037
0.002505
0.002929
0.001560
0.001060
0.001062
0.001141
0.002714
0.001194
0.001141
0.001283
0.001200
0.001022
0.001229
0.000748
0.001111
0.000768
0.000776
0.000826
0.000988
0.000818
0.000901
0.002491
0.001628
0.002978
0.001069
0.001118
0.001079
0.001141
0.001076
0.001030
0.001517
0.001725
0.001189
0.001691
0.001673
0.001472
0.001459
0.001070
0.001117
0.001073
0.001348
0.001107
0.001403
0.001757
0.002791
0.002621
0.001091
0.001148
0.001086
0.002129
0.000935
0.000895
0.001177
0.000925
0.000901
0.000921
0.001188
0.000932
0.000899
0.001100
0.001393
0.001121
0.001266
0.001129
0.001120
0.001350
0.001471
0.001068
0.001609
0.001996
0.002437
0.002725
0.004203
0.001208
0.001889
0.001249
0.001114
0.001540
0.001075
0.001095
0.001134
0.001014
0.001071
0.001766
0.001038
0.001083
0.001166
0.001428
0.001124
0.001129
0.001222
0.001242
0.001145
0.001159
0.001478
0.001211
0.001841
0.001035
0.001087
0.001068
0.001199
0.001080
0.001255
0.001287
0.001358
0.001590
0.001068
0.001184
0.001390
0.001410
0.001324
0.001118
0.001100
0.001342
0.001647
0.003122
0.002529
0.002397
0.001733
0.001202
0.002577
0.000935
0.001321
0.002202
0.001199
0.000911
0.001060
0.001480
0.001343
0.001027
0.000980
0.001294
0.001103
0.001490
0.000986
0.001393
0.001106
0.001237
0.001194
0.001701
0.001450
0.002376
0.001359
0.001282
0.001395
0.001117
0.001112
0.001119
0.001116
0.001113
0.001097
0.001149
0.001950
0.001077
0.001151
0.001256
0.001124
0.002012
0.001082
0.001297
0.000995
0.001372
0.000977
0.000899
0.001153
0.001575
0.001087
0.001154
0.001226
0.001196
0.001383
0.001357
0.001143
0.001763
0.002576
0.002978
0.001413
0.001252
0.002423
0.002557
0.004274
0.002414
0.001045
0.001123
0.002368
0.002697
0.002672
0.002682
0.001141
0.003051
0.002756
0.000838
0.000838
0.000822
0.000981
0.001094
0.000910
0.000936
0.000855
0.001015
0.001372
0.001043
0.001021
0.001016
0.001107
0.001079
0.001311
0.001566
0.001596
0.001124
0.001117
0.001326
0.000984
0.001109
0.001176
0.001620
0.001115
0.001508
0.001286
0.001120
0.001131
0.001088
0.001202
0.000902
0.001084
0.001137
0.001034
0.001278
0.001213
0.001041
0.001103
0.001622
0.001062
0.001094
0.001788
0.003122
0.001217
0.001907
0.001077
0.001355
0.001712
0.000968
0.000991
0.001061
0.001170
0.001736
0.000942
0.001074
0.001078
0.000920
0.001008
0.000970
0.001013
0.001174
0.001053
0.002395
0.001317
0.001173
0.000955
0.001436
0.001381
0.001474
0.001176
0.001016
0.001264
0.001028
0.001186
0.001066
0.001056
0.001077
0.002522
0.001128
0.001118
0.001790
0.001210
0.001166
0.001047
0.001200
0.001068
0.001447
0.001247
0.001326
0.001010
0.001004
0.000904
0.000976
0.000936
0.000831
0.001057
0.000821
0.000971
0.000937
0.000823
0.000846
0.001833
0.001074
0.001158
0.001097
0.001049
0.001180
0.000998
0.001541
0.001999
0.001092
0.001002
0.001108
0.001065
0.001081
0.001050
0.001149
0.001214
0.001215
0.002564
0.002677
0.000975
0.000912
0.001382
0.000907
0.000918
0.000958
0.001044
0.001400
0.000891
0.001259
0.001096
0.001783
0.001255
0.001198
0.001536
0.001132
0.001106
0.001173
0.001249
0.000993
0.000821
0.002066
0.002131
0.002595
0.001028
0.000891
0.000827
0.000869
0.000845
0.000835
0.001102
0.001116
0.000847
0.000838
0.000788
0.001677
0.001443
0.002844
0.002368
0.002695
0.002391
0.000906
0.000987
0.000878
0.001085
0.002121
0.002241
0.001415
0.002518
0.002219
0.002709
0.001150
0.001214
0.001367
0.001154
0.001125
0.002847
0.001180
0.001058
0.001357
0.001611
0.001009
0.001575
0.001291
0.001168
0.001685
0.002660
0.001360
0.001705
0.001084
0.000892
0.000986
0.001264
0.001458
0.001685
0.001257
0.001405
0.001138
0.001049
0.001090
0.001283
0.001072
0.000988
0.001009
0.001127
0.001279
0.001412
0.001142
0.001398
0.001167
0.001125
0.001035
0.000905
0.000933
0.000863
0.001006
0.001191
0.001211
0.001730
0.000915
0.000972
0.001331
0.001170
0.002756
0.002237
0.001319
0.001084
0.001225
0.000967
0.001478
0.001965
0.001691
0.001071
0.001055
0.001221
0.001013
0.000988
0.001295
0.000964
0.000990
0.001471
0.001194
0.001624
0.002612
0.002353
0.001361
0.001615
0.001327
0.001226
0.001604
0.001370
0.001309
0.001166
0.001185
0.001066
0.001228
0.001303
0.001756
0.001489
0.001329
0.001325
0.001203
0.001043
0.001314
0.001700
0.001031
0.001019
0.000787
0.000961
0.000940
0.000912
0.000945
0.000882
0.000842
0.000923
0.000883
0.000800
0.000852
0.000832
0.000836
0.000936
0.001115
0.001514
0.001731
0.001982
0.001897
0.002078
0.002087
0.002215
0.002055
0.002232
0.001941
0.002900
0.002210
0.002163
0.001935
0.002484
0.002340
0.001997
0.001868
0.001925
0.002241
0.001998
0.003364
0.001874
0.002026
0.002495
0.001992
0.002295
0.002191
0.003121
0.001881
0.002168
0.001976
0.002282
0.002116
0.002780
0.002202
0.002121
0.001921
0.003232
0.002073
0.002233
0.002130
0.002011
0.002184
0.002310
0.002114
0.002173
0.002335
0.002115
0.002145
0.002016
0.001986
0.002253
0.002608
0.002033
0.002166
0.003227
0.002591
0.001941
0.002199
0.002029
0.002385
