0.000678
0.000707
0.000628
0.000647
0.000618
0.000542
0.000750
0.000702
0.000710
0.000522
0.000477
0.001178
0.000719
0.000551
0.000621
0.000730
0.000785
0.000696
0.000597
0.000485
0.000659
0.000418
0.000615
0.000860
0.000432
0.000658
0.000796
0.000770
0.000447
0.000743
0.000766
0.000613
0.000746
0.000636
0.000615
0.000620
0.000599
0.000691
0.000684
0.000803
0.000933
0.000684
0.000675
0.001002
0.001143
0.001200
0.000733
0.001043
0.000875
0.000679
0.000605
0.000625
0.000559
0.000698
0.000599
0.000926
0.000783
0.000764
0.000576
0.000665
0.000890
0.000832
0.000783
0.000561
0.000563
0.000647
0.000630
0.001247
0.000743
0.000516
0.000882
0.000780
0.000577
0.000823
0.000594
0.000643
0.000861
0.000787
0.000547
0.000777
0.000530
0.000633
0.000948
0.000695
0.000743
0.000585
0.000609
0.000616
0.001479
0.000576
0.000607
0.001193
0.000610
0.002274
0.001160
0.001096
0.002003
0.001489
0.001647
0.002173
0.000663
0.000863
0.000754
0.000607
0.000623
0.001061
0.001472
0.000780
0.001935
0.000893
0.000698
0.000764
0.000594
0.000727
0.000714
0.001326
0.001228
0.001288
0.001371
0.000863
0.000810
0.001491
0.000681
0.000662
0.000623
0.000870
0.001337
0.000602
0.001187
0.000901
0.000843
0.000744
0.000720
0.000623
0.000773
0.000644
0.000591
0.000619
0.000730
0.000846
0.000621
0.000843
0.000992
0.000890
0.000677
0.001050
0.000765
0.001364
0.002082
0.000707
0.000775
0.000665
0.001041
0.000940
0.001386
0.001496
0.000733
0.000678
0.000902
0.000700
0.001157
0.001597
0.001773
0.000623
0.000609
0.000695
0.000599
0.000761
0.000756
0.000653
0.000621
0.000632
0.000748
0.000975
0.000967
0.000664
0.000678
0.000727
0.000625
0.000785
0.000745
0.000628
0.000601
0.000944
0.001448
0.000780
0.000892
0.000863
0.000601
0.000587
0.000819
0.000968
0.000692
0.000801
0.000644
0.000873
0.000619
0.000935
0.000877
0.000614
0.000712
0.000626
0.000618
0.001183
0.000666
0.000713
0.000598
0.000837
0.000694
0.000882
0.000873
0.000786
0.000613
0.000614
0.000718
0.000645
0.000575
0.001042
0.000630
0.000677
0.000677
0.000809
0.000628
0.000539
0.000521
0.000434
0.000738
0.000493
0.000608
0.001952
0.000876
0.000491
0.000420
0.000397
0.000475
0.000434
0.000556
0.000666
0.000477
0.000656
0.000576
0.000455
0.000585
0.000546
0.000488
0.000639
0.000612
0.000746
0.000735
0.000671
0.000639
0.001011
0.000794
0.000590
0.000942
0.000815
0.000583
0.000626
0.000549
0.000765
0.000935
0.001460
0.001474
0.000812
0.000612
0.000673
0.000959
0.000875
0.000821
0.000797
0.001328
0.000842
0.000866
0.000632
0.000830
0.000668
0.000603
0.000572
0.000649
0.000631
0.000913
0.000640
0.000599
0.000590
0.000617
0.000820
0.000881
0.000845
0.000829
0.001120
0.000736
0.000360
0.000949
0.000372
0.000366
0.000624
0.000577
0.000594
0.000842
0.000713
0.000709
0.000612
0.000734
0.000722
0.004691
0.000907
0.001145
0.001424
0.000695
0.000622
0.000923
0.000728
0.000609
0.000600
0.000822
0.000711
0.000924
0.001632
0.000656
0.000748
0.000706
0.000589
0.000812
0.000670
0.000712
0.001074
0.001214
0.000815
0.000699
0.001657
0.001570
0.001677
0.000668
0.000920
0.000924
0.001276
0.000752
0.000877
0.000700
0.000809
0.000741
0.000826
0.000880
0.001963
0.000773
0.000712
0.000631
0.000816
0.000836
0.000600
0.001589
0.001395
0.000725
0.000589
0.000804
0.000641
0.000598
0.000611
0.000606
0.000944
0.000859
0.000640
0.000615
0.000644
0.000673
0.000857
0.000727
0.000685
0.000739
0.000717
0.000723
0.000811
0.000905
0.000769
0.001386
0.000707
0.000867
0.000731
0.000708
0.000706
0.001094
0.000816
0.001031
0.000687
0.000768
0.000671
0.000672
0.000652
0.000663
0.000683
0.000847
0.000549
0.000507
0.000511
0.000979
0.000483
0.000547
0.000647
0.000514
0.000647
0.000500
0.000484
0.000678
0.000458
0.001075
0.001605
0.001209
0.000749
0.000711
0.001090
0.000826
0.000717
0.000676
0.000864
0.000678
0.001341
0.001286
0.001690
0.001703
0.001410
0.001653
0.001755
0.000849
0.000692
0.001098
0.000758
0.000605
0.000650
0.000745
0.000592
0.001391
0.001834
0.001896
0.001698
0.001611
0.001641
0.001639
0.000736
0.000694
0.000707
0.000853
0.000864
0.000710
0.000707
0.000699
0.000884
0.000632
0.000737
0.000777
0.001167
0.000705
0.000796
0.000702
0.000708
0.000643
0.000690
0.000600
0.000832
0.000765
0.000957
0.000912
0.000662
0.000672
0.000763
0.000868
0.001180
0.000574
0.000498
0.000632
0.000480
0.001438
0.000746
0.000600
0.000693
0.000650
0.000513
0.000488
0.000617
0.000592
0.000480
0.000481
0.000490
0.001034
0.000789
0.000740
0.000717
0.000700
0.000805
0.001042
0.000970
0.001555
0.001559
0.001912
0.001493
0.001609
0.003054
0.001600
0.001485
0.002156
0.001505
0.000689
0.000807
0.000726
0.000530
0.000570
0.000630
0.000539
0.000758
0.000542
0.000731
0.000586
0.000574
0.000621
0.000586
0.000640
0.000562
0.000763
0.000490
0.000478
0.000423
0.000718
0.000617
0.000673
0.000470
0.000493
0.000459
0.001083
0.000769
0.002295
0.000853
0.000793
0.000767
0.000978
0.000982
0.000953
0.002047
0.002517
0.000745
0.001985
0.001873
0.000543
0.001068
0.000651
0.000944
0.000584
0.000709
0.000790
0.000783
0.000645
0.000678
0.000559
0.000456
0.000486
0.000499
0.000490
0.000463
0.000572
0.000477
0.000685
0.000992
0.000545
0.001202
0.001229
0.000646
0.000576
0.000497
0.000619
0.000599
0.000697
0.000762
0.000702
0.000486
0.000513
0.000849
0.000499
0.000533
0.000663
0.000905
0.001191
0.001168
0.002219
0.001074
0.001103
0.000925
0.000377
0.000358
0.000497
0.000507
0.000379
0.000435
0.000419
0.000406
0.001357
0.000787
0.000708
0.000758
0.000765
0.000904
0.000923
0.000777
0.000637
0.001491
0.000638
0.000705
0.000775
0.000714
0.000811
0.000798
0.000572
0.000584
0.000781
0.000522
0.000554
0.000588
0.000639
0.000590
0.000553
0.001280
0.001868
0.000885
0.000617
0.000896
0.001127
0.000779
0.000730
0.000642
0.000710
0.000761
0.001352
0.000483
0.000477
0.000477
0.000460
0.000652
0.000822
0.000818
0.000486
0.000485
0.000503
0.000637
0.000497
0.000572
0.000652
0.000873
0.000536
0.000494
0.001070
0.000668
0.000606
0.000550
0.000556
0.000579
0.000414
0.000990
0.000572
0.000420
0.000613
0.000576
0.000832
0.001554
0.000601
0.000578
0.000952
0.001616
0.001558
0.000744
0.000619
0.000710
0.000720
0.001559
0.001515
0.000968
0.000694
0.000849
0.000854
0.000680
0.000812
0.000606
0.000581
0.000580
0.000533
0.000545
0.001154
0.000713
0.000579
0.000725
0.000697
0.000885
0.000698
0.000892
0.000783
0.000781
0.000689
0.000661
0.000743
0.000707
0.000747
0.000851
0.001155
0.000755
0.000706
0.000556
0.000860
0.000557
0.000623
0.000967
0.000988
0.000718
0.000544
0.001308
0.001328
0.001263
0.000629
0.000573
0.000540
0.000855
0.000686
0.001750
0.001299
0.001461
0.001328
0.000784
0.000536
0.001080
0.001289
0.000654
0.001137
0.004008
0.000645
0.000868
0.000838
0.000719
0.000553
0.001262
0.000649
0.000558
0.000539
0.000498
0.000496
0.000563
0.000629
0.000520
0.000614
0.000487
0.000475
0.000524
0.000672
0.000606
0.001760
0.000907
0.001074
0.001083
0.001015
0.000698
0.000688
0.000753
0.000656
0.000580
0.000629
0.000687
0.000608
0.000620
0.000627
0.000603
0.000851
0.000784
0.000594
0.000639
0.001392
0.001094
0.000728
0.000848
0.000635
0.000634
0.000618
0.000607
0.000603
0.000569
0.000645
0.000633
0.002264
0.001480
0.001555
0.001678
0.000855
0.001836
0.000613
0.000843
0.000856
0.000669
0.000785
0.000782
0.000989
0.000658
0.000785
0.000692
0.001503
0.001388
0.001369
0.001846
0.000987
0.000505
0.000511
0.000701
0.000509
0.000655
0.000541
0.000449
0.000494
0.000624
0.000550
0.001194
0.000490
0.000764
0.000730
0.000707
0.000975
0.000909
0.000637
0.000626
0.000591
0.000921
0.000758
0.000809
0.000646
0.000798
0.000781
0.000723
0.000852
0.000836
0.000679
0.000936
0.000796
0.000749
0.001151
0.001204
0.001293
0.000539
0.000515
0.000561
0.000511
0.000447
0.000494
0.000456
0.000479
0.000504
0.000554
0.000475
0.000533
0.000549
0.001113
0.000758
0.000657
0.000649
0.000716
0.000662
0.000804
0.000595
0.000571
0.000649
0.000578
0.000526
0.000612
0.000547
0.000569
0.000635
0.000737
0.000764
0.000750
0.000725
0.000674
0.000709
0.000714
0.000818
0.000593
0.001065
0.001096
0.001145
0.001157
0.001729
0.001423
0.002418
0.000663
0.000689
0.000683
0.000852
0.001017
0.000783
0.000630
0.000784
0.000625
0.000579
0.000576
0.000523
0.000531
0.000822
0.000522
0.000562
0.000726
0.000364
0.000365
0.000349
0.000623
0.000363
0.000347
0.000514
0.000470
0.000481
0.000481
0.000597
0.000840
0.000950
0.000416
0.000579
0.000373
0.000711
0.000379
0.000597
0.000561
0.000566
0.000658
0.000586
0.001450
0.001318
0.001306
0.001498
0.000730
0.000558
0.001049
0.000797
0.000841
0.000656
0.001066
0.000741
0.001409
0.000754
0.001675
0.000523
0.000534
0.001299
0.001204
0.001554
0.001333
0.001225
0.000625
0.000519
0.000550
0.000483
0.000503
0.000481
0.001173
0.000625
0.000884
0.000930
0.000844
0.000866
0.000696
0.000590
0.000607
0.000603
0.001153
0.000955
0.000879
0.000766
0.000793
0.001283
0.000556
0.000892
0.001362
0.000882
0.000982
0.001946
0.001370
0.001775
0.000913
0.000814
0.000728
0.000528
0.000602
0.000553
0.000590
0.000610
0.000483
0.000419
0.000432
0.000438
0.000410
0.000431
0.001050
0.000505
0.000568
0.000487
0.000532
0.000473
0.000484
0.000574
0.000771
0.000483
0.000789
0.000470
