1.3029999999999977e-6
0.000818037
4.3520000000000136e-6
5.12190139243952e-8
2.4225061488634608e-5
1.0868392795715566e-7
1.4374999999999997e-5
0.001395059
1.6917000000000177e-5
3.8609658192034077e-7
3.8230119069656036e-5
4.421718669928707e-7
0.000180197
0.0015240639999999984
0.00023688100000000047
4.610793877867908e-6
3.726759752709369e-5
5.1054320867868606e-6
0.0024053329999999973
0.002919833999999998
0.002372537
6.0418221041982674e-5
6.765075593483454e-5
5.817362637251804e-5
0.02303592299999998
0.01779823200000002
0.021781700000000005
0.00016968263019907277
0.00012283637356815522
0.00014084435166308726
