0.000655
0.000411
0.000249
0.000696
0.000502
0.000560
0.000485
0.001102
0.000563
0.000596
0.000880
0.000615
0.000948
0.000790
0.000405
0.000542
0.000842
0.000782
0.000918
0.000490
0.000423
0.000910
0.000502
0.000631
0.000503
0.002791
0.000484
0.000267
0.000235
0.000403
0.000316
0.000299
0.000296
0.000456
0.000286
0.000516
0.000531
0.001044
0.000666
0.000457
0.000750
0.000671
0.000854
0.000730
0.000815
0.000789
0.000461
0.000624
0.000545
0.000593
0.000390
0.000579
0.000505
0.000425
0.000632
0.000682
0.000328
0.000674
0.000390
0.000245
0.000357
0.000380
0.000674
0.000553
0.000694
0.000318
0.000694
0.000717
0.000658
0.000534
0.000715
0.000294
0.000250
0.000455
0.000475
0.000719
0.000670
0.000487
0.000688
0.000301
0.000324
0.000557
0.000429
0.000627
0.000764
0.000257
0.000510
0.000332
0.000363
0.000554
0.000586
0.000589
0.000636
0.000523
0.000295
0.000271
0.000469
0.000275
0.000513
0.000636
0.000854
0.000620
0.000563
0.000542
0.000509
0.000555
0.000731
0.000281
0.000275
0.000263
0.000252
0.000297
0.000388
0.000396
0.000411
0.000624
0.000250
0.000277
0.000411
0.000320
0.000296
0.000489
0.000448
0.000466
0.000757
0.000732
0.000607
0.000580
0.000744
0.000785
0.000629
0.000824
0.000590
0.000756
0.000765
0.000697
0.000513
0.000557
0.000327
0.000471
0.000681
0.000752
0.000386
0.000317
0.000555
0.000778
0.000750
0.000580
0.000704
0.000827
0.000773
0.000890
0.000585
0.000667
0.000466
0.000512
0.000473
0.000385
0.000485
0.000400
0.000624
0.000639
0.000608
0.000421
0.000660
0.000715
0.000371
0.000256
0.000490
0.000422
0.000530
0.000330
0.000471
0.000296
0.000276
0.000603
0.000438
0.000276
0.000454
0.000583
0.000673
0.000549
0.000611
0.000540
0.000298
0.000480
0.000491
0.000348
0.000454
0.000492
0.000281
0.000235
0.000561
0.000405
0.000525
0.000279
0.000317
0.000671
0.000599
0.000713
0.000749
0.002136
0.000355
0.000683
0.000658
0.000667
0.000375
0.000554
0.000668
0.000597
0.000662
0.000887
0.000537
0.000654
0.000366
0.000825
0.000618
0.000681
0.000452
0.000372
0.000530
0.000527
0.000474
0.000468
0.000607
0.000408
0.000530
0.000668
0.000713
0.000622
0.000507
0.000397
0.000525
0.000517
0.000404
0.000557
0.000360
0.000624
0.000575
0.000402
0.000579
0.000457
0.000723
0.000795
0.000542
0.000913
0.000737
0.000290
0.000424
0.000622
0.000497
0.000294
0.000503
0.000252
0.000523
0.000496
0.000240
0.000313
0.000321
0.000432
0.000529
0.000469
0.000598
0.000647
0.000556
0.000656
0.000620
0.000666
0.000762
0.000434
0.000713
0.000453
0.000347
0.000270
0.000326
0.000288
0.000332
0.000440
0.000275
0.000288
0.000396
0.000490
0.000555
0.000924
0.000506
0.000554
0.000271
0.000424
0.000729
0.000709
0.000485
0.000280
0.000490
0.000282
0.000273
0.000514
0.000422
0.000400
0.000347
0.000441
0.000327
0.000833
0.000524
0.000653
0.000723
0.000652
0.000877
0.000507
0.000479
0.000277
0.000236
0.000683
0.000678
0.000670
0.000671
0.000328
0.000459
0.000446
0.000712
0.000422
0.000613
0.000322
0.000480
0.000365
0.000460
0.000561
0.000274
0.000266
0.000404
0.000512
0.000581
0.000265
0.000315
0.000419
0.000358
0.000734
0.000764
0.000553
0.000605
0.000556
0.000532
0.000694
0.000503
0.000754
0.000767
0.000753
0.000767
0.004654
0.000494
0.000633
0.000284
0.000497
0.000576
0.000623
0.000625
0.000652
0.000517
0.000239
0.000303
0.000596
0.000472
0.000373
0.000291
0.000389
0.000348
0.000529
0.000433
0.000705
0.000616
0.000658
0.000597
0.000589
0.000639
0.000884
0.000556
0.000632
0.000537
0.000735
0.000505
0.000316
0.000640
0.000459
0.000619
0.000316
0.000264
0.000528
0.000478
0.000451
0.000461
0.000535
0.000548
0.000469
0.000597
0.000581
0.000471
0.000309
0.000746
0.000281
0.000639
0.000404
0.000672
0.000461
0.000482
0.000223
0.000467
0.000548
0.000605
0.000595
0.000658
0.000584
0.000437
0.000573
0.000583
0.000659
0.000444
0.000256
0.000347
0.000433
0.000604
0.000296
0.000360
0.000351
0.000583
0.000805
0.000304
0.000599
0.000573
0.001020
0.000330
0.000635
0.000685
0.000632
0.000519
0.000282
0.000450
0.000521
0.000504
0.000486
0.000288
0.000492
0.000352
0.000309
0.000502
0.000473
0.000323
0.000238
0.000464
0.000433
0.000702
0.000615
0.000544
0.000565
0.001012
0.000583
0.000594
0.000601
0.000680
0.000501
0.000452
0.000355
0.000260
0.000575
0.000489
0.000307
0.000290
0.000594
0.000739
0.000467
0.001124
0.000851
0.000512
0.001593
0.003014
0.000609
0.000351
0.001601
0.000598
0.000389
0.000338
0.000431
0.000709
0.000644
0.000598
0.000307
0.000438
0.000424
0.000305
0.000334
0.000643
0.000681
0.000584
0.000598
0.000609
0.000540
0.000313
0.000469
0.000606
0.000649
0.000557
0.000338
0.000575
0.000791
0.000546
0.000221
0.000226
0.000429
0.000407
0.000528
0.000442
0.000295
0.000347
0.000359
0.000378
0.000341
0.000539
0.000284
0.000468
0.000322
0.000305
0.000300
0.000298
0.000302
0.000499
0.000585
0.000585
0.000763
0.000337
0.000314
0.000256
0.000894
0.000813
0.000509
0.000587
0.000524
0.000290
0.000658
0.000627
0.000312
0.000574
0.000574
0.000613
0.000352
0.000262
0.000453
0.000285
0.000615
0.000564
0.000555
0.000263
0.000222
0.000939
0.000815
0.000513
0.000469
0.000232
0.000219
0.000472
0.000527
0.000272
0.000466
0.000625
0.000684
0.000607
0.000611
0.000620
0.000626
0.000626
0.000305
0.000627
0.000291
0.000499
0.000492
0.000275
0.000400
0.000362
0.000335
0.000229
0.000422
0.000539
0.000397
0.000277
0.000611
0.000337
0.000385
0.000286
0.000517
0.000271
0.000585
0.000639
0.000728
0.000332
0.000376
0.000421
0.000565
0.000369
0.000331
0.000950
0.000666
0.000928
0.000720
0.000343
0.000533
0.000637
0.000641
0.000597
0.000363
0.000409
0.000295
0.000566
0.000611
0.000301
0.000275
0.000478
0.000281
0.000555
0.000311
0.000783
0.000442
0.000259
0.000312
0.000361
0.000575
0.000611
0.000416
0.000412
0.000236
0.000665
0.000410
0.000456
0.000436
0.000842
0.000828
0.000612
0.000502
0.000671
0.000359
0.000358
0.000528
0.000304
0.000515
0.000562
0.000542
0.000585
0.000530
0.000628
0.000437
0.000426
0.000490
0.000526
0.000662
0.000607
0.000504
0.000510
0.000675
0.000562
0.000760
0.000459
0.000322
0.000425
0.000278
0.000254
0.000656
0.000478
0.000328
0.000293
0.000259
0.000302
0.000293
0.000251
0.000416
0.000751
0.000752
0.000729
0.000489
0.000477
0.000485
0.000245
0.000674
0.000647
0.000740
0.000564
0.000313
0.000814
0.000780
0.000728
0.000748
0.000614
0.000595
0.000575
0.000778
0.000791
0.000834
0.000783
0.000470
0.000560
0.000753
0.000677
0.000440
0.000327
0.000597
0.000792
0.000544
0.000670
0.000320
0.000629
0.000695
0.000417
0.000429
0.000422
0.000495
0.000556
0.000697
0.000723
0.000719
0.000713
0.000763
0.000430
0.000300
0.000274
0.000232
0.000227
0.000233
0.000633
0.000318
0.000333
0.000673
0.000514
0.000396
0.000602
0.000554
0.000759
0.000788
0.000620
0.000316
0.000395
0.000913
0.000743
0.000475
0.000358
0.000427
0.000673
0.000585
0.000321
0.000314
0.000266
0.000335
0.000391
0.000404
0.000280
0.000343
0.000302
0.000352
0.000282
0.000276
0.000353
0.000928
0.000541
0.000484
0.000560
0.000510
0.000973
0.000492
0.000643
0.000596
0.000590
0.000454
0.000557
0.000570
0.000469
0.000533
0.000609
0.000356
0.000430
0.000647
0.000520
0.000427
0.000409
0.000429
0.000341
0.000691
0.000310
0.000472
0.000280
0.000827
0.000695
0.000423
0.002846
0.000758
0.000365
0.000290
0.000422
0.000281
0.000710
0.000825
0.000582
0.000529
0.002789
0.003357
0.000820
0.000778
0.000377
0.000298
0.000284
0.000533
0.000552
0.000373
0.000586
0.000545
0.000330
0.000573
0.000539
0.000379
0.000358
0.000321
0.000486
0.000299
0.000378
0.000243
0.000299
0.000371
0.000499
0.001011
0.000480
0.000310
0.000237
0.000231
0.000611
0.000699
0.000514
0.000412
0.000475
0.000265
0.000547
0.000502
0.000379
0.000294
0.000646
0.000498
0.000483
0.000437
0.000445
0.000556
0.000466
0.000298
0.000252
0.000334
0.000694
0.000801
0.000980
0.000795
0.000861
0.000811
0.000550
0.000332
0.000799
0.000562
0.000584
0.000677
0.000561
0.000695
0.000904
0.000700
0.000640
0.000527
0.001906
0.002370
0.000251
0.000999
0.000435
0.000385
0.000385
0.000244
0.000281
0.000230
0.000491
0.000252
0.000428
0.000530
0.000396
0.000295
0.000228
0.000296
0.000257
0.000228
0.000295
0.000227
0.000287
0.000290
0.000284
0.000266
0.000268
0.000569
0.000576
0.000542
0.000636
0.000710
0.000288
0.000274
0.000269
0.000455
0.000348
0.000313
0.000554
0.000553
0.000740
0.000603
0.000552
0.000493
0.000627
0.000590
0.000652
0.000324
0.000416
0.000876
0.000737
0.000547
0.000672
0.000766
0.000756
0.000355
0.000575
0.000674
0.000415
0.000410
0.000308
0.000587
0.000502
0.000749
0.000573
0.000800
0.000248
0.000490
0.000431
0.000253
0.000454
0.000473
0.000498
0.000295
0.000264
0.000255
0.000245
0.000228
0.000465
0.000423
0.000463
0.000492
0.000611
0.000581
0.000611
0.000426
0.000294
0.000604
0.000728
0.000472
0.000309
0.000551
0.000803
0.000348
0.000320
0.000638
0.000431
0.000737
0.000727
0.000285
0.000687
0.000582
0.000718
0.000635
0.000753
0.000526
0.000571
0.000362
0.000243
0.000427
0.000398
0.000689
0.000341
0.000318
0.000563
0.000679
0.000592
0.000447
0.000476
0.000359
0.000254
0.000595
0.000417
0.000434
0.000701
0.000657
0.000406
0.000375
0.000297
0.000785
0.001221
0.000346
0.000472
0.000859
0.000736
0.000750
