0.003760
0.004917
0.004878
0.002987
0.002008
0.003269
0.003581
0.002127
0.003823
0.003891
0.004017
0.003756
0.003634
0.003739
0.003663
0.001978
0.002464
0.003807
0.004094
0.003628
0.004155
0.003630
0.004060
0.003768
0.003559
0.003085
0.003242
0.004730
0.002243
0.003702
0.001481
0.001961
0.001891
0.001723
0.001535
0.001871
0.001495
0.001981
0.001504
0.001608
0.003488
0.004440
0.004430
0.002982
0.003892
0.003583
0.003542
0.004328
0.003416
0.001853
0.002222
0.004335
0.004544
0.005076
0.001817
0.002117
0.002423
0.002503
0.003248
0.003198
0.001836
0.002102
0.003387
0.004130
0.002876
0.003261
0.004100
0.004003
0.004050
0.004041
0.004104
0.003042
0.003098
0.004196
0.004074
0.003911
0.004086
0.004616
0.003039
0.004647
0.003543
0.002533
0.004723
0.004860
0.004514
0.002197
0.003327
0.004403
0.004358
0.003417
0.004289
0.001820
0.002240
0.004260
0.004352
0.004710
0.004040
0.004387
0.004505
0.004328
0.004264
0.004385
0.001980
0.001664
0.003890
0.003934
0.002066
0.001794
0.001698
0.001764
0.002257
0.001736
0.001716
0.002040
0.002067
0.002172
0.003263
0.003844
0.004164
0.001819
0.001686
0.002075
0.004023
0.002047
0.001876
0.002038
0.004158
0.004424
0.004617
0.001921
0.001962
0.003601
0.004173
0.005167
0.004647
0.002359
0.004377
0.001657
0.002519
0.003259
0.002138
0.001625
0.004557
0.003922
0.003478
0.004106
0.004505
0.002680
0.002853
0.002123
0.002678
0.004127
0.005360
0.004516
0.003107
0.004431
0.002031
0.002454
0.002016
0.001855
0.004281
0.004222
0.001731
0.003891
0.002211
0.003939
0.001760
0.001767
0.001581
0.003777
0.001692
0.002356
0.003629
0.002682
0.001690
0.003737
0.001559
0.003603
0.001661
0.002054
0.002135
0.002128
0.001998
0.001976
0.001730
0.001690
0.002726
0.002678
0.002823
0.002702
0.001584
0.001946
0.003936
0.004157
0.004063
0.003259
0.003136
0.003034
0.003489
0.004029
0.003152
0.003436
0.003395
0.004032
0.003804
0.003185
0.003156
0.002613
0.004083
0.001795
0.002702
0.004156
0.003798
0.004524
0.004932
0.001880
0.004810
0.001826
0.001910
0.001942
0.001634
0.003970
0.002220
0.002039
0.003998
0.004107
0.004017
0.002882
0.002253
0.001459
0.001689
0.004895
0.003662
0.004114
0.004308
0.004109
0.004058
0.004292
0.004003
0.004370
0.004651
0.002646
0.003686
0.003600
0.003598
0.003862
0.004499
0.001925
0.001950
0.001902
0.001859
0.001932
0.001934
0.003289
0.003346
0.001707
0.003548
0.003933
0.003978
0.004037
0.003034
0.004126
0.002982
0.002083
0.001705
0.001975
0.001708
0.001659
0.001680
0.002727
0.002794
0.003177
0.001604
0.004409
0.001663
0.001575
0.002039
0.001514
0.003038
0.003284
0.001959
0.002086
0.002157
0.001743
0.001904
0.002022
0.003896
0.001761
0.001735
0.001780
0.001940
0.001882
0.002219
0.003051
0.004777
0.004429
0.004231
0.004624
0.003854
0.004489
0.001833
0.004365
0.004151
0.002607
0.003556
0.003594
0.001875
0.002522
0.001903
0.002215
0.001818
0.002671
0.003276
0.001705
0.002862
0.002008
0.004241
0.004463
0.004086
0.002821
0.004565
0.001656
0.001609
0.001872
0.001584
0.001609
0.002198
0.001685
0.002285
0.003968
0.001880
0.002697
0.002384
0.002202
0.003034
0.002265
0.001585
0.004151
0.002294
0.001534
0.001568
0.003385
0.003587
0.003786
0.003942
0.003825
0.003679
0.003984
0.001555
0.001562
0.001663
0.001680
0.002212
0.001721
0.003328
0.002270
0.001773
0.002295
0.002122
0.003617
0.002016
0.002479
0.002462
0.004618
0.003820
0.002147
0.002449
0.002976
0.004033
0.002057
0.001751
0.001721
0.001924
0.002146
0.001944
0.002182
0.002409
0.002614
0.002090
0.001914
0.001941
0.003243
0.001897
0.002071
0.004517
0.004348
0.002115
0.001840
0.004621
0.002119
0.002176
0.002110
0.004603
0.004422
0.001776
0.002065
0.002033
0.001859
0.001600
0.001897
0.001617
0.001595
0.001962
0.001931
0.002011
0.001647
0.001752
0.002292
0.001639
0.003988
0.001531
0.001778
0.002555
0.003833
0.003283
0.001630
0.001831
0.001887
0.001797
0.001630
0.003476
0.002100
0.003758
0.002662
0.002007
0.001728
0.002797
0.003576
0.002071
0.001629
0.002153
0.003847
0.003847
0.002049
0.001703
0.001996
0.001931
0.001904
0.004718
0.003800
0.003884
0.004411
0.002336
0.002054
0.004366
0.002545
0.003301
0.005030
0.001944
0.003634
0.003642
0.002084
0.001741
0.001885
0.002400
0.004871
0.001985
0.002308
0.003161
0.003052
0.004132
0.003978
0.003204
0.003533
0.001904
0.003167
0.001839
0.001828
0.001826
0.001802
0.003750
0.001601
0.001535
0.001787
0.001597
0.003337
0.001792
0.003616
0.003702
0.001831
0.001960
0.001860
0.002229
0.003344
0.003361
0.004622
0.001963
0.002326
0.002324
0.001924
0.003749
0.001987
0.001995
0.001978
0.001794
0.002147
0.002215
0.002278
0.002235
0.001910
0.001693
0.001810
0.001958
0.001590
0.003807
0.002040
0.003321
0.001959
0.003092
0.003694
0.004078
0.002862
0.004002
0.004093
0.004533
0.004752
0.004345
0.001985
0.002304
0.002230
0.002546
0.001820
0.002156
0.001875
0.004192
0.004315
0.004205
0.004444
0.004569
0.004423
0.001814
0.004447
0.004345
0.001899
0.004116
0.001773
0.003699
0.003726
0.003889
0.004339
0.004382
0.002205
0.004117
0.004670
0.005098
0.001797
0.004354
0.004235
0.001896
0.001753
0.001841
0.002173
0.002352
0.002452
0.001863
0.001554
0.001906
0.001778
0.001877
0.002076
0.003160
0.003341
0.003683
0.001625
0.003576
0.002462
0.002370
0.003308
0.002578
0.001661
0.001551
0.001486
0.001770
0.001520
0.001499
0.002024
0.003531
0.001507
0.003747
0.001556
0.001854
0.002385
0.001505
0.002162
0.002732
0.001630
0.002059
0.001980
0.002383
0.001869
0.002043
0.001991
0.003337
0.004034
0.001904
0.001851
0.001955
0.002603
0.001999
0.002062
0.001894
0.001994
0.002019
0.002323
0.001921
0.001902
0.001909
0.003845
0.002331
0.004056
0.002852
0.002120
0.003390
0.003866
0.004439
0.004131
0.004196
0.003145
0.002952
0.003406
0.004836
0.002252
0.001954
0.002143
0.001919
0.002216
0.001937
0.002217
0.002216
0.002138
0.001902
0.002002
0.001963
0.001881
0.002706
0.001965
0.001948
0.001916
0.002097
0.001721
0.004087
0.004169
0.004316
0.003278
0.003275
0.002097
0.003154
0.003644
0.003606
0.003570
0.003553
0.002719
0.002513
0.003697
0.003548
0.003555
0.001529
0.003982
0.004650
0.004732
0.001805
0.001888
0.004791
0.003063
0.002591
0.002764
0.004051
0.003991
0.003976
0.001885
0.002460
0.003096
0.002664
0.004201
0.002172
0.002296
0.004531
0.005876
0.002412
0.005142
0.004687
0.004960
0.005130
0.005794
0.002203
0.002149
0.002264
0.001940
0.002099
0.002419
0.001904
0.001919
0.002205
0.002415
0.002193
0.004378
0.004942
0.002447
0.002887
0.004579
0.002444
0.002117
0.001852
0.004366
0.005080
0.002227
0.002476
0.003014
0.001805
0.001881
0.002153
0.001819
0.002305
0.002278
0.002338
0.002269
0.003132
0.004095
0.001984
0.001828
0.002132
0.004089
0.002056
0.001862
0.001883
0.003397
0.003521
0.003057
0.004012
0.002439
0.004269
0.001866
0.001825
0.002148
0.004041
0.004335
0.002342
0.002655
0.005815
0.001905
0.001926
0.002370
0.002272
0.002273
0.005303
0.004794
0.002480
0.002885
0.002893
0.005280
0.003707
0.002039
0.001939
0.001794
0.001895
0.001614
0.001867
0.001823
0.002084
0.001841
0.002168
0.001902
0.001900
0.004186
0.002129
0.002001
0.002597
0.002970
0.002969
0.003309
0.004482
0.004682
0.004517
0.001885
0.001750
0.004059
0.002643
0.002136
0.002129
0.004729
0.004598
0.004751
0.004450
0.001904
0.002330
0.002168
0.001861
0.001761
0.001980
0.003688
0.003744
0.004562
0.002426
0.002559
0.002409
0.002516
0.003888
0.001851
0.001762
0.001895
0.001935
0.003603
0.002039
0.001987
0.001614
0.001659
0.001604
0.001791
0.002076
0.001948
0.003684
0.002617
0.004074
0.004583
0.004693
0.004488
0.005436
0.004767
0.004455
0.004190
0.002274
0.002939
0.003954
0.003193
0.001739
0.003518
0.004060
0.003545
0.004194
0.004163
0.001546
0.002133
0.002363
0.001547
0.002878
0.002121
0.003009
0.003015
0.003626
0.002463
0.001555
0.001581
0.001525
0.002462
0.001980
0.002160
0.002009
0.002037
0.002131
0.002171
0.002051
0.002093
0.002059
0.001945
0.002053
0.001824
0.002123
0.002061
0.003519
0.003597
0.001603
0.001665
0.003438
0.003893
0.003811
0.001616
0.003717
0.004190
0.002852
0.003807
0.003996
0.001653
0.004489
0.004745
0.004040
0.004697
0.004953
0.005032
0.004745
0.004063
0.002175
0.001937
0.001890
0.002294
0.004536
0.004624
0.004647
0.002231
0.004716
0.004714
0.003232
0.001542
0.001707
0.001729
0.003621
0.003541
0.004123
0.003417
0.001875
0.002036
0.003995
0.003452
0.001802
0.001628
0.003907
0.003885
0.003201
0.002725
0.004138
0.001615
0.004168
0.004345
0.004255
0.005278
0.003415
0.003925
0.003701
0.003813
0.004239
0.002784
0.004352
0.004256
0.005124
0.004401
0.004406
0.004589
0.004843
0.004364
0.001972
0.003097
0.001844
0.001777
0.002853
0.002217
0.002026
0.004538
0.003226
0.004066
0.003371
0.002630
0.001686
0.004024
0.001988
0.001972
0.002148
0.003450
0.003623
0.003901
0.004379
0.001538
0.001941
0.001843
0.002096
0.001512
0.003693
0.003908
0.003706
0.003849
0.004346
0.003621
0.002044
0.003762
0.003539
0.002017
0.001935
0.001699
0.002014
0.003809
0.002315
0.002123
0.002482
0.003982
0.003932
0.003953
0.004304
0.003931
0.003934
0.004420
0.004560
0.003959
0.004565
0.003882
0.003936
0.001993
0.001935
0.001941
0.002222
0.004696
0.003954
0.003970
0.004910
0.004040
0.004521
0.003894
0.004097
0.004022
0.004049
0.004133
0.003907
0.004268
