0.004251
0.004464
0.004342
0.003901
0.001652
0.003880
0.004228
0.002447
0.004517
0.004250
0.004271
0.004189
0.004250
0.004208
0.004529
0.002238
0.002461
0.003814
0.004478
0.004293
0.004312
0.004259
0.004223
0.004268
0.004257
0.002866
0.003960
0.004230
0.001639
0.004995
0.001684
0.001630
0.002124
0.002197
0.001892
0.002129
0.001672
0.001654
0.001698
0.001629
0.001679
0.004395
0.004317
0.001707
0.004258
0.001768
0.001797
0.004445
0.001664
0.001638
0.001757
0.004247
0.004280
0.004353
0.001679
0.001733
0.002364
0.002238
0.002669
0.001635
0.001657
0.002342
0.003852
0.004272
0.004398
0.001752
0.002677
0.004222
0.004300
0.004287
0.004453
0.001633
0.001653
0.004260
0.004249
0.004473
0.003179
0.003113
0.001792
0.002237
0.004287
0.001654
0.002622
0.004276
0.004280
0.002212
0.002802
0.004430
0.004167
0.004168
0.002783
0.002159
0.002222
0.004204
0.004482
0.004310
0.001645
0.003485
0.004225
0.003261
0.004240
0.004247
0.001683
0.001686
0.004241
0.004257
0.001756
0.001672
0.001664
0.001673
0.002327
0.001656
0.001659
0.001644
0.001686
0.002808
0.003179
0.004317
0.004435
0.001653
0.001654
0.001708
0.003721
0.001643
0.001744
0.001749
0.004281
0.004223
0.004316
0.001648
0.001653
0.004244
0.004259
0.004394
0.004285
0.001670
0.004350
0.001688
0.002710
0.003318
0.003958
0.004042
0.004237
0.003694
0.001825
0.003173
0.004246
0.002683
0.002969
0.002401
0.004413
0.004382
0.004531
0.004673
0.002129
0.003441
0.001727
0.002200
0.001761
0.001771
0.004272
0.003791
0.001699
0.004045
0.003003
0.002262
0.001657
0.001680
0.001666
0.004451
0.001642
0.004017
0.004311
0.004078
0.002019
0.004229
0.001696
0.004258
0.001640
0.002165
0.002204
0.002643
0.001620
0.001787
0.001670
0.001627
0.002899
0.003009
0.003159
0.003082
0.001664
0.002090
0.004357
0.004500
0.004487
0.001746
0.001672
0.001641
0.002312
0.004231
0.001750
0.004195
0.004268
0.002895
0.001800
0.001746
0.001666
0.002511
0.004226
0.001667
0.001756
0.002380
0.001657
0.004253
0.004287
0.001670
0.004252
0.001654
0.001680
0.001764
0.001691
0.003304
0.002975
0.002316
0.004508
0.001735
0.004979
0.003387
0.002409
0.001783
0.001673
0.002129
0.003732
0.004418
0.004203
0.004502
0.004302
0.004258
0.004257
0.004258
0.003796
0.002223
0.003173
0.003157
0.003236
0.003368
0.003915
0.001621
0.001669
0.001642
0.001666
0.001687
0.001631
0.001716
0.001763
0.001677
0.004265
0.004220
0.004291
0.004235
0.001785
0.004329
0.004223
0.001773
0.002125
0.002371
0.001754
0.001854
0.001764
0.001646
0.002289
0.003915
0.001618
0.004417
0.001759
0.001628
0.002014
0.002144
0.003629
0.004312
0.001748
0.002176
0.001758
0.001660
0.001669
0.001687
0.003544
0.001740
0.001813
0.001669
0.001677
0.002314
0.002134
0.004292
0.004251
0.004232
0.004258
0.004247
0.001642
0.004241
0.001642
0.001626
0.001761
0.004325
0.004242
0.004262
0.001776
0.003335
0.001636
0.002659
0.001752
0.002021
0.002544
0.001635
0.002130
0.002291
0.004387
0.004233
0.004488
0.001718
0.002454
0.001648
0.001852
0.002030
0.001658
0.002132
0.001669
0.002143
0.003961
0.004310
0.004424
0.001771
0.001741
0.004330
0.004294
0.002478
0.001668
0.004696
0.002276
0.001760
0.001642
0.004177
0.004318
0.004296
0.004563
0.004277
0.004316
0.004513
0.001731
0.001668
0.001632
0.004307
0.001672
0.002238
0.004274
0.002411
0.001924
0.001792
0.001760
0.004112
0.001737
0.002342
0.002331
0.004264
0.001843
0.001639
0.002129
0.003400
0.005289
0.001731
0.001663
0.001683
0.001631
0.001755
0.001673
0.001672
0.002296
0.002430
0.002428
0.001656
0.002195
0.004322
0.001661
0.001738
0.004275
0.002384
0.002019
0.001720
0.004271
0.001629
0.001764
0.001627
0.004236
0.004301
0.001624
0.001637
0.001763
0.002042
0.001656
0.001768
0.001662
0.001720
0.001818
0.001751
0.001748
0.001726
0.001631
0.002099
0.001666
0.004241
0.001776
0.004259
0.001774
0.004282
0.002575
0.001776
0.001772
0.002196
0.001688
0.001827
0.001760
0.001899
0.001649
0.002700
0.001643
0.003017
0.002612
0.001836
0.001777
0.001656
0.002211
0.004266
0.004231
0.002028
0.001749
0.001762
0.002116
0.001993
0.004387
0.004352
0.004250
0.004280
0.004253
0.001743
0.004244
0.001912
0.004506
0.004288
0.001635
0.004422
0.004261
0.001824
0.001757
0.002281
0.004986
0.004268
0.001872
0.002593
0.003328
0.002267
0.004354
0.004274
0.002189
0.002387
0.001638
0.004294
0.001644
0.002174
0.004310
0.004222
0.004229
0.004240
0.001632
0.001628
0.004334
0.004289
0.001765
0.004259
0.004440
0.001684
0.001778
0.001759
0.001745
0.002835
0.003001
0.004275
0.001797
0.001643
0.004284
0.001641
0.001784
0.001655
0.001638
0.001770
0.001653
0.002430
0.002319
0.002439
0.002391
0.001754
0.001769
0.002033
0.002124
0.001631
0.004623
0.001752
0.002132
0.002855
0.003350
0.003934
0.002528
0.002914
0.004251
0.001852
0.002818
0.004278
0.004257
0.002101
0.002236
0.002038
0.002668
0.001649
0.002640
0.001857
0.002029
0.004220
0.004362
0.004260
0.004292
0.004219
0.001628
0.004343
0.004245
0.001623
0.002113
0.002073
0.004108
0.001879
0.001703
0.004295
0.004299
0.003908
0.001830
0.004298
0.004249
0.001663
0.003936
0.004286
0.002377
0.001674
0.002168
0.002128
0.002195
0.002306
0.001757
0.001630
0.002278
0.002324
0.002201
0.002450
0.003651
0.003899
0.004231
0.004283
0.003608
0.001625
0.001643
0.004278
0.002665
0.001674
0.001651
0.001820
0.001756
0.001737
0.001644
0.001746
0.004287
0.001673
0.003805
0.001650
0.002132
0.002316
0.001647
0.001663
0.003167
0.001728
0.002194
0.001754
0.002021
0.001632
0.001773
0.001634
0.004262
0.004190
0.001663
0.002034
0.001697
0.001744
0.002028
0.002150
0.002354
0.001648
0.001820
0.002193
0.001659
0.001655
0.002020
0.004377
0.001785
0.004231
0.002806
0.002181
0.002984
0.004216
0.004448
0.004222
0.004207
0.001854
0.004310
0.001742
0.004344
0.001752
0.001677
0.001659
0.001702
0.001626
0.001693
0.001645
0.001742
0.001662
0.001656
0.001798
0.001759
0.001653
0.002537
0.001706
0.001942
0.001629
0.001632
0.001618
0.004200
0.004214
0.004547
0.001687
0.002184
0.002454
0.004299
0.004404
0.004228
0.004196
0.004245
0.002963
0.003114
0.004218
0.004238
0.004389
0.001723
0.003930
0.004279
0.004255
0.004272
0.003850
0.004279
0.004230
0.002230
0.003929
0.004272
0.004259
0.004336
0.001752
0.002440
0.002487
0.002041
0.002481
0.001938
0.002199
0.004397
0.001850
0.002228
0.001939
0.004289
0.004281
0.004401
0.004820
0.001834
0.001665
0.001756
0.001761
0.002232
0.002038
0.001670
0.001667
0.001632
0.001644
0.001674
0.003783
0.004290
0.001902
0.002648
0.004199
0.002400
0.001736
0.001654
0.004366
0.004316
0.001734
0.002120
0.002989
0.001682
0.001625
0.001907
0.001763
0.002323
0.002319
0.002324
0.002535
0.003198
0.004586
0.001653
0.001776
0.001750
0.004409
0.001685
0.001659
0.001752
0.003505
0.004264
0.001643
0.004253
0.003937
0.004235
0.001682
0.001651
0.001691
0.004312
0.003726
0.001874
0.002497
0.004385
0.002048
0.002029
0.002227
0.001691
0.002953
0.004259
0.004488
0.002361
0.002198
0.004263
0.005423
0.001895
0.001760
0.002042
0.002050
0.002197
0.001635
0.001731
0.002329
0.002304
0.001943
0.002921
0.001662
0.001656
0.004223
0.001777
0.001670
0.002231
0.002547
0.002670
0.004267
0.004343
0.004218
0.003247
0.001868
0.001629
0.002051
0.002259
0.001643
0.002636
0.004554
0.004936
0.004475
0.003372
0.002175
0.001751
0.001749
0.001674
0.004254
0.002141
0.004485
0.004534
0.001904
0.001792
0.001865
0.003784
0.004326
0.002042
0.001753
0.001719
0.004321
0.001790
0.001821
0.001769
0.001755
0.001663
0.001690
0.001819
0.001651
0.001747
0.002187
0.004336
0.003257
0.003019
0.004494
0.004483
0.004354
0.004474
0.004417
0.004832
0.002946
0.002189
0.002907
0.004641
0.002683
0.001752
0.001695
0.004207
0.002426
0.004353
0.004353
0.001780
0.003267
0.002214
0.001803
0.003066
0.001674
0.001638
0.004289
0.002498
0.002898
0.001639
0.001639
0.001651
0.001640
0.002118
0.002121
0.002175
0.002434
0.002465
0.002452
0.002479
0.002436
0.002428
0.001773
0.001659
0.001772
0.002082
0.001760
0.004290
0.004213
0.001675
0.001749
0.004210
0.004313
0.004216
0.001754
0.004203
0.004267
0.004296
0.004331
0.004234
0.001708
0.002219
0.004330
0.004543
0.004224
0.004211
0.004215
0.004563
0.001651
0.001770
0.001677
0.001640
0.001759
0.004226
0.004194
0.003468
0.001650
0.004254
0.003581
0.002847
0.001691
0.002042
0.002051
0.004373
0.004304
0.004368
0.004407
0.001670
0.002107
0.004801
0.001746
0.001657
0.002050
0.004219
0.004309
0.001786
0.004419
0.004244
0.001925
0.004500
0.004246
0.004494
0.004340
0.001724
0.003946
0.001822
0.003755
0.004238
0.001762
0.004285
0.004276
0.004494
0.004264
0.004221
0.004416
0.002623
0.001765
0.001874
0.002224
0.001709
0.001698
0.004274
0.001747
0.001635
0.004411
0.001769
0.004514
0.001655
0.003830
0.001654
0.003285
0.001673
0.001765
0.002124
0.004170
0.003569
0.004248
0.004499
0.001661
0.001908
0.001738
0.001907
0.001619
0.004232
0.004240
0.004211
0.004210
0.004508
0.004235
0.001709
0.003387
0.003866
0.001696
0.001758
0.001799
0.001667
0.004271
0.001995
0.002410
0.002674
0.004251
0.004588
0.004268
0.004400
0.004508
0.004212
0.004472
0.004513
0.004263
0.004258
0.004281
0.004455
0.001705
0.001838
0.001752
0.004190
0.004340
0.004249
0.004240
0.004468
0.004235
0.004684
0.004277
0.004420
0.004202
0.004261
0.004637
0.004377
0.004660
