0.004840
0.004212
0.004208
0.001720
0.001724
0.002124
0.003885
0.002162
0.004254
0.004245
0.004475
0.004233
0.004262
0.004322
0.004230
0.001751
0.002356
0.002304
0.004255
0.004500
0.004313
0.004325
0.004785
0.004251
0.004251
0.002715
0.002864
0.004459
0.001811
0.004283
0.001754
0.001759
0.001750
0.002120
0.001763
0.002113
0.001775
0.001755
0.001754
0.001756
0.001813
0.004432
0.004356
0.003974
0.003192
0.003562
0.001784
0.004304
0.001778
0.001732
0.001734
0.002819
0.004321
0.004217
0.001733
0.001666
0.002278
0.001736
0.002679
0.001780
0.001730
0.001815
0.002961
0.003911
0.003752
0.001725
0.002031
0.004368
0.004191
0.004187
0.004190
0.001795
0.001798
0.004455
0.004408
0.004383
0.002949
0.001729
0.003632
0.001744
0.004407
0.001778
0.001724
0.004271
0.004223
0.001826
0.002198
0.001819
0.004867
0.003629
0.004667
0.001833
0.002301
0.004421
0.004420
0.004432
0.001775
0.003044
0.004522
0.003052
0.004343
0.004332
0.001785
0.001775
0.004147
0.004334
0.001765
0.001713
0.001783
0.001772
0.002244
0.001770
0.001827
0.001752
0.001892
0.002154
0.002945
0.001767
0.004491
0.001768
0.001766
0.001865
0.004571
0.001849
0.001830
0.001855
0.004659
0.004635
0.004467
0.001786
0.001801
0.004256
0.004011
0.004533
0.004403
0.004203
0.004303
0.001662
0.002726
0.002647
0.004217
0.001995
0.004143
0.003902
0.004148
0.002856
0.003885
0.002788
0.002922
0.001785
0.004395
0.004675
0.004554
0.004378
0.004376
0.004402
0.001815
0.002273
0.001778
0.004213
0.004412
0.004349
0.001683
0.001817
0.004074
0.004352
0.001778
0.001765
0.001747
0.001729
0.001728
0.001735
0.004459
0.004235
0.001743
0.001813
0.001748
0.004327
0.001691
0.002184
0.002183
0.002290
0.001811
0.001813
0.001829
0.001842
0.002963
0.003000
0.003175
0.003097
0.001791
0.002197
0.004132
0.004389
0.004387
0.001814
0.001876
0.001821
0.002397
0.004380
0.001814
0.002934
0.004388
0.002112
0.004457
0.001807
0.001817
0.002327
0.004198
0.001740
0.001802
0.001770
0.001773
0.004347
0.004317
0.001797
0.004289
0.001780
0.001800
0.001832
0.001780
0.003439
0.002492
0.001782
0.004334
0.001774
0.004078
0.002956
0.002121
0.001779
0.001768
0.001834
0.002849
0.004428
0.004362
0.004365
0.004178
0.004509
0.004377
0.004374
0.004371
0.002156
0.003137
0.003245
0.003257
0.003242
0.003719
0.001786
0.001713
0.001696
0.001696
0.001765
0.001782
0.001737
0.001785
0.001753
0.001738
0.004274
0.004004
0.004251
0.001752
0.004340
0.001764
0.001866
0.001764
0.002362
0.001783
0.001773
0.001831
0.001786
0.002400
0.003473
0.001787
0.005459
0.003175
0.001830
0.001835
0.001837
0.002213
0.004455
0.001832
0.001832
0.001767
0.001676
0.001774
0.001779
0.001785
0.001647
0.001672
0.001820
0.001673
0.001814
0.001800
0.002044
0.004293
0.004506
0.004175
0.004000
0.001781
0.001768
0.001677
0.001788
0.001762
0.004241
0.004376
0.004341
0.001793
0.002892
0.001788
0.002324
0.001785
0.002065
0.002047
0.001754
0.001761
0.002135
0.004329
0.004286
0.004302
0.001815
0.002330
0.001767
0.001680
0.002045
0.001761
0.001718
0.001848
0.001734
0.002564
0.004325
0.004277
0.003373
0.001797
0.001731
0.002039
0.001745
0.001750
0.004392
0.002103
0.001847
0.001759
0.004119
0.004312
0.004534
0.004450
0.004312
0.003362
0.004324
0.001782
0.001770
0.001880
0.002075
0.001752
0.001763
0.004343
0.002187
0.002117
0.002975
0.002312
0.002982
0.001753
0.001757
0.002336
0.004038
0.004542
0.001750
0.001746
0.002668
0.004180
0.001748
0.001813
0.004125
0.001801
0.001813
0.001815
0.001796
0.002094
0.002375
0.001845
0.001803
0.001811
0.002338
0.001806
0.001760
0.004076
0.001757
0.002094
0.001777
0.002463
0.001727
0.001767
0.001766
0.004316
0.004283
0.001776
0.001762
0.001761
0.001736
0.001741
0.001698
0.001658
0.001739
0.001621
0.001741
0.001658
0.001658
0.001734
0.002162
0.001621
0.004163
0.001800
0.003254
0.003538
0.004495
0.001799
0.004866
0.005219
0.001808
0.001857
0.001692
0.001900
0.001699
0.001693
0.002705
0.001689
0.001828
0.002840
0.003941
0.001714
0.001615
0.001690
0.004370
0.004407
0.001748
0.001712
0.001796
0.002060
0.001711
0.004224
0.004255
0.004136
0.004155
0.001797
0.001802
0.004372
0.002074
0.004407
0.004570
0.001796
0.004496
0.004426
0.003152
0.001876
0.002315
0.004341
0.004666
0.001789
0.002585
0.004074
0.001761
0.004001
0.004295
0.001763
0.002378
0.001785
0.004223
0.001821
0.002186
0.001801
0.001809
0.004462
0.003097
0.001720
0.001682
0.001683
0.003218
0.001817
0.004375
0.004398
0.001813
0.001828
0.001819
0.001645
0.001902
0.002884
0.004171
0.001766
0.001763
0.004167
0.001762
0.003848
0.001771
0.001762
0.001730
0.001658
0.002163
0.002240
0.002353
0.002381
0.001701
0.001718
0.001895
0.002024
0.001712
0.004152
0.001641
0.001707
0.002072
0.002909
0.003554
0.001736
0.001742
0.002110
0.003332
0.004234
0.004272
0.004218
0.001737
0.002015
0.002025
0.002636
0.001756
0.002117
0.001749
0.002021
0.004249
0.004259
0.004354
0.004254
0.004258
0.001633
0.001747
0.004295
0.001744
0.002095
0.001737
0.001730
0.001735
0.001620
0.004391
0.004384
0.004247
0.001748
0.003897
0.004246
0.001749
0.001766
0.004306
0.001787
0.001766
0.001773
0.002129
0.002255
0.002290
0.001820
0.001818
0.002320
0.001818
0.002302
0.001823
0.003299
0.003993
0.004258
0.001723
0.002305
0.001725
0.001608
0.002077
0.001724
0.001605
0.001715
0.001744
0.001834
0.001876
0.001745
0.001746
0.004298
0.001832
0.003800
0.001829
0.002215
0.002214
0.001735
0.001703
0.001901
0.001744
0.002175
0.001737
0.001972
0.001623
0.001735
0.001735
0.004302
0.004313
0.001824
0.002050
0.001830
0.002985
0.002025
0.002087
0.002157
0.001745
0.001769
0.002230
0.001743
0.001777
0.002015
0.003926
0.003953
0.004379
0.003004
0.001766
0.002640
0.004203
0.004190
0.004226
0.004319
0.004216
0.004201
0.001740
0.004258
0.001754
0.001759
0.001764
0.001692
0.001749
0.001636
0.001748
0.001753
0.001773
0.001749
0.001670
0.001758
0.001752
0.002306
0.001734
0.001776
0.001760
0.001666
0.001818
0.004225
0.004388
0.004335
0.001793
0.001825
0.002339
0.004318
0.004287
0.004362
0.004434
0.004277
0.002106
0.003021
0.004457
0.004450
0.004293
0.003540
0.001758
0.004443
0.004290
0.001769
0.001670
0.004254
0.003061
0.002344
0.004282
0.002361
0.004274
0.004255
0.001776
0.001912
0.002511
0.004080
0.003193
0.001769
0.002204
0.002428
0.003963
0.002007
0.002228
0.004012
0.004295
0.005368
0.004321
0.001639
0.001787
0.001759
0.001753
0.001757
0.002040
0.001769
0.001836
0.001754
0.001730
0.001775
0.002698
0.004340
0.001751
0.002672
0.005184
0.003389
0.001789
0.001802
0.004264
0.004362
0.001788
0.001879
0.003181
0.001709
0.001788
0.001795
0.003882
0.001843
0.002398
0.002392
0.002398
0.002827
0.003496
0.001799
0.001902
0.001802
0.004394
0.001806
0.001817
0.001832
0.004468
0.004486
0.001780
0.004363
0.004237
0.004509
0.001705
0.001677
0.001745
0.004253
0.004255
0.001815
0.002453
0.004282
0.001865
0.001848
0.001982
0.001788
0.004840
0.004554
0.003865
0.004661
0.002182
0.002878
0.004335
0.003668
0.003223
0.001783
0.002136
0.002254
0.001762
0.001787
0.001783
0.002351
0.001790
0.002716
0.001722
0.001715
0.002361
0.001696
0.001719
0.002095
0.002486
0.002547
0.002698
0.003679
0.004222
0.004216
0.001718
0.001713
0.001744
0.001895
0.001952
0.001720
0.004252
0.005257
0.004186
0.004172
0.002248
0.002015
0.001712
0.001709
0.004335
0.001910
0.004521
0.004611
0.004321
0.001745
0.001757
0.002126
0.001743
0.002284
0.001796
0.001803
0.001800
0.001951
0.003127
0.001794
0.001888
0.001711
0.001812
0.001724
0.001805
0.001791
0.002077
0.004179
0.004272
0.002201
0.004488
0.004456
0.004519
0.004274
0.004375
0.004367
0.004339
0.001735
0.004294
0.004397
0.003194
0.002154
0.004542
0.004178
0.004630
0.005414
0.004465
0.001759
0.004518
0.002137
0.001756
0.003149
0.004100
0.004102
0.004194
0.004232
0.002846
0.001747
0.001798
0.001731
0.001618
0.001732
0.002092
0.002178
0.002354
0.002395
0.002387
0.002592
0.002483
0.002561
0.001813
0.001799
0.001798
0.001821
0.001805
0.004498
0.004508
0.001622
0.001771
0.004213
0.004180
0.004192
0.001724
0.002176
0.002380
0.001731
0.004180
0.004230
0.001727
0.001744
0.003395
0.003894
0.004283
0.004360
0.004361
0.004357
0.001765
0.001774
0.001764
0.001756
0.001762
0.004287
0.004270
0.004274
0.001784
0.004315
0.004302
0.002400
0.001766
0.001953
0.002044
0.004265
0.004292
0.004291
0.004249
0.001813
0.001756
0.004288
0.003767
0.003690
0.001759
0.003563
0.004228
0.001749
0.003759
0.004007
0.004207
0.004277
0.003297
0.004289
0.004421
0.001767
0.002697
0.001762
0.002562
0.004397
0.001781
0.001823
0.004571
0.004481
0.004442
0.004483
0.004448
0.004447
0.001833
0.001877
0.001836
0.001838
0.002007
0.004096
0.001902
0.001756
0.005094
0.001874
0.004837
0.001881
0.001890
0.001793
0.004148
0.001830
0.001862
0.002208
0.004217
0.003881
0.004370
0.004391
0.001835
0.001807
0.001803
0.001780
0.001808
0.004534
0.004660
0.004386
0.004479
0.004425
0.004390
0.001784
0.002745
0.003677
0.001780
0.001775
0.001935
0.003837
0.002932
0.001768
0.001771
0.002693
0.003661
0.004287
0.004286
0.004326
0.004310
0.004338
0.004419
0.004322
0.004331
0.004324
0.004316
0.004718
0.003872
0.001956
0.001723
0.001764
0.004417
0.004295
0.004581
0.004287
0.004327
0.004313
0.004434
0.004295
0.004283
0.004470
0.004307
0.004304
0.004341
