0.029629
0.023829
0.020624
0.020911
0.024628
0.024842
0.022966
0.028993
0.023924
0.025257
0.021245
0.031076
0.020772
0.025668
0.022664
0.024929
0.022082
0.022306
0.022844
0.023268
0.021987
0.021952
0.030572
0.025024
0.026049
0.021900
0.021028
0.022949
0.020467
0.029877
0.020616
0.025265
0.031217
0.020608
0.020406
0.026554
0.024768
0.020589
0.022829
0.024234
0.022998
0.026584
0.020613
0.020569
0.020693
0.020630
0.021728
0.025970
0.027405
0.030376
0.021619
0.026058
0.021595
0.026953
0.029400
0.026710
0.021747
0.026524
0.023512
0.026193
0.030064
0.021316
0.025918
0.021501
0.031009
0.021908
0.031761
0.022110
0.027278
0.026752
0.031266
0.031654
0.025284
0.026471
0.031053
0.022880
0.023341
0.020802
0.020521
0.020489
0.024180
0.025015
0.027162
0.026547
0.026423
0.020649
0.020968
0.021957
0.023191
0.028015
0.020970
0.020927
0.020755
0.023308
0.021279
0.020980
0.031324
0.020467
0.028394
0.023079
0.030926
0.028232
0.023609
0.024298
0.020453
0.023461
0.028936
0.028666
0.029634
0.030048
0.020389
0.020511
0.030882
0.022877
0.020337
0.020354
0.020437
0.020161
0.026363
0.020507
0.024281
0.020547
0.020721
0.020796
0.026297
0.020537
0.029645
0.020513
0.022256
0.020627
0.020564
0.020887
0.030830
0.021044
0.020516
0.023864
0.020766
0.020476
0.020486
0.025556
0.024834
0.025789
0.020522
0.028318
0.024106
0.021172
0.021260
0.028507
0.022698
0.021749
0.031738
0.024107
0.024778
0.027877
0.026325
0.027859
0.026961
0.032419
0.020899
0.021269
0.024833
0.026288
0.022082
0.028111
0.020799
0.027693
0.024931
0.020910
0.027314
0.020790
0.025255
0.024115
0.025216
0.026177
0.025818
0.021786
0.024050
0.022506
0.023158
0.024259
0.025373
0.025441
0.025394
0.021282
0.022343
0.020474
0.020559
0.020520
0.021830
0.020469
0.020623
0.021499
0.025442
0.024792
0.023899
0.028483
0.026815
0.025279
0.029822
0.020398
0.020343
0.020279
0.020461
0.026079
0.024989
0.028494
0.020536
0.027093
0.020549
0.020371
0.028082
0.021539
0.023877
0.028111
0.022636
0.020167
0.030495
0.020238
0.020049
0.023063
0.027980
0.020048
0.026482
0.028948
0.030868
0.020980
0.027834
0.030375
0.021016
0.020926
0.024870
0.025103
0.029555
0.020559
0.026436
0.026718
0.020849
0.020748
0.020777
0.021453
0.023081
0.026494
0.020526
0.026148
0.027086
0.025972
0.030000
0.026280
0.026887
0.023081
0.021064
0.029996
0.026683
0.027774
0.026033
0.021143
0.028481
0.025809
0.021315
0.020855
0.029141
0.023661
0.028125
0.023716
0.021235
0.022056
0.021622
0.021306
0.030218
0.021192
0.021403
0.022638
0.021168
0.025685
0.021183
0.020965
0.024727
0.023810
0.027680
0.023051
0.025956
0.027125
0.021402
0.022777
0.027194
0.027205
0.020174
0.020242
0.027628
0.021873
0.021574
0.021785
0.022126
0.020222
0.020602
0.020124
0.020196
0.020432
0.021685
0.021465
0.031428
0.031038
0.025319
0.025417
0.023725
0.020744
0.026128
0.028490
0.020726
0.029173
0.022423
0.024011
0.025296
0.027179
0.025035
0.031676
0.021355
0.026322
0.021288
0.021111
0.020938
0.021054
0.020788
0.020825
0.021049
0.021303
0.021068
0.020962
0.025448
0.022510
0.023309
0.027603
0.026389
0.020857
0.020858
0.022090
0.021657
0.027479
0.025680
0.026432
0.029059
0.023422
0.021017
0.020953
0.023511
0.025660
0.028126
0.024502
0.024600
0.026380
0.022286
0.026712
0.021796
0.022049
0.023727
0.028185
0.023858
0.022385
0.025916
0.030160
0.020422
0.025664
0.020248
0.024206
0.023932
0.028248
0.021157
0.020881
0.026379
0.023983
0.026530
0.028813
0.023276
0.025666
0.025012
0.021306
0.021065
0.022340
0.020833
0.021057
0.023772
0.020658
0.029397
0.031623
0.026420
0.026736
0.020739
0.025011
0.022358
0.029729
0.021355
0.022520
0.026001
0.023448
0.020438
0.031454
0.023270
0.025276
0.021029
0.026835
0.027933
0.020569
0.025905
0.020310
0.020336
0.020478
0.022723
0.020549
0.030995
0.020851
0.024595
0.024253
0.022017
0.020414
0.020669
0.020636
0.023716
0.026304
0.021213
0.024886
0.029762
0.025968
0.024227
0.023617
0.021166
0.021051
0.021066
0.022848
0.023939
0.029766
0.020513
0.020520
0.033831
0.020506
0.020422
0.021851
0.021759
0.023885
0.022755
0.024770
0.025630
0.020401
0.020781
0.020730
0.022877
0.024628
0.020769
0.020537
0.022083
0.021178
0.021957
0.027044
0.021411
0.021234
0.022958
0.026388
0.029719
0.023299
0.025043
0.021743
0.028668
0.029504
0.021581
0.021745
0.030005
0.024123
0.025069
0.025425
0.020637
0.025084
0.020660
0.023803
0.020360
0.023903
0.022858
0.023014
0.025336
0.020838
0.029480
0.026475
0.030386
0.025034
0.027413
0.027099
0.028761
0.022191
0.024518
0.021929
0.021416
0.020100
0.025193
0.020415
0.020760
0.026836
0.020849
0.025730
0.024644
0.025819
0.030475
0.026622
0.028220
0.028971
0.027168
0.021669
0.030415
0.024142
0.025350
0.025757
0.023821
0.028497
0.024664
0.024718
0.029267
0.026043
0.031266
0.022251
0.027801
0.024165
0.030933
0.020536
0.024317
0.027845
0.027335
0.025143
0.022886
0.022807
0.020371
0.020441
0.029480
0.029377
0.024386
0.020840
0.020814
0.024532
0.025834
0.022051
0.020805
0.021066
0.020938
0.020935
0.020928
0.020932
0.024742
0.022884
0.020770
0.024343
0.020964
0.025804
0.028382
0.025121
0.021152
0.021134
0.025723
0.022970
0.025479
0.020977
0.028458
0.023921
0.030104
0.026773
0.024198
0.024879
0.023218
0.022922
0.021429
0.022845
0.020594
0.020943
0.020735
0.020788
0.020785
0.024350
0.020754
0.020461
0.027746
0.023000
0.020738
0.028721
0.022403
0.023585
0.028755
0.022339
0.026168
0.026196
0.028102
0.029373
0.020616
0.026205
0.020473
0.024900
0.021867
0.028044
0.025910
0.024530
0.020830
0.020384
0.020640
0.020660
0.023311
0.027658
0.027912
0.020655
0.020621
0.024905
0.029029
0.027894
0.030448
0.023071
0.021222
0.025836
0.024299
0.025229
0.020610
0.020686
0.028895
0.020696
0.020704
0.020714
0.020698
0.020618
0.024338
0.030113
0.024774
0.023267
0.028320
0.020587
0.020723
0.027031
0.020289
0.022960
0.027854
0.025025
0.020428
0.020486
0.027451
0.020476
0.020593
0.020413
0.020126
0.020430
0.024876
0.020450
0.024763
0.022405
0.030218
0.023878
0.026635
0.020255
0.023861
0.020351
0.023179
0.020385
0.020366
0.024546
0.028317
0.030814
0.020751
0.023538
0.025866
0.020757
0.023224
0.023926
0.020800
0.020834
0.023327
0.023522
0.020430
0.020330
0.030350
0.027354
0.023678
0.022544
0.020909
0.020652
0.029830
0.020515
0.025119
0.022852
0.025181
0.024167
0.020671
0.023463
0.020627
0.031685
0.031656
0.020581
0.020440
0.020380
0.020699
0.026797
0.029159
0.022290
0.020935
0.024477
0.020572
0.020554
0.023159
0.020771
0.031090
0.026683
0.020489
0.020517
0.030160
0.022804
0.027299
0.025945
0.031165
0.021130
0.025791
0.028053
0.020909
0.023759
0.024214
0.021109
0.024827
0.020754
0.021117
0.020624
0.020629
0.028620
0.022546
0.028446
0.024241
0.025943
0.028436
0.025683
0.026909
0.021020
0.024645
0.030287
0.029144
0.023690
0.023724
0.023372
0.026945
0.020752
0.020723
0.023676
0.024491
0.020898
0.023110
0.020253
0.022905
0.020530
0.026496
0.023740
0.021894
0.020946
0.025227
0.025021
0.020744
0.020485
0.021179
0.029500
0.023989
0.022650
0.027826
0.020966
0.021097
0.030358
0.028758
0.022226
0.030604
0.020841
0.024706
0.023350
0.020782
0.025464
0.033139
0.027665
0.020988
0.022832
0.020824
0.031570
0.025978
0.020793
0.027032
0.028205
0.020728
0.022862
0.020875
0.021172
0.020800
0.031377
0.021015
0.020948
0.026062
0.025995
0.021104
0.026734
0.024436
0.027481
0.020919
0.025450
0.022747
0.026381
0.025281
0.024455
0.029360
0.026743
0.023759
0.026487
0.027120
0.022575
0.021525
0.029457
0.025228
0.022521
0.023770
0.021645
0.029377
0.021376
0.022465
0.028816
0.027445
0.028897
0.025965
0.021513
0.023598
0.031362
0.024981
0.021030
0.024437
0.020824
0.024049
0.028499
0.023812
0.027668
0.022424
0.022225
0.029205
0.022736
0.021717
0.020575
0.026991
0.025615
0.021504
0.020636
0.022409
0.021290
0.026125
0.022586
0.022378
0.021781
0.023190
0.024939
0.024383
0.020864
0.029001
0.022987
0.020845
0.027479
0.028278
0.026010
0.025463
0.020938
0.023461
0.024039
0.020722
0.021117
0.020863
0.024446
0.020549
0.021201
0.030861
0.033526
0.030359
0.022673
0.022066
0.023803
0.026158
0.027244
0.029659
0.020796
0.023762
0.021240
0.028576
0.024976
0.025865
0.021905
0.020899
0.020978
0.031227
0.024627
0.023100
0.020516
0.020488
0.020514
0.023354
0.020638
0.022196
0.026433
0.023245
0.020739
0.023648
0.021304
0.024208
0.023568
0.020758
0.020863
0.020619
0.020656
0.020707
0.025691
0.027391
0.027825
0.020663
0.020840
0.027053
0.029746
0.028505
0.023840
0.024848
0.023165
0.029620
0.023919
0.021462
0.021404
0.030287
0.023248
0.024466
0.021098
0.027161
0.022136
0.020408
0.023144
0.023544
0.020623
0.030004
0.024951
0.027989
0.021897
0.031136
0.027105
0.020931
0.028132
0.023151
0.025517
0.020755
0.022761
0.022192
0.023171
0.028945
0.021217
0.025722
0.022356
0.021446
0.026599
0.028068
0.020990
0.025214
0.031729
0.023430
0.024338
0.021156
0.028168
0.025461
0.020368
0.027612
0.025888
0.023690
0.028368
0.026430
0.030108
0.020407
0.020771
0.020679
0.020740
0.025178
0.027966
0.024270
0.020616
0.022323
0.025211
0.022003
0.025489
0.025915
0.023482
0.025259
0.024241
0.028796
0.021084
0.025265
0.021034
0.021972
0.029353
0.022005
0.028339
0.022126
0.020749
0.021035
0.030036
0.020768
0.027636
0.021329
0.021335
0.020843
0.023008
0.021283
0.031648
