0.019204
0.018532
0.020759
0.019954
0.017968
0.018213
0.018875
0.018709
0.020332
0.019702
0.018965
0.020054
0.020310
0.024036
0.023501
0.015887
0.018932
0.017637
0.019103
0.019096
0.016123
0.016311
0.021952
0.019918
0.021272
0.031541
0.017519
0.017780
0.017863
0.018164
0.017643
0.019725
0.022522
0.017997
0.018961
0.023679
0.020869
0.019925
0.020617
0.019212
0.023770
0.019752
0.019022
0.022541
0.018667
0.023840
0.026808
0.026696
0.025111
0.019861
0.019667
0.020557
0.024601
0.027188
0.019577
0.022021
0.017209
0.020250
0.019230
0.020129
0.020606
0.017014
0.017129
0.018168
0.016742
0.019285
0.020067
0.016516
0.019599
0.016819
0.017951
0.016531
0.019740
0.021366
0.016734
0.020083
0.018910
0.019836
0.017553
0.028005
0.017222
0.016742
0.018008
0.020977
0.016688
0.016205
0.027143
0.018243
0.019685
0.021571
0.019734
0.020360
0.018016
0.017873
0.018539
0.019795
0.019964
0.022231
0.018459
0.023205
0.019963
0.018414
0.024469
0.025830
0.023696
0.024012
0.019174
0.022961
0.023907
0.026850
0.031594
0.030907
0.023314
0.023976
0.025731
0.031947
0.031238
0.030081
0.023868
0.020918
0.019500
0.019695
0.019684
0.020450
0.019550
0.019758
0.020397
0.019903
0.021312
0.032952
0.022769
0.022657
0.021970
0.021319
0.021464
0.021279
0.022652
0.022596
0.021238
0.022389
0.017002
0.019900
0.020697
0.020341
0.023058
0.017920
0.018788
0.018425
0.020135
0.016343
0.016559
0.017836
0.022070
0.017313
0.029148
0.018785
0.016662
0.017202
0.019497
0.021230
0.020086
0.018536
0.023058
0.018937
0.018861
0.018263
0.021833
0.019098
0.019038
0.021595
0.022784
0.019672
0.026106
0.021325
0.025756
0.018932
0.020515
0.022366
0.026205
0.020851
0.018763
0.023678
0.036048
0.017575
0.020198
0.017832
0.018550
0.017976
0.017871
0.017701
0.017637
0.027210
0.017641
0.015713
0.015296
0.020439
0.020274
0.019096
0.018209
0.016555
0.016395
0.016292
0.016166
0.020689
0.021315
0.016868
0.016630
0.017772
0.016240
0.016291
0.016841
0.017833
0.028036
0.018902
0.016754
0.018367
0.018526
0.025723
0.016797
0.016633
0.018443
0.016742
0.021434
0.017373
0.021056
0.017204
0.020344
0.017205
0.017190
0.016626
0.018744
0.017172
0.020758
0.025448
0.024581
0.022763
0.030644
0.022130
0.029475
0.025606
0.023690
0.032281
0.030346
0.022601
0.018241
0.018347
0.018912
0.018445
0.021859
0.018398
0.018241
0.024192
0.019261
0.034436
0.021098
0.028703
0.023947
0.023398
0.030831
0.031811
0.025034
0.030823
0.025115
0.021899
0.021909
0.022781
0.022293
0.020121
0.020186
0.020338
0.020131
0.020123
0.020259
0.020315
0.018900
0.018243
0.018588
0.020909
0.019704
0.018566
0.020696
0.018158
0.018418
0.036149
0.038198
0.022224
0.022414
0.020719
0.023939
0.023210
0.022398
0.022349
0.020674
0.020142
0.020934
0.020361
0.021482
0.020582
0.023675
0.023702
0.018247
0.017954
0.020859
0.022311
0.022073
0.031701
0.022620
0.029397
0.027700
0.030666
0.028317
0.026446
0.026808
0.030063
0.026647
0.025276
0.021545
0.020212
0.022709
0.021294
0.020922
0.020203
0.020273
0.020501
0.020253
0.020271
0.020368
0.020303
0.021672
0.022717
0.022414
0.021995
0.020196
0.021581
0.020230
0.021110
0.021008
0.021618
0.020546
0.028328
0.029119
0.019063
0.027983
0.028850
0.025591
0.028416
0.019381
0.027923
0.018383
0.020471
0.020949
0.019126
0.019624
0.018487
0.018613
0.019713
0.019074
0.020205
0.017836
0.022831
0.018515
0.018727
0.019266
0.018735
0.023370
0.021124
0.018761
0.017322
0.016817
0.022052
0.016677
0.018950
0.018695
0.017197
0.020671
0.019443
0.015175
0.016358
0.016417
0.016412
0.016067
0.016700
0.018483
0.020293
0.026371
0.020408
0.016108
0.020581
0.017395
0.017709
0.019518
0.028720
0.023841
0.028745
0.019526
0.020723
0.020785
0.020301
0.022047
0.019199
0.018195
0.017845
0.034046
0.017776
0.017930
0.022106
0.024941
0.019776
0.019943
0.020021
0.021328
0.018001
0.024186
0.022261
0.018235
0.020097
0.026373
0.023861
0.029545
0.030715
0.030940
0.022215
0.021703
0.024978
0.020732
0.029701
0.030258
0.023147
0.018018
0.019069
0.017649
0.022612
0.019085
0.018699
0.019050
0.019516
0.024822
0.019654
0.019719
0.017813
0.018038
0.017994
0.020229
0.018166
0.017784
0.022481
0.018159
0.017633
0.019333
0.020238
0.018696
0.019040
0.024112
0.024522
0.024293
0.025689
0.019688
0.021969
0.021755
0.022741
0.022004
0.025096
0.020963
0.018173
0.022183
0.023305
0.021507
0.019922
0.026390
0.025636
0.024914
0.024371
0.029065
0.027485
0.028488
0.019828
0.028018
0.018393
0.018613
0.016618
0.022251
0.022875
0.020130
0.016136
0.019650
0.015698
0.015616
0.017435
0.018207
0.017659
0.018413
0.017364
0.019447
0.018368
0.018650
0.017102
0.018528
0.017040
0.016104
0.016558
0.022698
0.019021
0.018791
0.014888
0.021472
0.015120
0.015725
0.020735
0.029265
0.029852
0.025779
0.029945
0.027403
0.030029
0.032474
0.028401
0.030375
0.021060
0.017511
0.024081
0.017829
0.021094
0.017761
0.022121
0.017848
0.017424
0.017390
0.017502
0.017296
0.017597
0.017575
0.018190
0.019137
0.023104
0.018950
0.021670
0.021175
0.016893
0.018904
0.021492
0.017852
0.015575
0.027373
0.018742
0.015596
0.015669
0.016143
0.015594
0.015755
0.015477
0.016602
0.018454
0.025410
0.024734
0.025660
0.021481
0.019254
0.022274
0.024933
0.016729
0.015462
0.015786
0.017989
0.015278
0.019011
0.018379
0.015993
0.019217
0.017324
0.018213
0.018293
0.020150
0.015315
0.016685
0.015295
0.020613
0.018309
0.015518
0.015320
0.017864
0.015305
0.017278
0.019751
0.018639
0.018839
0.018032
0.020136
0.014860
0.015001
0.015119
0.018636
0.018073
0.020124
0.015830
0.019229
0.016944
0.015727
0.015714
0.019175
0.017846
0.016574
0.015250
0.015487
0.015510
0.021452
0.018355
0.019963
0.019584
0.029269
0.020756
0.019540
0.019397
0.019763
0.019889
0.020233
0.019520
0.017023
0.017101
0.017437
0.017445
0.032815
0.018344
0.017477
0.018880
0.020805
0.019465
0.017249
0.018299
0.016537
0.016190
0.019169
0.018682
0.018404
0.018526
0.018541
0.016079
0.021687
0.018971
0.016516
0.015873
0.015868
0.016443
0.015871
0.016477
0.018102
0.019743
0.018365
0.018198
0.017841
0.021410
0.017347
0.015595
0.018665
0.015943
0.017416
0.015716
0.018292
0.018120
0.017582
0.026460
0.016198
0.019490
0.018203
0.019179
0.018706
0.018263
0.021130
0.018668
0.030139
0.019151
0.019708
0.027767
0.024306
0.019893
0.027133
0.030801
0.030446
0.028977
0.030196
0.025674
0.027801
0.030092
0.025000
0.032497
0.018619
0.019207
0.017886
0.016650
0.015530
0.025255
0.018214
0.015862
0.016004
0.015832
0.016190
0.019540
0.023066
0.020286
0.020807
0.019434
0.018624
0.019317
0.018645
0.026144
0.018761
0.023049
0.018346
0.018114
0.019356
0.019211
0.018012
0.019847
0.020591
0.026406
0.016382
0.016869
0.016406
0.019304
0.015053
0.018449
0.018705
0.018948
0.019423
0.015191
0.022910
0.016095
0.024423
0.021398
0.019510
0.017346
0.026858
0.022186
0.021128
0.020391
0.018725
0.023130
0.023463
0.019990
0.016865
0.017835
0.019502
0.016853
0.017545
0.016885
0.020706
0.020329
0.017226
0.022572
0.019305
0.018262
0.017214
0.017298
0.018787
0.020470
0.021559
0.017481
0.021025
0.021537
0.019750
0.023513
0.022032
0.025451
0.020089
0.019174
0.020877
0.019591
0.019942
0.023687
0.018566
0.018420
0.021932
0.019787
0.021759
0.018699
0.022733
0.019314
0.018206
0.019018
0.019126
0.020261
0.018043
0.019061
0.017751
0.019864
0.019420
0.019203
0.024912
0.024018
0.017865
0.024666
0.031503
0.024024
0.019473
0.039692
0.019623
0.021166
0.021081
0.021278
0.021552
0.023835
0.025948
0.022902
0.028741
0.029778
0.020106
0.020348
0.022352
0.021822
0.025369
0.033288
0.021555
0.020393
0.022753
0.022826
0.022543
0.020598
0.019144
0.020367
0.017982
0.018377
0.021049
0.024262
0.021057
0.022459
0.022345
0.021083
0.032259
0.032897
0.030575
0.022689
0.021314
0.020296
0.020460
0.022083
0.020290
0.022137
0.023455
0.019528
0.020516
0.021209
0.027323
0.026253
0.026106
0.026464
0.024565
0.026052
0.027694
0.028993
0.022441
0.026819
0.022353
0.016182
0.015074
0.015299
0.015442
0.017657
0.015420
0.018333
0.015127
0.015007
0.015745
0.015565
0.015593
0.019968
0.024496
0.019986
0.023973
0.029447
0.026670
0.023180
0.020603
0.016037
0.016907
0.017210
0.019318
0.018047
0.023269
0.018830
0.020152
0.030665
0.022857
0.022427
0.024364
0.032252
0.022827
0.022147
0.022156
0.022086
0.022520
0.022251
0.015411
0.015193
0.017188
0.017897
0.025691
0.015642
0.017821
0.014897
0.015086
0.015138
0.015232
0.015058
0.015553
0.017197
0.023649
0.017429
0.017236
0.017352
0.016942
0.016798
0.018112
0.018865
0.022822
0.024303
0.026121
0.030734
0.029950
0.028839
0.033283
0.024896
0.033650
0.032473
0.029707
0.021151
0.019680
0.020549
0.021730
0.019286
0.021122
0.020673
0.020641
0.017047
0.026996
0.018561
0.018263
0.016871
0.020532
0.017267
0.022788
0.016943
0.018804
0.032456
0.019888
0.017039
0.021216
0.025744
0.016879
0.027872
0.016617
0.016799
0.022293
0.018062
0.015521
0.020549
0.017728
0.017218
0.020405
0.020032
0.017283
0.020375
0.023886
0.016944
0.017269
0.019991
0.019004
0.020096
0.023768
0.017264
0.022811
0.017163
0.018419
0.019659
0.020154
0.018649
0.022680
0.021121
0.022065
0.017417
0.020666
0.018513
0.021945
0.016016
0.020551
0.016277
0.028257
0.029223
0.017105
0.019347
0.019578
0.032895
0.027183
0.021804
0.027213
0.023481
0.033414
0.034235
0.026193
0.028383
0.024851
0.026764
