0.027628
0.028181
0.026638
0.028622
0.026650
0.029183
0.032841
0.027148
0.022650
0.030314
0.027998
0.027652
0.027442
0.022684
0.026729
0.020680
0.020676
0.020436
0.020265
0.021842
0.020195
0.020274
0.020182
0.020226
0.025348
0.024337
0.020027
0.020090
0.020015
0.020145
0.020062
0.020235
0.020133
0.020123
0.022060
0.031280
0.020186
0.028274
0.019929
0.027819
0.030684
0.027228
0.027517
0.025227
0.023999
0.033201
0.028063
0.027753
0.029857
0.019988
0.024278
0.026115
0.027104
0.028364
0.021780
0.019870
0.020259
0.020727
0.021791
0.020204
0.020020
0.020230
0.020112
0.019938
0.020554
0.019914
0.019989
0.021535
0.021513
0.026195
0.025662
0.028582
0.024308
0.021549
0.025578
0.022140
0.020989
0.026752
0.024891
0.032537
0.024791
0.020290
0.025330
0.023433
0.024707
0.024353
0.027396
0.020425
0.020342
0.020131
0.019906
0.020397
0.019971
0.020591
0.020269
0.020010
0.020219
0.028929
0.028253
0.022003
0.026125
0.025405
0.029789
0.024792
0.030327
0.025172
0.027467
0.021580
0.020104
0.023722
0.025178
0.025319
0.026197
0.026130
0.024180
0.025435
0.024819
0.032189
0.023992
0.019926
0.019963
0.020082
0.020201
0.019978
0.020184
0.019876
0.020138
0.019868
0.020142
0.026317
0.020422
0.020292
0.021676
0.020053
0.019983
0.019996
0.020084
0.019935
0.019945
0.020018
0.020235
0.020249
0.021406
0.024879
0.022722
0.020442
0.020485
0.024945
0.027296
0.031077
0.025472
0.029677
0.022017
0.020258
0.024090
0.022063
0.019975
0.026423
0.021861
0.020884
0.025084
0.027148
0.022403
0.027663
0.027343
0.028341
0.027674
0.027037
0.027326
0.019966
0.027890
0.026849
0.029044
0.027322
0.028043
0.021180
0.026159
0.026602
0.028140
0.020010
0.034782
0.032320
0.022868
0.025159
0.020124
0.019929
0.020032
0.020245
0.019928
0.020273
0.020879
0.022105
0.020516
0.020072
0.026999
0.020151
0.019908
0.020043
0.020203
0.020242
0.020073
0.020170
0.020102
0.026803
0.020012
0.020082
0.020190
0.020031
0.020178
0.020337
0.020247
0.025736
0.022371
0.025394
0.023002
0.023169
0.025669
0.027964
0.026104
0.026065
0.025918
0.021502
0.020057
0.020225
0.019976
0.019874
0.019936
0.019996
0.019987
0.020216
0.019881
0.020039
0.020202
0.032939
0.025912
0.025201
0.020339
0.028029
0.027850
0.027540
0.025586
0.026846
0.027519
0.032645
0.020244
0.020301
0.020208
0.019952
0.020099
0.020071
0.020408
0.031523
0.020025
0.026486
0.024770
0.033486
0.023963
0.022373
0.025247
0.026312
0.019877
0.032857
0.019907
0.020121
0.020039
0.020079
0.020043
0.019981
0.019978
0.019957
0.019917
0.020048
0.020032
0.019932
0.019925
0.020227
0.020050
0.020955
0.019924
0.020040
0.020010
0.020569
0.020295
0.028597
0.029484
0.019938
0.019924
0.020048
0.026868
0.021912
0.021633
0.021699
0.020730
0.020042
0.020094
0.020637
0.020134
0.019929
0.022469
0.022493
0.027760
0.027900
0.028236
0.030370
0.030216
0.025108
0.024694
0.027685
0.025106
0.027922
0.028052
0.024591
0.026529
0.027759
0.020155
0.024681
0.029819
0.019890
0.020017
0.020020
0.020393
0.019933
0.020970
0.019997
0.020061
0.020260
0.021614
0.020187
0.027318
0.021645
0.020407
0.019889
0.020028
0.020377
0.020178
0.020712
0.020238
0.020009
0.020068
0.027786
0.028571
0.027837
0.027756
0.028570
0.027010
0.027648
0.028214
0.027220
0.020048
0.020471
0.021146
0.021328
0.027899
0.020004
0.020268
0.027215
0.029129
0.027563
0.027300
0.025069
0.028480
0.028511
0.025311
0.027659
0.022558
0.022225
0.020222
0.024497
0.020045
0.026711
0.025474
0.021606
0.020502
0.019917
0.020437
0.024539
0.020437
0.020135
0.019932
0.020037
0.020012
0.021484
0.024805
0.020748
0.029300
0.020461
0.020585
0.025277
0.027920
0.027016
0.020013
0.020017
0.020325
0.020677
0.020318
0.026800
0.020375
0.020594
0.020434
0.020026
0.020132
0.020206
0.024272
0.019981
0.019902
0.022322
0.030568
0.026178
0.026165
0.028423
0.027427
0.024768
0.022771
0.029806
0.025567
0.026124
0.027229
0.027519
0.027444
0.028062
0.027887
0.032793
0.022087
0.024154
0.025857
0.026946
0.027081
0.022105
0.025518
0.027850
0.026918
0.032247
0.027326
0.027174
0.027424
0.027916
0.022437
0.027953
0.019891
0.019876
0.019892
0.019877
0.019935
0.020181
0.020259
0.020034
0.020085
0.020139
0.027705
0.020807
0.022651
0.027611
0.027986
0.025315
0.028047
0.027333
0.027611
0.028659
0.020104
0.029352
0.027763
0.023048
0.028552
0.030738
0.022060
0.024473
0.028203
0.020200
0.026871
0.033534
0.026984
0.024889
0.028532
0.027501
0.028123
0.025332
0.027944
0.020529
0.021614
0.021634
0.025209
0.021035
0.027547
0.020299
0.020163
0.020361
0.020361
0.020030
0.021235
0.029900
0.020275
0.020002
0.020074
0.020820
0.026954
0.020255
0.022351
0.021600
0.020514
0.020056
0.022395
0.020030
0.025646
0.020458
0.020273
0.020350
0.020317
0.024944
0.024998
0.028139
0.024841
0.026486
0.025479
0.027012
0.027478
0.026429
0.027264
0.019950
0.020862
0.022104
0.020206
0.020137
0.020134
0.020126
0.019917
0.020045
0.019956
0.019906
0.024208
0.027187
0.027260
0.027235
0.027492
0.022492
0.028915
0.030338
0.022385
0.021414
0.024287
0.019926
0.021120
0.020257
0.029427
0.020495
0.019950
0.019956
0.019883
0.020141
0.020064
0.020161
0.020302
0.027458
0.022201
0.028622
0.032955
0.027785
0.026947
0.027899
0.029804
0.021735
0.022302
0.022584
0.022192
0.025879
0.031830
0.021684
0.022175
0.021463
0.024127
0.020096
0.025900
0.031213
0.019981
0.019978
0.019994
0.019898
0.023823
0.020016
0.019980
0.019997
0.020060
0.020588
0.027554
0.019951
0.020174
0.020390
0.019973
0.020108
0.020075
0.019896
0.019995
0.020566
0.020102
0.020042
0.019963
0.020111
0.020189
0.020089
0.020173
0.020237
0.020007
0.020003
0.020041
0.019979
0.027169
0.020669
0.020093
0.019989
0.019991
0.020129
0.020060
0.020028
0.019953
0.019990
0.019909
0.020004
0.019888
0.020110
0.019964
0.019896
0.024775
0.020106
0.020268
0.019937
0.020204
0.020083
0.019946
0.020056
0.020008
0.020110
0.020408
0.020007
0.020067
0.020184
0.019874
0.020113
0.022174
0.020762
0.020020
0.019974
0.020172
0.019910
0.022815
0.022495
0.020310
0.021750
0.022152
0.022028
0.023314
0.023808
0.023204
0.022276
0.020189
0.023090
0.024199
0.022975
0.023160
0.022072
0.023074
0.022032
0.023388
0.025538
0.022105
0.020011
0.019983
0.022559
0.027256
0.028114
0.019887
0.027222
0.027620
0.027321
0.028294
0.027139
0.024822
0.026501
0.026265
0.025529
0.026113
0.022403
0.027707
0.025036
0.024117
0.027417
0.020751
0.020061
0.020204
0.020257
0.020022
0.027629
0.020566
0.020366
0.020228
0.020005
0.019927
0.027208
0.028940
0.026102
0.027554
0.026359
0.024823
0.027285
0.028328
0.027936
0.027058
0.028838
0.020182
0.019899
0.020013
0.019846
0.020011
0.020257
0.020285
0.027358
0.019919
0.020021
0.019981
0.022440
0.028869
0.027325
0.020053
0.020664
0.020082
0.019988
0.021451
0.022705
0.026292
0.022037
0.027632
0.029904
0.020070
0.022159
0.020556
0.021984
0.029369
0.028811
0.021327
0.022786
0.021259
0.022861
0.020210
0.024674
0.021149
0.025875
0.026263
0.020088
0.020198
0.025515
0.020009
0.019934
0.019982
0.020506
0.020745
0.020754
0.020883
0.019900
0.020185
0.020027
0.025266
0.021613
0.022373
0.025275
0.019994
0.020172
0.020183
0.020356
0.022259
0.028945
0.022819
0.020051
0.020410
0.020037
0.022166
0.020066
0.020175
0.020215
0.020069
0.027411
0.027182
0.028004
0.027450
0.026762
0.027787
0.028308
0.025092
0.020032
0.022559
0.023055
0.029710
0.029241
0.024367
0.020120
0.019995
0.027883
0.020335
0.020131
0.020155
0.019952
0.019984
0.022266
0.020948
0.034748
0.025773
0.026110
0.021459
0.020980
0.023095
0.020599
0.020802
0.028200
0.020632
0.020943
0.021593
0.025392
0.020533
0.027215
0.024868
0.021177
0.026739
0.021880
0.020138
0.028876
0.020359
0.020078
0.020357
0.020340
0.025038
0.027397
0.020190
0.019984
0.019904
0.019978
0.020119
0.019931
0.021180
0.027384
0.021444
0.020080
0.019952
0.021196
0.029008
0.021286
0.025697
0.027259
0.026617
0.027205
0.027671
0.028397
0.025026
0.026739
0.025530
0.021920
0.019923
0.020247
0.020033
0.019978
0.020089
0.020189
0.020157
0.019948
0.020370
0.020067
0.020476
0.027484
0.023662
0.025975
0.022244
0.027188
0.026071
0.020805
0.024969
0.029293
0.025282
0.020737
0.020785
0.021391
0.021099
0.021235
0.026013
0.032687
0.020224
0.020273
0.020973
0.019908
0.020112
0.020059
0.020083
0.020037
0.020688
0.020211
0.020230
0.019997
0.020067
0.021825
0.031270
0.021388
0.021196
0.020358
0.020043
0.020045
0.019967
0.020060
0.020078
0.027068
0.031521
0.020035
0.027615
0.027312
0.026747
0.029033
0.027353
0.023481
0.026765
0.033447
0.030450
0.025104
0.024682
0.031656
0.025653
0.030414
0.025874
0.025131
0.025470
0.020055
0.020030
0.020025
0.020678
0.020092
0.020183
0.020162
0.019972
0.026442
0.022400
0.026375
0.027262
0.026597
0.031165
0.021609
0.021992
0.021465
0.019924
0.022551
0.022326
0.026880
0.025293
0.027074
0.028167
0.027253
0.026142
0.026132
0.022115
0.031853
0.020032
0.020062
0.020027
0.028386
0.022634
0.025673
0.022779
0.022510
0.028325
0.023355
0.027435
0.027512
0.027376
0.026320
0.023998
0.032170
0.030986
0.027409
0.022985
0.030242
0.020214
0.019942
0.020207
0.020161
0.020102
0.019973
0.020282
0.022794
0.020063
0.022801
0.022277
0.023133
0.019920
0.023041
0.024321
0.026635
0.022392
0.026142
0.031816
0.019988
0.031727
0.031137
0.026831
0.026769
0.027559
0.025739
0.022436
0.031160
