0.000497
0.000391
0.000219
0.000380
0.000223
0.001120
0.000498
0.000487
0.000464
0.000484
0.000240
0.000566
0.000516
0.000555
0.000557
0.000397
0.000416
0.000459
0.000457
0.000440
0.001249
0.000429
0.000501
0.000427
0.000304
0.000404
0.000212
0.000548
0.000501
0.000383
0.000383
0.000220
0.000194
0.000167
0.000558
0.000388
0.000298
0.000456
0.000446
0.000472
0.000447
0.000449
0.000446
0.000390
0.000440
0.000362
0.000413
0.000415
0.000409
0.000415
0.000337
0.000251
0.000247
0.000320
0.000387
0.000318
0.000321
0.000465
0.000399
0.000323
0.000215
0.000423
0.000430
0.000489
0.000647
0.000412
0.000401
0.000467
0.000249
0.000287
0.000486
0.000278
0.000180
0.000319
0.000277
0.000176
0.000166
0.000396
0.000401
0.000363
0.000419
0.000328
0.000330
0.000177
0.000191
0.000352
0.000383
0.000332
0.000484
0.000489
0.000450
0.000439
0.000493
0.000517
0.000886
0.000414
0.000389
0.000513
0.000461
0.000409
0.000441
0.000217
0.000268
0.000299
0.000550
0.000489
0.000428
0.000375
0.000192
0.000180
0.000172
0.000354
0.000190
0.000334
0.000348
0.000463
0.000426
0.000378
0.000481
0.000503
0.000446
0.000474
0.000529
0.000417
0.000439
0.000438
0.000173
0.000245
0.000547
0.000476
0.000483
0.000200
0.000297
0.000269
0.000247
0.000213
0.000359
0.000365
0.000375
0.000340
0.000223
0.000435
0.000180
0.000257
0.000257
0.000202
0.000271
0.000435
0.000410
0.000540
0.000397
0.000181
0.000538
0.000450
0.000376
0.000415
0.000290
0.000440
0.000528
0.001169
0.000556
0.000842
0.000639
0.000256
0.000429
0.000340
0.000422
0.000442
0.000403
0.000363
0.000498
0.000335
0.000481
0.000466
0.000438
0.000419
0.000622
0.000529
0.000422
0.000528
0.000423
0.000467
0.000445
0.000462
0.000360
0.000359
0.001300
0.000384
0.000433
0.000238
0.000568
0.000482
0.000249
0.000565
0.000467
0.000361
0.000469
0.000338
0.000343
0.000449
0.000387
0.000283
0.000246
0.000492
0.000222
0.000242
0.000226
0.000474
0.000509
0.000482
0.000400
0.000369
0.000257
0.000224
0.000391
0.000353
0.000248
0.000260
0.000217
0.000180
0.000249
0.000519
0.000493
0.000326
0.000373
0.000490
0.000308
0.000419
0.000371
0.000320
0.000545
0.000246
0.000172
0.000366
0.000595
0.000304
0.000177
0.000376
0.000427
0.000419
0.000293
0.000358
0.000203
0.000237
0.000228
0.000445
0.000188
0.000370
0.000338
0.000327
0.000492
0.000588
0.000439
0.000429
0.000273
0.000294
0.000309
0.000327
0.000312
0.000387
0.000288
0.000222
0.000410
0.000479
0.000407
0.000452
0.000257
0.000403
0.000380
0.000472
0.000459
0.000448
0.000389
0.000471
0.000412
0.000566
0.000520
0.000461
0.000420
0.000375
0.000307
0.000524
0.000307
0.000279
0.000269
0.000185
0.000237
0.000229
0.000269
0.000175
0.000427
0.000308
0.000196
0.000349
0.000505
0.000565
0.000416
0.000479
0.000412
0.000245
0.000195
0.000480
0.000470
0.000411
0.000245
0.000228
0.000209
0.000215
0.000202
0.000195
0.000209
0.000242
0.000376
0.000470
0.000394
0.000423
0.000426
0.000178
0.000386
0.000419
0.000428
0.000389
0.000510
0.000485
0.000429
0.000994
0.000453
0.000533
0.000442
0.000294
0.000413
0.000533
0.000385
0.000380
0.000377
0.000181
0.000193
0.000180
0.000242
0.000274
0.000249
0.000289
0.000470
0.000431
0.000360
0.000254
0.000490
0.000469
0.000361
0.000386
0.000293
0.000173
0.000166
0.000248
0.000496
0.000494
0.000459
0.000427
0.000498
0.000194
0.000201
0.000306
0.000349
0.000453
0.000404
0.000439
0.000417
0.000421
0.000208
0.000317
0.000291
0.000321
0.000614
0.000357
0.000416
0.000383
0.000429
0.000651
0.000418
0.000365
0.000363
0.000231
0.000244
0.000388
0.000242
0.000349
0.000249
0.000617
0.000481
0.000457
0.000535
0.000401
0.000431
0.000595
0.000443
0.000513
0.000341
0.000357
0.000489
0.000464
0.000588
0.000631
0.000614
0.000668
0.000224
0.000871
0.000482
0.000567
0.000472
0.000474
0.000540
0.000365
0.000520
0.000501
0.000532
0.000295
0.000389
0.000403
0.000417
0.000433
0.000210
0.000216
0.000427
0.000433
0.000269
0.000411
0.000244
0.000394
0.000376
0.000289
0.000466
0.000427
0.000437
0.000484
0.000201
0.000491
0.000225
0.000209
0.000533
0.000301
0.000448
0.000385
0.000498
0.000517
0.000468
0.000302
0.000168
0.000170
0.000196
0.000204
0.013130
0.000560
0.000236
0.000288
0.000357
0.000538
0.000415
0.000423
0.000393
0.000331
0.000293
0.000196
0.002292
0.000252
0.000300
0.000474
0.000228
0.000234
0.000631
0.000505
0.000594
0.000480
0.000442
0.000409
0.000556
0.000466
0.000370
0.000280
0.000337
0.000502
0.000536
0.000650
0.000392
0.000329
0.000631
0.000554
0.000320
0.000533
0.000363
0.000687
0.000182
0.000458
0.000296
0.000541
0.000431
0.000440
0.000403
0.000373
0.000867
0.000374
0.000247
0.000191
0.000487
0.000390
0.000421
0.000367
0.000357
0.000365
0.000463
0.000457
0.000475
0.000518
0.000528
0.000412
0.000518
0.000541
0.000377
0.000420
0.000531
0.000497
0.000259
0.000399
0.000303
0.000268
0.000252
0.000362
0.000278
0.000254
0.000322
0.000221
0.000519
0.000222
0.000374
0.000284
0.000576
0.000359
0.000369
0.000270
0.000487
0.000222
0.000468
0.000393
0.000253
0.000310
0.000254
0.000216
0.000233
0.000245
0.000230
0.000381
0.000173
0.000397
0.000269
0.000412
0.000417
0.000408
0.000418
0.000166
0.000314
0.000204
0.000375
0.000177
0.000379
0.000356
0.000497
0.000194
0.000216
0.000235
0.000223
0.000551
0.000527
0.000467
0.000450
0.000486
0.000450
0.000271
0.000182
0.000258
0.000396
0.000330
0.000167
0.000376
0.000195
0.000225
0.000442
0.000447
0.000289
0.000186
0.000323
0.000321
0.000255
0.000356
0.000171
0.000230
0.000218
0.000202
0.000168
0.000213
0.000421
0.000258
0.000234
0.000518
0.000250
0.000484
0.000614
0.000487
0.000468
0.000451
0.000499
0.000532
0.000268
0.000228
0.000256
0.000293
0.000504
0.000339
0.000198
0.000188
0.000200
0.000224
0.000211
0.000192
0.000188
0.000358
0.000245
0.000519
0.000367
0.000296
0.000176
0.000268
0.000409
0.000354
0.000408
0.000452
0.000422
0.000234
0.000421
0.000358
0.000319
0.000272
0.000444
0.000372
0.000507
0.000458
0.000206
0.000181
0.000323
0.000217
0.000277
0.000224
0.000186
0.000319
0.000366
0.000309
0.000270
0.000428
0.000430
0.000492
0.000571
0.000346
0.000284
0.000264
0.000473
0.000544
0.000312
0.000327
0.000340
0.000459
0.000431
0.000265
0.000357
0.000478
0.000619
0.000435
0.000262
0.000281
0.000399
0.000216
0.000273
0.000435
0.000480
0.000539
0.000528
0.000439
0.000227
0.000470
0.000411
0.000485
0.000368
0.000276
0.000466
0.000489
0.000501
0.000439
0.000469
0.000530
0.000514
0.000553
0.000346
0.000475
0.000545
0.000549
0.000405
0.000531
0.000440
0.000410
0.000259
0.000482
0.000539
0.000559
0.000401
0.000441
0.000449
0.000330
0.000439
0.000496
0.002872
0.000754
0.000201
0.000285
0.000215
0.000171
0.000217
0.000229
0.000185
0.000505
0.000328
0.000431
0.000303
0.000400
0.000222
0.000254
0.000210
0.000177
0.000309
0.000252
0.000240
0.000287
0.001265
0.000187
0.000396
0.000269
0.000206
0.000235
0.000205
0.000176
0.000462
0.000427
0.000297
0.000408
0.000448
0.000323
0.000405
0.000845
0.000552
0.000393
0.000440
0.000507
0.000448
0.000392
0.000435
0.000433
0.000293
0.000373
0.000414
0.000451
0.000428
0.000231
0.000483
0.000620
0.000415
0.000347
0.000545
0.000642
0.000283
0.000402
0.000221
0.000211
0.000551
0.000525
0.000484
0.000429
0.000418
0.000502
0.000753
0.000376
0.000335
0.000478
0.000224
0.000772
0.000304
0.000266
0.000231
0.000471
0.000207
0.000211
0.000462
0.000342
0.000490
0.000188
0.000245
0.000458
0.000347
0.000265
0.000300
0.000237
0.000167
0.000193
0.000194
0.000358
0.000460
0.000209
0.000294
0.000253
0.000516
0.000600
0.000499
0.000182
0.000179
0.000173
0.000469
0.000359
0.000418
0.000315
0.000500
0.000207
0.000176
0.000403
0.000214
0.000184
0.000200
0.000424
0.000307
0.000540
0.000413
0.000237
0.000253
0.000230
0.000551
0.000407
0.000184
0.000217
0.000326
0.000212
0.000388
0.000175
0.000465
0.000702
0.000543
0.000442
0.000495
0.000549
0.000184
0.000309
0.000251
0.000296
0.000386
0.000502
0.000497
0.000447
0.000650
0.000477
0.000248
0.000507
0.000379
0.003100
0.003353
0.000189
0.000432
0.000245
0.000245
0.001274
0.000251
0.000179
0.000201
0.000196
0.000192
0.000185
0.000453
0.001433
0.000398
0.000422
0.000189
0.000250
0.000199
0.000225
0.000203
0.000218
0.000378
0.000544
0.000429
0.000224
0.000454
0.000477
0.000282
0.000408
0.000451
0.000427
0.000308
0.000515
0.000350
0.000282
0.000381
0.000205
0.000220
0.000631
0.000506
0.000450
0.000586
0.000408
0.000582
0.000445
0.000337
0.000332
0.000380
0.000188
0.000471
0.000415
0.000422
0.000418
0.000393
0.000326
0.000371
0.000500
0.000572
0.000249
0.000558
0.000567
0.000360
0.000404
0.000602
0.000328
0.000230
0.000472
0.000413
0.000428
0.000524
0.000820
0.000401
0.000652
0.000451
0.000461
0.000517
0.000638
0.000839
0.000340
0.000190
0.000390
0.000491
0.000409
0.000337
0.000370
0.000453
0.000512
0.000478
0.000395
0.000466
0.000390
0.000606
0.000486
0.000437
0.000251
0.000401
0.000214
0.000227
0.000280
0.000369
0.000448
0.000480
0.000545
0.000549
0.000412
0.000357
0.000414
0.000379
0.001279
0.000666
0.000509
0.000503
0.000489
0.000446
0.000557
0.000469
0.000535
0.000498
0.000441
0.000440
0.000511
0.000461
0.000634
0.000481
0.000489
0.000499
0.000479
0.000494
0.000471
0.000489
0.000717
0.000529
0.000545
