1.5000000000000005e-6
0.0003762369999999998
6.090000000000028e-6
9.55464762779306e-8
1.4577484363715648e-5
2.3645615135054297e-7
1.665900000000003e-5
0.00041189100000000006
2.4664000000000054e-5
4.590573053656912e-7
2.9033181467109376e-5
7.114538513372322e-7
0.0002177810000000001
0.0005341500000000003
0.0003146250000000001
6.100615515312022e-6
1.8777407196442787e-5
8.72909334184087e-6
0.002814276999999997
0.0029423849999999988
0.002861966999999997
7.340790939841723e-5
6.820132526474737e-5
7.35812162649615e-5
0.02410049699999999
0.020865765999999997
0.023344973000000026
0.0002061674430130095
0.00026389327059104644
0.00022895218134454736
