0.004281
0.004251
0.002243
0.003626
0.004272
0.001677
0.001965
0.002075
0.003202
0.001906
0.001935
0.001771
0.001777
0.001663
0.001795
0.002108
0.002300
0.001763
0.001771
0.002704
0.001763
0.001782
0.001763
0.002583
0.004549
0.001771
0.002783
0.001795
0.001688
0.001779
0.002148
0.003448
0.001783
0.002584
0.002560
0.003028
0.003446
0.004315
0.001653
0.001756
0.001748
0.001773
0.002408
0.001757
0.001766
0.002698
0.001655
0.001991
0.002328
0.001754
0.001754
0.001758
0.002630
0.001785
0.001849
0.001784
0.001781
0.002010
0.001772
0.004345
0.001773
0.003229
0.003770
0.002966
0.001798
0.001773
0.002069
0.001790
0.001673
0.001804
0.004357
0.004575
0.004630
0.001788
0.002468
0.003432
0.004460
0.004340
0.001785
0.004325
0.002948
0.001815
0.001793
0.002026
0.001761
0.001805
0.001807
0.001871
0.001797
0.001789
0.001728
0.001855
0.001838
0.001836
0.001906
0.001851
0.002218
0.001761
0.001719
0.002325
0.001837
0.001809
0.001813
0.001862
0.002154
0.002322
0.002565
0.001945
0.002099
0.001763
0.003113
0.001799
0.001806
0.001801
0.002103
0.002510
0.001834
0.001682
0.002143
0.002549
0.002129
0.001743
0.002127
0.003343
0.001652
0.001744
0.004294
0.004411
0.001747
0.002564
0.001638
0.001751
0.001824
0.001792
0.001790
0.002079
0.001797
0.001802
0.002368
0.002634
0.001800
0.003039
0.001790
0.001799
0.004439
0.004434
0.004414
0.001818
0.001906
0.002957
0.004420
0.001816
0.004502
0.004423
0.001708
0.004456
0.004440
0.001813
0.002143
0.001844
0.001753
0.002218
0.002835
0.003436
0.001755
0.001976
0.001664
0.001758
0.001762
0.001753
0.001759
0.002329
0.001748
0.004287
0.004250
0.004289
0.001754
0.001766
0.001743
0.002154
0.002472
0.004271
0.001665
0.004239
0.001759
0.001741
0.001779
0.001748
0.001771
0.001754
0.002210
0.001747
0.002317
0.003384
0.004277
0.001663
0.001744
0.001695
0.001927
0.002826
0.003690
0.002137
0.003028
0.001760
0.002223
0.001763
0.001770
0.001764
0.001874
0.001758
0.001759
0.001756
0.001746
0.004268
0.004310
0.001753
0.001755
0.001768
0.001773
0.001780
0.001823
0.002508
0.002773
0.001837
0.001725
0.001815
0.001705
0.001829
0.004425
0.002073
0.003290
0.001823
0.002107
0.002310
0.001783
0.001664
0.001839
0.003217
0.001777
0.002365
0.002127
0.002337
0.002984
0.003152
0.004226
0.004215
0.004204
0.001725
0.001746
0.001617
0.001762
0.001742
0.003023
0.001675
0.001694
0.001780
0.002572
0.004326
0.001758
0.001715
0.001756
0.002228
0.002497
0.001726
0.001616
0.001731
0.002177
0.002614
0.002794
0.003834
0.001619
0.001731
0.001707
0.002855
0.002946
0.001777
0.001764
0.001837
0.003167
0.001762
0.002876
0.001753
0.001782
0.002267
0.001812
0.002046
0.001761
0.001776
0.001762
0.002029
0.001786
0.001755
0.001766
0.001836
0.001827
0.004418
0.001866
0.002339
0.004442
0.001851
0.002062
0.002134
0.004196
0.002783
0.001823
0.002309
0.002348
0.001763
0.001756
0.002032
0.001763
0.001802
0.001761
0.002307
0.001789
0.001786
0.002291
0.001801
0.001792
0.001848
0.003874
0.001756
0.003004
0.001796
0.002706
0.002905
0.001709
0.002041
0.002140
0.002957
0.004322
0.004338
0.004354
0.004400
0.001783
0.002111
0.001689
0.001832
0.002360
0.001786
0.001780
0.001759
0.001820
0.002445
0.002356
0.002731
0.004325
0.004555
0.001820
0.001781
0.001821
0.001783
0.004062
0.003196
0.001803
0.001769
0.001661
0.001777
0.002063
0.002710
0.001737
0.002475
0.003535
0.001737
0.001738
0.001743
0.002020
0.002407
0.001740
0.002350
0.001849
0.001842
0.001895
0.002308
0.001832
0.001847
0.001826
0.001834
0.001838
0.001843
0.002413
0.004453
0.004511
0.004538
0.002467
0.001828
0.001827
0.001904
0.001845
0.001787
0.004356
0.001796
0.004108
0.004694
0.004373
0.001807
0.001803
0.004354
0.001786
0.001791
0.001720
0.001755
0.001611
0.002267
0.002265
0.002226
0.001730
0.001843
0.002269
0.006683
0.001740
0.002842
0.001993
0.001720
0.004182
0.001785
0.001726
0.001787
0.002498
0.004391
0.001727
0.001686
0.001725
0.001655
0.001748
0.002304
0.001739
0.001740
0.001749
0.001786
0.001855
0.002097
0.001756
0.003483
0.001698
0.002082
0.003941
0.004222
0.003631
0.001746
0.001751
0.001770
0.001650
0.001773
0.002239
0.001773
0.002060
0.002565
0.001765
0.001710
0.002244
0.001775
0.001850
0.001851
0.001852
0.001854
0.002195
0.001853
0.002391
0.003774
0.001875
0.001852
0.001859
0.001735
0.002654
0.004196
0.002650
0.001619
0.001804
0.004339
0.001651
0.001974
0.002187
0.002881
0.004316
0.001793
0.001780
0.003307
0.002168
0.004309
0.001798
0.001783
0.002463
0.003609
0.004299
0.001954
0.002015
0.001934
0.002593
0.002988
0.001753
0.001746
0.001753
0.001781
0.004265
0.001788
0.002726
0.002403
0.001790
0.003747
0.001701
0.001593
0.001710
0.001841
0.001707
0.002159
0.001703
0.001748
0.001701
0.001700
0.003044
0.001772
0.001912
0.001773
0.002466
0.003423
0.001746
0.004259
0.001775
0.004268
0.001937
0.002600
0.001886
0.001892
0.002517
0.001757
0.001881
0.001877
0.001870
0.001876
0.002494
0.001899
0.003389
0.001745
0.001749
0.001863
0.001627
0.001660
0.001748
0.001746
0.001741
0.001761
0.001866
0.001810
0.001769
0.001761
0.001771
0.002429
0.003308
0.003453
0.001768
0.001811
0.004496
0.001793
0.001683
0.001810
0.001797
0.001705
0.001726
0.004055
0.002601
0.004514
0.002226
0.002751
0.002322
0.001836
0.001743
0.001838
0.002317
0.001746
0.001754
0.002218
0.004229
0.004349
0.001817
0.001766
0.001784
0.001770
0.001754
0.002102
0.002676
0.003167
0.001931
0.001748
0.001754
0.003044
0.001769
0.001642
0.001799
0.001770
0.002164
0.002301
0.001769
0.004286
0.004345
0.001779
0.002769
0.003658
0.001766
0.001780
0.001792
0.001793
0.001808
0.001786
0.001801
0.001786
0.002247
0.004459
0.001989
0.001747
0.002082
0.001936
0.001749
0.001750
0.003516
0.001779
0.001867
0.001672
0.001759
0.003429
0.001897
0.002305
0.001758
0.001763
0.001986
0.001801
0.001761
0.001745
0.001760
0.001736
0.001789
0.002028
0.002401
0.001816
0.002200
0.002738
0.001819
0.001816
0.001863
0.001861
0.002111
0.001820
0.001811
0.002725
0.001692
0.001826
0.004442
0.001733
0.001802
0.001864
0.001807
0.002431
0.001922
0.001834
0.003019
0.001763
0.002256
0.004266
0.001708
0.002287
0.001711
0.004120
0.001702
0.001706
0.001640
0.001758
0.001679
0.001765
0.001756
0.001753
0.001751
0.002562
0.002547
0.001742
0.002448
0.001675
0.002929
0.003758
0.001681
0.002050
0.001751
0.001769
0.002040
0.003839
0.001878
0.001774
0.001995
0.004143
0.004268
0.004155
0.001717
0.001717
0.001714
0.001714
0.001728
0.001755
0.001764
0.001937
0.001737
0.001668
0.001764
0.001749
0.001759
0.001671
0.001659
0.001762
0.001769
0.002681
0.003407
0.001773
0.001749
0.002030
0.004276
0.001722
0.001788
0.001748
0.001635
0.001775
0.001885
0.001744
0.002819
0.001743
0.004350
0.001749
0.002125
0.003469
0.001747
0.001689
0.001777
0.001746
0.001741
0.001751
0.001788
0.001989
0.001756
0.001677
0.003704
0.001881
0.002037
0.001760
0.001753
0.004014
0.001754
0.001759
0.001644
0.001766
0.001651
0.001759
0.001759
0.001682
0.001759
0.002136
0.002341
0.001673
0.002408
0.002722
0.001768
0.001748
0.001741
0.001761
0.001763
0.002429
0.001776
0.003121
0.001771
0.001832
0.001941
0.001765
0.001781
0.001762
0.002664
0.002912
0.004180
0.001717
0.001772
0.004228
0.001735
0.002370
0.002607
0.001721
0.001724
0.004322
0.004392
0.001728
0.001760
0.001735
0.003138
0.001736
0.001890
0.001958
0.001798
0.001789
0.002295
0.001784
0.001791
0.001795
0.001800
0.001716
0.002353
0.001796
0.001806
0.001775
0.001687
0.001699
0.001832
0.001775
0.001775
0.001766
0.002610
0.004284
0.001763
0.001764
0.001763
0.001764
0.001760
0.002703
0.001778
0.001766
0.001856
0.001733
0.001862
0.002053
0.002257
0.002953
0.004604
0.001853
0.001855
0.001853
0.004531
0.001857
0.002580
0.001868
0.001783
0.004323
0.001762
0.001764
0.001780
0.004351
0.004307
0.004015
0.001646
0.001626
0.001718
0.001705
0.001726
0.002627
0.003431
0.002266
0.001708
0.001825
0.001817
0.002797
0.001805
0.001976
0.001802
0.004325
0.001689
0.001763
0.002337
0.001851
0.004427
0.004706
0.005096
0.004307
0.002531
0.001814
0.003730
0.001771
0.001710
0.002393
0.002256
0.001738
0.004390
0.002255
0.002200
0.002320
0.002281
0.004299
0.004984
0.001772
0.001789
0.001787
0.001807
0.001785
0.001773
0.003462
0.001678
0.002019
0.002012
0.001787
0.001786
0.001690
0.002880
0.001785
0.002178
0.002685
0.002091
0.001790
0.002921
0.001778
0.001872
0.002970
0.001766
0.001762
0.002449
0.001778
0.001853
0.002296
0.002662
0.001856
0.003741
0.001852
0.002056
0.001818
0.002192
0.001826
0.001803
0.001828
0.002001
0.001813
0.002053
0.001815
0.001826
0.001804
0.001805
0.002083
0.002999
0.001729
0.001804
0.001800
0.002330
0.002928
0.001856
0.001786
0.002166
0.001784
0.001660
0.003204
0.001785
0.001828
0.001775
0.001809
0.001771
0.001768
0.001894
0.002399
0.001777
0.003306
0.004571
0.002411
0.004576
0.003741
0.001765
0.001790
0.001759
0.003328
0.001777
0.002088
0.003571
0.004359
0.001754
0.002600
0.004290
0.001752
0.001697
0.004287
0.001811
0.001754
0.001799
0.001847
0.001789
0.002888
0.004484
0.001791
0.001787
0.001796
0.002320
0.001791
0.001792
0.001833
0.001679
0.001670
0.001756
0.002249
0.001705
0.001757
0.002374
0.001767
0.001642
0.001842
0.001826
0.001827
0.001846
0.002109
0.002214
0.001826
0.001966
0.001771
0.004312
0.001839
