0.000203
0.000193
0.000197
0.000393
0.000515
0.000460
0.000196
0.000196
0.000259
0.000212
0.000201
0.000195
0.000198
0.000203
0.000205
0.000223
0.000193
0.000284
0.000201
0.000198
0.000195
0.000209
0.000195
0.000197
0.000203
0.000205
0.000199
0.000196
0.000199
0.000225
0.000344
0.000195
0.000198
0.000199
0.000453
0.000464
0.000198
0.000199
0.000221
0.000423
0.000443
0.000202
0.000197
0.000216
0.000206
0.000200
0.000208
0.000198
0.000338
0.000205
0.000202
0.000247
0.000245
0.000285
0.000202
0.000199
0.000200
0.000199
0.000198
0.000196
0.000197
0.000196
0.000198
0.000201
0.000196
0.000293
0.000203
0.000197
0.000487
0.000197
0.000191
0.000200
0.000200
0.000233
0.000242
0.000252
0.000366
0.000411
0.000199
0.000195
0.000198
0.000190
0.000225
0.000464
0.000449
0.000462
0.000452
0.000458
0.000195
0.000195
0.000191
0.000197
0.000326
0.000454
0.000451
0.000200
0.000205
0.000274
0.000380
0.000198
0.000193
0.000200
0.000205
0.000196
0.000228
0.000234
0.000241
0.000198
0.000198
0.000205
0.000290
0.000212
0.000196
0.000275
0.000199
0.000198
0.000199
0.000199
0.000200
0.000199
0.000199
0.000195
0.000199
0.000196
0.000197
0.000199
0.000294
0.000231
0.000344
0.000341
0.000199
0.000196
0.000205
0.000198
0.000197
0.000207
0.000210
0.000197
0.000201
0.000196
0.000199
0.000202
0.000200
0.000459
0.000236
0.000236
0.000472
0.000304
0.000196
0.000282
0.000203
0.000197
0.000197
0.000451
0.000454
0.000197
0.000192
0.000204
0.000198
0.000196
0.000199
0.000224
0.000191
0.000199
0.000199
0.000252
0.000367
0.000198
0.000196
0.000455
0.000456
0.000452
0.000196
0.000203
0.000199
0.000393
0.000198
0.000255
0.000196
0.000327
0.000349
0.000199
0.000198
0.000223
0.000211
0.000195
0.000208
0.000198
0.000214
0.000194
0.000194
0.000198
0.000199
0.000460
0.000508
0.000538
0.000203
0.000232
0.000201
0.000200
0.000197
0.000199
0.000204
0.000200
0.000196
0.000199
0.000197
0.000194
0.000196
0.000194
0.000194
0.000195
0.000194
0.000201
0.000199
0.000199
0.000198
0.000297
0.000196
0.000193
0.000198
0.000198
0.000195
0.000456
0.000456
0.000496
0.000456
0.000200
0.000198
0.000262
0.000198
0.000194
0.000239
0.000376
0.000450
0.000198
0.000200
0.000211
0.000243
0.000196
0.000234
0.000230
0.000200
0.000197
0.000201
0.000198
0.000201
0.000201
0.000224
0.000196
0.000210
0.000198
0.000196
0.000202
0.000199
0.000261
0.000196
0.000232
0.000198
0.000197
0.000199
0.000206
0.000224
0.000202
0.000196
0.000199
0.000263
0.000266
0.000199
0.000197
0.000197
0.000198
0.000198
0.000196
0.000253
0.000256
0.000362
0.000201
0.000200
0.000201
0.000199
0.000206
0.000197
0.000200
0.000194
0.000195
0.000286
0.000202
0.000257
0.000254
0.000197
0.000196
0.000192
0.000195
0.000196
0.000191
0.000295
0.000205
0.000231
0.000307
0.000453
0.000461
0.000449
0.000455
0.000453
0.000195
0.000191
0.000197
0.000196
0.000195
0.000193
0.000198
0.000447
0.000195
0.000222
0.000196
0.000194
0.000198
0.000199
0.000202
0.000458
0.000196
0.000195
0.000348
0.000501
0.000225
0.000196
0.000267
0.000256
0.000263
0.000284
0.000200
0.000204
0.000200
0.000198
0.000195
0.000200
0.000197
0.000197
0.000340
0.000196
0.000456
0.000450
0.000443
0.000197
0.000205
0.000363
0.000463
0.000203
0.000244
0.000200
0.000194
0.000246
0.000393
0.000542
0.000445
0.000193
0.000198
0.000194
0.000194
0.000196
0.000252
0.000198
0.000195
0.000198
0.000208
0.000250
0.000442
0.000461
0.000445
0.000448
0.000236
0.000198
0.000196
0.000194
0.000197
0.000199
0.000199
0.000255
0.000201
0.000253
0.000394
0.000196
0.000197
0.000203
0.000454
0.000196
0.000200
0.000201
0.000203
0.000194
0.000198
0.000196
0.000290
0.000308
0.000200
0.000202
0.000203
0.000245
0.000196
0.000195
0.000196
0.000196
0.000195
0.000197
0.000199
0.000234
0.000199
0.000213
0.000197
0.000194
0.000196
0.000198
0.000198
0.000268
0.000236
0.000305
0.000197
0.000234
0.000196
0.000292
0.000244
0.000198
0.000194
0.000195
0.000258
0.000259
0.000197
0.000239
0.000198
0.000200
0.000500
0.000204
0.000347
0.000220
0.000196
0.000199
0.000199
0.000197
0.000276
0.000198
0.000209
0.000194
0.000197
0.000199
0.000196
0.000294
0.000192
0.000193
0.000195
0.000211
0.000245
0.000218
0.000209
0.000251
0.000505
0.000198
0.000196
0.000192
0.000195
0.000193
0.000192
0.000195
0.000240
0.000197
0.000196
0.000195
0.000213
0.000198
0.000193
0.000201
0.000198
0.000198
0.000201
0.000195
0.000199
0.000196
0.000194
0.000446
0.000198
0.000286
0.000447
0.000559
0.000197
0.000242
0.000239
0.000197
0.000326
0.000196
0.000200
0.000200
0.000271
0.000249
0.000343
0.000198
0.000197
0.000206
0.000197
0.000199
0.000197
0.000196
0.000241
0.000245
0.000243
0.000419
0.000447
0.000198
0.000193
0.000196
0.000293
0.000200
0.000195
0.000198
0.000259
0.000205
0.000259
0.000270
0.000248
0.000368
0.000199
0.000197
0.000198
0.000197
0.000202
0.000208
0.000282
0.000198
0.000198
0.000317
0.000304
0.000494
0.000580
0.000468
0.000199
0.000235
0.000197
0.000278
0.000227
0.000230
0.000239
0.000287
0.000455
0.000454
0.000453
0.000209
0.000246
0.000200
0.000194
0.000196
0.000215
0.000195
0.000201
0.000200
0.000199
0.000368
0.000219
0.000459
0.000198
0.000390
0.000351
0.000202
0.000199
0.000220
0.000201
0.000199
0.000206
0.000323
0.000200
0.000199
0.000202
0.000200
0.000466
0.000199
0.000198
0.000236
0.000198
0.000200
0.000195
0.000197
0.000328
0.000353
0.000232
0.000265
0.000202
0.000222
0.000198
0.000197
0.000203
0.000199
0.000219
0.000198
0.000195
0.000200
0.000196
0.000194
0.000346
0.000412
0.000464
0.000196
0.000222
0.000451
0.000205
0.000201
0.000202
0.000197
0.000315
0.000204
0.000199
0.000220
0.000296
0.000196
0.000196
0.000198
0.000204
0.000201
0.000201
0.000201
0.000201
0.000347
0.000197
0.000195
0.000196
0.000231
0.000197
0.000197
0.000597
0.000196
0.000201
0.000193
0.000196
0.000264
0.000264
0.000240
0.000200
0.000194
0.000201
0.000195
0.000191
0.000198
0.000267
0.000197
0.000199
0.000197
0.000270
0.000198
0.000452
0.000195
0.000205
0.000197
0.000197
0.000202
0.000207
0.000207
0.000199
0.000280
0.000210
0.000198
0.000197
0.000200
0.000196
0.000204
0.000212
0.000197
0.000199
0.000196
0.000295
0.000199
0.000195
0.000198
0.000195
0.000198
0.000205
0.000197
0.000200
0.000197
0.000199
0.000388
0.000198
0.000197
0.000370
0.000195
0.000195
0.000206
0.000225
0.000292
0.000501
0.000451
0.000461
0.000456
0.000467
0.000199
0.000204
0.000230
0.000226
0.000196
0.000195
0.000266
0.000198
0.000198
0.000203
0.000452
0.000444
0.000198
0.000199
0.000255
0.000196
0.000234
0.000196
0.000195
0.000191
0.000197
0.000202
0.000241
0.000230
0.000202
0.000225
0.000203
0.000197
0.000200
0.000193
0.000197
0.000202
0.000195
0.000191
0.000201
0.000198
0.000201
0.000222
0.000257
0.000194
0.000195
0.000328
0.000198
0.000196
0.000231
0.000199
0.000196
0.000195
0.000200
0.000214
0.000200
0.000265
0.000261
0.000456
0.000200
0.000198
0.000197
0.000208
0.000266
0.000356
0.000340
0.000203
0.000197
0.000202
0.000206
0.000205
0.000200
0.000194
0.000216
0.000261
0.000200
0.000247
0.000469
0.000211
0.000209
0.000196
0.000196
0.000200
0.000196
0.000227
0.000229
0.000204
0.000196
0.000200
0.000199
0.000198
0.000248
0.000324
0.000461
0.000198
0.000193
0.000208
0.000197
0.000254
0.000255
0.000202
0.000200
0.000197
0.000197
0.000230
0.000195
0.000196
0.000195
0.000203
0.000196
0.000197
0.000196
0.000196
0.000198
0.000197
0.000266
0.000200
0.000198
0.000198
0.000198
0.000207
0.000192
0.000198
0.000203
0.000198
0.000211
0.000198
0.000477
0.000460
0.000459
0.000455
0.000455
0.000194
0.000199
0.000271
0.000233
0.000233
0.000202
0.000197
0.000199
0.000194
0.000197
0.000206
0.000199
0.000425
0.000200
0.000193
0.000192
0.000196
0.000263
0.000262
0.000198
0.000204
0.000194
0.000196
0.000208
0.000241
0.000226
0.000198
0.000200
0.000197
0.000199
0.000198
0.000473
0.000453
0.000207
0.000266
0.000241
0.000468
0.000503
0.000464
0.000213
0.000212
0.000207
0.000196
0.000199
0.000202
0.000197
0.000197
0.000199
0.000197
0.000196
0.000197
0.000199
0.000197
0.000329
0.000202
0.000203
0.000207
0.000257
0.000205
0.000198
0.000219
0.000200
0.000199
0.000197
0.000217
0.000288
0.000415
0.000515
0.000195
0.000204
0.000230
0.000198
0.000202
0.000200
0.000196
0.000197
0.000196
0.000202
0.000199
0.000194
0.000205
0.000235
0.000243
0.000203
0.000247
0.000274
0.000197
0.000239
0.000197
0.000194
0.000196
0.000253
0.000205
0.000196
0.000271
0.000227
0.000242
0.000196
0.000197
0.000197
0.000218
0.000198
0.000192
0.000209
0.000201
0.000201
0.000199
0.000197
0.000234
0.000197
0.000246
0.000207
0.000202
0.000196
0.000329
0.000234
0.000280
0.000445
0.000490
0.000218
0.000350
0.000243
0.000207
0.000228
0.000199
0.000234
0.000199
0.000204
0.000237
0.000202
0.000636
0.000196
0.000197
0.000201
0.000209
0.000200
0.000201
0.000518
0.000218
0.000451
0.000198
0.000196
0.000446
0.000203
0.000196
0.000198
0.000205
0.000195
0.000205
0.000199
0.000200
0.000199
0.000204
0.000204
0.000195
0.000196
0.000198
0.000196
0.000335
0.000199
0.000196
0.000213
0.000196
0.000200
0.000197
0.000197
0.000193
0.000207
0.000200
0.000195
0.000199
0.000200
0.000201
0.000197
0.000275
0.000216
0.000195
0.000261
0.000201
0.000236
0.000200
0.000196
0.000361
