0.010901
0.006813
0.003026
0.005988
0.012501
0.003161
0.003874
0.003026
0.005247
0.008176
0.003479
0.002832
0.003396
0.003050
0.002993
0.006815
0.003344
0.003492
0.003432
0.003208
0.002910
0.003041
0.003727
0.005094
0.007188
0.003056
0.003108
0.002993
0.004056
0.003274
0.002929
0.003317
0.003525
0.004486
0.005400
0.004990
0.006319
0.007200
0.003429
0.003900
0.002184
0.006396
0.003274
0.002257
0.002823
0.002287
0.002418
0.003172
0.003173
0.003325
0.002862
0.002873
0.002869
0.003127
0.003543
0.003372
0.002801
0.004205
0.007398
0.008959
0.003352
0.005413
0.006531
0.003106
0.003331
0.003077
0.003636
0.002939
0.003370
0.002769
0.007085
0.008232
0.006776
0.002976
0.003867
0.007971
0.007865
0.003366
0.002837
0.003343
0.007071
0.003051
0.003088
0.003033
0.002869
0.003804
0.002987
0.002830
0.002927
0.002826
0.003496
0.002918
0.002873
0.003805
0.003595
0.002822
0.003615
0.003210
0.003109
0.003504
0.002848
0.003667
0.002845
0.003544
0.003029
0.003707
0.004244
0.002879
0.003162
0.003225
0.005378
0.003063
0.002944
0.003194
0.004170
0.004555
0.002711
0.003124
0.003332
0.004277
0.003498
0.002664
0.003383
0.005915
0.003008
0.004860
0.005711
0.007131
0.002870
0.004527
0.002660
0.002556
0.003754
0.002738
0.002886
0.003509
0.003022
0.003377
0.003741
0.004724
0.003041
0.003075
0.002782
0.003696
0.006916
0.007191
0.006798
0.002854
0.003876
0.004800
0.006132
0.002742
0.004530
0.002908
0.003204
0.007432
0.008017
0.002804
0.004070
0.003090
0.003035
0.003927
0.004791
0.005713
0.002727
0.004287
0.002941
0.003063
0.002724
0.003402
0.003085
0.003317
0.002907
0.006444
0.006711
0.007475
0.003020
0.003047
0.002971
0.002865
0.003683
0.003820
0.002578
0.002937
0.003381
0.002841
0.003259
0.002979
0.003166
0.003478
0.003573
0.003676
0.004036
0.006086
0.006973
0.002985
0.003004
0.002823
0.004061
0.004979
0.003030
0.003379
0.005334
0.003507
0.003174
0.002815
0.003282
0.002705
0.003033
0.003010
0.003469
0.003114
0.003163
0.003183
0.006969
0.003446
0.002781
0.003174
0.002713
0.002831
0.003996
0.003752
0.004640
0.002783
0.002948
0.003236
0.004589
0.003106
0.003029
0.006580
0.004352
0.002819
0.002857
0.003769
0.002717
0.003102
0.003628
0.003447
0.002770
0.003894
0.003324
0.004310
0.006038
0.006199
0.008967
0.007377
0.007429
0.002929
0.002856
0.003534
0.002886
0.003471
0.003028
0.003155
0.003153
0.003630
0.004622
0.006937
0.002966
0.003065
0.002964
0.004033
0.003424
0.003104
0.002809
0.003354
0.003458
0.004530
0.004670
0.003065
0.003141
0.003651
0.003024
0.003886
0.004788
0.003259
0.002740
0.004631
0.002689
0.002728
0.005260
0.002901
0.003211
0.003243
0.002798
0.003069
0.003769
0.002944
0.003432
0.004508
0.002957
0.002895
0.003592
0.003031
0.003685
0.004757
0.002988
0.004368
0.004510
0.003279
0.003280
0.004099
0.007440
0.004479
0.003224
0.003977
0.004721
0.003635
0.003498
0.003415
0.003266
0.002986
0.003548
0.003186
0.003423
0.003572
0.006858
0.005198
0.004251
0.004087
0.009956
0.002971
0.005340
0.003558
0.004593
0.006238
0.002852
0.003675
0.004113
0.005424
0.007600
0.007165
0.006787
0.007311
0.003410
0.002774
0.002653
0.003255
0.006039
0.003184
0.003463
0.002979
0.004533
0.003902
0.004553
0.004317
0.008707
0.007222
0.003025
0.003270
0.003998
0.002874
0.003801
0.003300
0.003564
0.003525
0.003057
0.003600
0.003857
0.004157
0.003235
0.004234
0.002907
0.003444
0.003022
0.003133
0.003543
0.006157
0.004530
0.003481
0.003073
0.002922
0.003287
0.006063
0.003899
0.002996
0.003046
0.002886
0.003017
0.003243
0.004858
0.007322
0.006907
0.006787
0.003161
0.003540
0.003375
0.002875
0.003071
0.003515
0.003422
0.003031
0.007680
0.007527
0.007026
0.003242
0.002921
0.003082
0.004432
0.002806
0.002891
0.003138
0.002924
0.004666
0.002964
0.003761
0.003816
0.003330
0.009540
0.003955
0.002866
0.003923
0.004644
0.003031
0.003734
0.002839
0.002666
0.003403
0.004050
0.006650
0.002757
0.002712
0.003330
0.002989
0.003071
0.004711
0.003350
0.003243
0.004794
0.003196
0.003354
0.003715
0.003209
0.002961
0.002771
0.004196
0.007561
0.008895
0.002944
0.003208
0.003157
0.003431
0.003353
0.003773
0.003950
0.003192
0.002995
0.003095
0.003725
0.002970
0.003563
0.002909
0.003275
0.003017
0.002876
0.004033
0.006047
0.003348
0.003476
0.006440
0.003194
0.002969
0.004375
0.002677
0.004023
0.003417
0.003229
0.002910
0.003624
0.003699
0.002675
0.003386
0.003423
0.004249
0.003855
0.004218
0.002779
0.002992
0.003280
0.007426
0.003138
0.002808
0.003903
0.006585
0.009295
0.002735
0.003003
0.003221
0.004719
0.005410
0.002960
0.002991
0.003842
0.003788
0.004981
0.004044
0.004760
0.009454
0.004658
0.009512
0.003240
0.003174
0.003266
0.003836
0.003239
0.004118
0.003011
0.005057
0.002907
0.003049
0.003507
0.003285
0.003883
0.003372
0.002743
0.003194
0.003475
0.005458
0.003018
0.006792
0.003126
0.003763
0.003109
0.003375
0.004448
0.003070
0.003678
0.003015
0.003215
0.002981
0.003822
0.003069
0.005385
0.002814
0.003500
0.003433
0.003428
0.003345
0.003039
0.003465
0.003351
0.004035
0.006652
0.007026
0.004400
0.002874
0.002933
0.004341
0.005478
0.005866
0.002762
0.003462
0.005654
0.003121
0.002873
0.002946
0.002641
0.002754
0.002849
0.003233
0.004271
0.007566
0.003421
0.005345
0.008791
0.002816
0.002781
0.002960
0.003879
0.003069
0.003115
0.003653
0.007257
0.008674
0.004216
0.003175
0.003658
0.002938
0.003223
0.003537
0.004712
0.005296
0.006067
0.003069
0.002776
0.003607
0.002922
0.003062
0.005485
0.002864
0.004633
0.003891
0.003795
0.006565
0.006882
0.002745
0.003089
0.003334
0.002893
0.003348
0.002722
0.002714
0.003286
0.004302
0.003020
0.002814
0.003594
0.003997
0.003702
0.002840
0.003616
0.003362
0.002886
0.003456
0.006868
0.002950
0.002980
0.002678
0.003271
0.006905
0.005139
0.003984
0.005739
0.004029
0.003442
0.003130
0.003678
0.003120
0.002982
0.003002
0.002836
0.003634
0.003896
0.003685
0.003537
0.002957
0.003594
0.003190
0.002889
0.002878
0.003470
0.002998
0.002813
0.003164
0.002869
0.002883
0.003612
0.003018
0.004025
0.004334
0.002900
0.006709
0.003453
0.002821
0.003320
0.002723
0.006836
0.006692
0.003003
0.002947
0.004250
0.007914
0.003044
0.002972
0.002823
0.003143
0.003026
0.003613
0.003483
0.003216
0.003310
0.003180
0.005762
0.003569
0.003076
0.003358
0.005277
0.006149
0.003243
0.003961
0.003380
0.002772
0.003192
0.003336
0.004335
0.003475
0.003127
0.004064
0.006550
0.004120
0.002936
0.003179
0.003133
0.002917
0.002761
0.002877
0.003396
0.003526
0.003139
0.002853
0.002930
0.002646
0.002712
0.003022
0.002960
0.002744
0.002869
0.004721
0.005754
0.002804
0.003868
0.004161
0.007021
0.003088
0.002899
0.003708
0.003225
0.003336
0.003567
0.003253
0.004266
0.003800
0.003228
0.003315
0.004162
0.007116
0.003045
0.002648
0.002990
0.002473
0.004409
0.002732
0.003739
0.002644
0.003229
0.003215
0.002948
0.003080
0.003064
0.002719
0.003359
0.007200
0.003257
0.002950
0.002736
0.002891
0.003439
0.003343
0.003278
0.003429
0.003424
0.003367
0.004300
0.002854
0.003921
0.004526
0.002989
0.003616
0.002796
0.003260
0.004460
0.004140
0.002876
0.003159
0.002940
0.002938
0.002860
0.002806
0.003296
0.004075
0.004780
0.006307
0.008021
0.002796
0.002968
0.003274
0.003054
0.003886
0.004914
0.003887
0.003803
0.006486
0.006981
0.002919
0.003517
0.003203
0.006518
0.003225
0.004194
0.003055
0.003289
0.003212
0.005172
0.003075
0.004088
0.003730
0.003358
0.002879
0.004080
0.003356
0.003199
0.003159
0.005660
0.002970
0.002943
0.003700
0.003966
0.002886
0.005630
0.003652
0.003284
0.004283
0.002992
0.003127
0.004731
0.003475
0.004181
0.004064
0.002808
0.003016
0.002895
0.003721
0.004221
0.006622
0.010859
0.002939
0.003201
0.004253
0.002852
0.004280
0.005359
0.002957
0.003267
0.003470
0.003435
0.003675
0.003451
0.008821
0.007171
0.002875
0.002985
0.002909
0.002953
0.003287
0.003088
0.005059
0.006669
0.006597
0.003305
0.003192
0.003183
0.003891
0.002667
0.003218
0.003078
0.006670
0.003782
0.002905
0.005131
0.005270
0.007305
0.007084
0.009119
0.011263
0.003555
0.004132
0.002826
0.003496
0.003410
0.002890
0.003529
0.003548
0.005787
0.004005
0.003138
0.003703
0.004198
0.010308
0.008114
0.002890
0.003342
0.002844
0.003814
0.003466
0.003026
0.006559
0.003397
0.005587
0.003618
0.003090
0.003368
0.003422
0.006304
0.002785
0.003194
0.003170
0.004156
0.002816
0.003784
0.002841
0.002873
0.003186
0.003041
0.002993
0.004587
0.003186
0.003427
0.003716
0.003724
0.003439
0.004647
0.003031
0.007521
0.002995
0.003391
0.003417
0.003401
0.003029
0.009068
0.003080
0.002955
0.003858
0.002903
0.004431
0.006202
0.003475
0.003857
0.002835
0.002781
0.003094
0.004080
0.002761
0.003490
0.002897
0.003622
0.003290
0.004699
0.003027
0.002838
0.002859
0.002948
0.002952
0.003568
0.002959
0.007884
0.003131
0.003285
0.007032
0.008764
0.003334
0.010643
0.003503
0.004850
0.003502
0.005732
0.003042
0.003517
0.005213
0.009225
0.004901
0.002841
0.003825
0.008859
0.003082
0.002943
0.003054
0.002759
0.003724
0.003010
0.002907
0.002857
0.004158
0.007630
0.003407
0.002726
0.002797
0.004220
0.003736
0.002740
0.004069
0.003470
0.003032
0.003491
0.004609
0.002981
0.004337
0.003073
0.004179
0.003194
0.002829
0.002922
0.003072
0.003654
0.003824
0.004078
0.003057
0.003783
0.002868
0.003302
0.003017
