0.018637
0.017912
0.017487
0.016570
0.018011
0.018026
0.017042
0.018286
0.020050
0.015756
0.016157
0.017463
0.016106
0.016240
0.017088
0.016562
0.021854
0.015537
0.020620
0.017402
0.018584
0.015779
0.016346
0.016865
0.018034
0.018379
0.016878
0.015798
0.017184
0.021233
0.017499
0.016156
0.018157
0.020343
0.019958
0.016069
0.020201
0.017125
0.017204
0.016677
0.017531
0.018655
0.018219
0.016345
0.015112
0.017682
0.022043
0.018065
0.016672
0.018909
0.017092
0.016611
0.025261
0.017851
0.017650
0.015422
0.016848
0.019389
0.017872
0.016573
0.015190
0.017032
0.015808
0.016442
0.016655
0.017754
0.015472
0.016822
0.016238
0.017604
0.017320
0.017049
0.018468
0.021818
0.018387
0.016903
0.021209
0.015753
0.015763
0.014843
0.016403
0.019275
0.018356
0.017100
0.018699
0.019236
0.017424
0.018841
0.019583
0.016993
0.017883
0.019871
0.017805
0.020881
0.016683
0.017326
0.016815
0.021547
0.016577
0.020382
0.017995
0.019542
0.021957
0.017656
0.015695
0.015642
0.018856
0.019263
0.018800
0.017087
0.018519
0.016398
0.021344
0.017965
0.018010
0.021991
0.018188
0.019588
0.019014
0.018006
0.021795
0.017662
0.019220
0.019760
0.019406
0.017494
0.016211
0.020118
0.017901
0.020580
0.016065
0.016153
0.017073
0.016270
0.018152
0.016740
0.019651
0.016092
0.019173
0.017843
0.018302
0.019908
0.017635
0.020068
0.018365
0.015629
0.016623
0.015963
0.015399
0.019925
0.019217
0.015831
0.017562
0.016668
0.016787
0.016715
0.016986
0.017554
0.018166
0.015776
0.016277
0.018371
0.017267
0.017843
0.017672
0.017631
0.018798
0.016492
0.016744
0.020724
0.018645
0.017428
0.017317
0.015843
0.017952
0.018502
0.016409
0.016566
0.017016
0.017985
0.017135
0.018019
0.016171
0.018204
0.018211
0.016459
0.016244
0.018122
0.016233
0.016996
0.019206
0.016302
0.017545
0.017084
0.017962
0.017631
0.020636
0.017617
0.020710
0.018686
0.019676
0.018194
0.021531
0.018680
0.021683
0.018944
0.018683
0.016506
0.017153
0.016899
0.016030
0.016872
0.015834
0.017240
0.017096
0.018010
0.016305
0.017915
0.020056
0.023276
0.017822
0.017194
0.016255
0.017630
0.017893
0.019773
0.017041
0.019121
0.017126
0.019956
0.019286
0.019152
0.020160
0.017556
0.018469
0.018596
0.019136
0.017270
0.017635
0.017418
0.017033
0.018354
0.017290
0.017545
0.016994
0.016768
0.019448
0.020404
0.017605
0.019713
0.019512
0.021198
0.018005
0.020377
0.018110
0.018986
0.018477
0.019961
0.018191
0.020028
0.020050
0.019969
0.020704
0.017745
0.016839
0.017301
0.018234
0.015794
0.019573
0.016860
0.015557
0.016967
0.017266
0.015897
0.021277
0.016595
0.018070
0.016423
0.016310
0.017790
0.021969
0.017684
0.016270
0.020877
0.015945
0.020546
0.016459
0.017239
0.018037
0.019099
0.020495
0.018815
0.019892
0.021292
0.018188
0.029337
0.020580
0.019297
0.017940
0.017609
0.016517
0.017142
0.016418
0.016189
0.019183
0.015980
0.016819
0.018657
0.017377
0.016991
0.017693
0.017118
0.017093
0.016638
0.016551
0.016859
0.016693
0.018599
0.016622
0.016458
0.016568
0.017317
0.017241
0.019795
0.016277
0.020275
0.017597
0.016529
0.016577
0.018560
0.016086
0.017448
0.017189
0.015945
0.017096
0.017727
0.018088
0.018708
0.018095
0.015673
0.018769
0.016406
0.020654
0.019734
0.017840
0.016920
0.020004
0.019771
0.016216
0.016344
0.020724
0.018115
0.016528
0.018127
0.018378
0.018271
0.017006
0.017182
0.018102
0.016608
0.016147
0.018706
0.017628
0.016800
0.017314
0.022229
0.018753
0.017056
0.018581
0.017506
0.017784
0.015727
0.016730
0.016554
0.017175
0.015880
0.016239
0.015564
0.018330
0.017409
0.018229
0.016801
0.018455
0.017887
0.021239
0.018012
0.017720
0.016673
0.016602
0.017038
0.015793
0.017323
0.017184
0.016440
0.016845
0.016693
0.017369
0.017338
0.015855
0.016037
0.017377
0.019854
0.021960
0.019611
0.016722
0.017718
0.017510
0.017381
0.016167
0.016933
0.016271
0.015922
0.017236
0.016261
0.017901
0.018987
0.017269
0.018267
0.021377
0.020237
0.017258
0.017022
0.017909
0.019185
0.018092
0.016954
0.015660
0.018160
0.022744
0.017989
0.017045
0.017612
0.018246
0.016443
0.016339
0.016919
0.020161
0.016325
0.021136
0.017949
0.016635
0.027419
0.018211
0.020059
0.016564
0.017890
0.017512
0.016293
0.018233
0.020112
0.016509
0.017493
0.023493
0.024359
0.016412
0.018033
0.017584
0.023095
0.017990
0.016615
0.017602
0.019330
0.016635
0.018199
0.016355
0.017668
0.017901
0.017623
0.017693
0.017217
0.018611
0.019072
0.018197
0.018715
0.017045
0.016996
0.017305
0.015757
0.017964
0.016839
0.016509
0.016295
0.016393
0.021324
0.017455
0.016621
0.017344
0.016348
0.016392
0.021647
0.016383
0.020177
0.016991
0.017192
0.019833
0.016387
0.018833
0.016659
0.017408
0.016074
0.018694
0.016671
0.016227
0.016550
0.019674
0.019108
0.019299
0.018036
0.015798
0.017872
0.018511
0.021519
0.034877
0.018949
0.021116
0.017536
0.016631
0.017489
0.017068
0.017796
0.018169
0.018316
0.017689
0.017849
0.021607
0.019972
0.018682
0.020557
0.017234
0.016246
0.019852
0.020604
0.016532
0.016574
0.017446
0.017341
0.016678
0.018542
0.017216
0.016242
0.016487
0.015796
0.017912
0.015266
0.018810
0.016662
0.017895
0.017150
0.017314
0.018026
0.016976
0.017507
0.016935
0.016997
0.017198
0.017663
0.017417
0.016264
0.017218
0.018030
0.019795
0.018279
0.017324
0.016963
0.017439
0.016722
0.020591
0.018266
0.020707
0.017907
0.018638
0.020244
0.019479
0.017716
0.020833
0.019304
0.017596
0.019520
0.016915
0.016288
0.019647
0.017749
0.016115
0.017471
0.016275
0.017296
0.016305
0.016558
0.020667
0.016450
0.017376
0.016785
0.020015
0.018416
0.023491
0.017504
0.017132
0.016030
0.018757
0.016997
0.018975
0.021234
0.020125
0.017662
0.017205
0.018263
0.019987
0.016440
0.017107
0.018152
0.018750
0.016936
0.018476
0.017170
0.018213
0.024088
0.015978
0.019251
0.018075
0.017397
0.016879
0.017483
0.016290
0.017691
0.016249
0.018887
0.017787
0.016180
0.016926
0.018829
0.018262
0.018170
0.017374
0.017024
0.016040
0.018910
0.015357
0.016358
0.019679
0.018074
0.016784
0.016158
0.019717
0.017373
0.017632
0.016684
0.017727
0.018091
0.017748
0.017146
0.017339
0.018666
0.017823
0.018215
0.021652
0.018080
0.017591
0.016799
0.019497
0.016313
0.016888
0.018130
0.021928
0.017775
0.016921
0.017186
0.019836
0.018980
0.015928
0.015659
0.015647
0.016651
0.015977
0.015404
0.017867
0.016810
0.017292
0.016695
0.014929
0.017961
0.023165
0.016369
0.016393
0.017710
0.016255
0.020115
0.016706
0.016637
0.016374
0.017642
0.017050
0.018885
0.019113
0.017736
0.017628
0.016243
0.016352
0.018480
0.017792
0.017819
0.017377
0.016731
0.016471
0.017261
0.017025
0.016939
0.017504
0.016636
0.019781
0.020750
0.015784
0.017015
0.018502
0.016903
0.016862
0.017027
0.019555
0.018584
0.015088
0.017952
0.020322
0.023615
0.021307
0.017045
0.017610
0.017962
0.019777
0.017906
0.016758
0.018361
0.017113
0.019772
0.022503
0.019021
0.017615
0.018231
0.015850
0.017982
0.016800
0.017077
0.016640
0.019959
0.017947
0.018147
0.016781
0.016447
0.018042
0.016525
0.015816
0.018510
0.018949
0.016620
0.016707
0.017833
0.017010
0.016799
0.017007
0.016999
0.018084
0.016998
0.018809
0.017854
0.018898
0.019256
0.018533
0.020953
0.023045
0.018104
0.020810
0.022741
0.017300
0.017374
0.021932
0.015897
0.017671
0.018088
0.018132
0.016854
0.018831
0.018058
0.018955
0.016467
0.018681
0.017522
0.016830
0.017607
0.019435
0.017618
0.018940
0.018404
0.016565
0.015889
0.016769
0.018047
0.015896
0.017770
0.015506
0.016493
0.016756
0.017648
0.022555
0.017392
0.021490
0.017869
0.018830
0.018623
0.017940
0.021535
0.016669
0.020618
0.017848
0.016363
0.017608
0.019147
0.017506
0.015915
0.016459
0.020712
0.017495
0.019545
0.020923
0.019330
0.018619
0.016088
0.016369
0.020805
0.018045
0.018008
0.016554
0.017539
0.017422
0.017540
0.017464
0.019231
0.015708
0.018571
0.016617
0.016563
0.016438
0.018314
0.019458
0.016390
0.019634
0.017098
0.019479
0.022272
0.017332
0.020742
0.016417
0.016805
0.019099
0.021794
0.018874
0.018159
0.020663
0.017426
0.017323
0.017048
0.017070
0.016481
0.016001
0.017777
0.018921
0.016986
0.015951
0.016187
0.016975
0.019849
0.017470
0.018559
0.019082
0.018279
0.016749
0.015239
0.019811
0.021007
0.017811
0.017377
0.022568
0.018549
0.018147
0.017097
0.021763
0.017781
0.018584
0.019415
0.016330
0.017867
0.018161
0.017045
0.017955
0.017952
0.016825
0.016090
0.018850
0.017032
0.018222
0.017308
0.021229
0.016150
0.017763
0.016968
0.019891
0.016856
0.019176
0.018770
0.018295
0.016036
0.019720
0.017406
0.018065
0.018271
0.017733
0.017447
0.017624
0.017645
0.016970
0.018494
0.020821
0.020084
0.021431
0.016970
0.015970
0.019578
0.017545
0.017508
0.018966
0.017900
0.017468
0.016317
0.019014
0.016676
0.017646
0.019360
0.022324
0.016749
0.018233
0.020261
0.017617
0.017645
0.018753
0.020675
0.021351
0.017229
0.019146
0.018481
0.019472
0.020674
0.021921
0.020127
0.019474
0.018952
0.018463
0.023320
0.020122
0.018382
0.018326
0.019341
0.015844
0.016324
0.016489
0.015684
0.015566
0.016099
0.019165
0.015682
0.017187
0.016017
0.019161
0.017853
0.017871
0.016960
0.018401
0.016034
0.016794
0.016175
0.016703
0.020493
0.017231
0.016632
0.019348
0.017066
0.017835
0.016746
0.023228
0.016905
0.020239
0.018266
0.017919
0.016836
0.021304
0.018913
0.016424
0.016986
0.021283
0.019606
0.015389
0.018258
0.023765
0.018548
