0.020733
0.020847
0.022811
0.020825
0.021556
0.026400
0.024517
0.020664
0.023759
0.023190
0.020384
0.021189
0.020453
0.020303
0.020496
0.021467
0.021052
0.022460
0.020555
0.023915
0.020207
0.020487
0.022723
0.020221
0.020696
0.020382
0.020409
0.020233
0.020994
0.022720
0.021808
0.021387
0.023289
0.020335
0.021610
0.020396
0.020281
0.020309
0.023346
0.026480
0.020201
0.027867
0.020162
0.022660
0.020153
0.020421
0.020934
0.026917
0.020167
0.023121
0.020916
0.020704
0.028534
0.020566
0.020243
0.024675
0.023019
0.027322
0.020663
0.024886
0.026176
0.020361
0.022984
0.026875
0.020402
0.020459
0.020531
0.023186
0.020560
0.020766
0.020352
0.025073
0.023993
0.030159
0.020993
0.020430
0.025494
0.024465
0.020101
0.020243
0.022231
0.027292
0.023879
0.020330
0.021457
0.020224
0.020992
0.020736
0.020620
0.023661
0.021955
0.021159
0.020506
0.020460
0.020086
0.022402
0.020087
0.020016
0.022702
0.020432
0.025697
0.020209
0.021781
0.020585
0.023661
0.025309
0.020467
0.020939
0.020824
0.020713
0.022974
0.022462
0.023327
0.020928
0.020232
0.027234
0.020365
0.020124
0.020575
0.020288
0.022121
0.024729
0.020780
0.022836
0.020498
0.020344
0.020570
0.020181
0.024374
0.020196
0.020242
0.020231
0.021073
0.020326
0.020283
0.020924
0.019968
0.022757
0.022429
0.022757
0.024467
0.020368
0.020298
0.020484
0.024185
0.019969
0.024130
0.023091
0.020630
0.020385
0.020418
0.023332
0.020543
0.020702
0.027486
0.024253
0.020436
0.023060
0.020913
0.024666
0.025917
0.020463
0.020518
0.020710
0.023461
0.020550
0.021492
0.023533
0.022412
0.024513
0.020671
0.020891
0.019975
0.022922
0.023286
0.020346
0.022686
0.023121
0.022127
0.020161
0.021859
0.021773
0.020106
0.019955
0.024084
0.022291
0.021453
0.020745
0.020206
0.020895
0.024952
0.020041
0.020195
0.020647
0.020812
0.027143
0.021043
0.024753
0.020303
0.021053
0.022842
0.022111
0.020192
0.022311
0.025004
0.020415
0.020301
0.025587
0.020402
0.020253
0.022137
0.020307
0.020033
0.023530
0.020115
0.024794
0.020510
0.025342
0.025359
0.020764
0.020679
0.021484
0.022513
0.020742
0.021143
0.021052
0.021107
0.020486
0.020408
0.021833
0.020433
0.020350
0.021486
0.021496
0.020569
0.020571
0.020636
0.020623
0.022134
0.020982
0.020557
0.020833
0.020654
0.020535
0.020390
0.020499
0.020615
0.020141
0.020622
0.020486
0.022921
0.023941
0.020113
0.020835
0.020068
0.020209
0.020394
0.020779
0.023220
0.022990
0.020199
0.020752
0.020763
0.020390
0.024503
0.022456
0.020114
0.020155
0.028573
0.022440
0.020975
0.020551
0.020640
0.020974
0.025277
0.024759
0.026230
0.020306
0.020630
0.021905
0.030263
0.022659
0.025574
0.024205
0.022654
0.022997
0.023730
0.025086
0.020486
0.023587
0.027486
0.020780
0.023081
0.021938
0.025766
0.023649
0.026173
0.020593
0.020652
0.021461
0.020187
0.020774
0.023034
0.022757
0.020560
0.020294
0.026024
0.020399
0.024388
0.021797
0.020438
0.022297
0.020817
0.022126
0.020793
0.021124
0.020144
0.021042
0.020966
0.020965
0.025051
0.025074
0.023552
0.022881
0.020895
0.020604
0.020512
0.022539
0.022164
0.019993
0.020274
0.023305
0.020636
0.020719
0.020381
0.020439
0.020631
0.025208
0.020345
0.023019
0.026395
0.026397
0.022488
0.022515
0.026859
0.022419
0.020155
0.020671
0.020101
0.023650
0.020338
0.020395
0.020395
0.021440
0.020167
0.023107
0.022280
0.026179
0.020087
0.025775
0.020446
0.020242
0.024433
0.020545
0.022245
0.027760
0.020176
0.022440
0.021704
0.022684
0.020370
0.022672
0.020809
0.020409
0.020417
0.021228
0.021073
0.021059
0.020808
0.020315
0.022371
0.023862
0.020443
0.020481
0.020684
0.023005
0.023121
0.020129
0.020035
0.020783
0.024714
0.022473
0.020678
0.020475
0.022171
0.023044
0.022411
0.024358
0.020751
0.024017
0.020598
0.025560
0.020287
0.020103
0.020209
0.025219
0.020622
0.025263
0.020128
0.020807
0.022947
0.020420
0.022859
0.020502
0.020495
0.021435
0.023318
0.021636
0.026038
0.026074
0.020495
0.020455
0.023936
0.020497
0.021606
0.028406
0.020770
0.020517
0.020360
0.020806
0.020037
0.020503
0.021108
0.020060
0.023813
0.022214
0.023350
0.023628
0.021689
0.020445
0.020464
0.021834
0.020830
0.025867
0.022011
0.022027
0.020452
0.020373
0.021095
0.024011
0.020410
0.022829
0.020298
0.023376
0.019934
0.021748
0.023968
0.020744
0.022901
0.024136
0.026324
0.020460
0.020951
0.022885
0.020785
0.019995
0.022764
0.020504
0.021037
0.021874
0.020729
0.020513
0.022811
0.022978
0.021246
0.020656
0.024575
0.020750
0.021590
0.025571
0.023083
0.025000
0.022140
0.029158
0.021005
0.021477
0.020170
0.020642
0.020421
0.021537
0.020460
0.021112
0.020909
0.020256
0.020230
0.020304
0.020323
0.020167
0.020445
0.020524
0.021186
0.021063
0.020001
0.022890
0.019933
0.021271
0.024390
0.022254
0.022278
0.021579
0.025190
0.021829
0.026480
0.021508
0.027531
0.025404
0.020414
0.023556
0.022257
0.020283
0.021118
0.021141
0.025197
0.020654
0.021923
0.024559
0.026357
0.020600
0.020340
0.020324
0.020677
0.025509
0.020903
0.020205
0.020481
0.020142
0.020425
0.023971
0.020570
0.020538
0.022862
0.020223
0.024024
0.020404
0.020542
0.020759
0.021830
0.023374
0.023581
0.021199
0.020309
0.020234
0.022883
0.020509
0.020339
0.024818
0.020034
0.020338
0.022161
0.021218
0.022337
0.022158
0.020460
0.020671
0.020825
0.021033
0.020713
0.023210
0.020711
0.022717
0.020400
0.021178
0.023682
0.022016
0.020374
0.020401
0.025251
0.020232
0.025275
0.019994
0.020501
0.020030
0.020803
0.022722
0.023975
0.021569
0.020616
0.020201
0.020420
0.020982
0.020930
0.020220
0.028804
0.025182
0.020053
0.020304
0.026942
0.021539
0.021550
0.024092
0.023715
0.024419
0.025778
0.020925
0.020214
0.021452
0.022993
0.022172
0.020354
0.022480
0.022683
0.020346
0.023577
0.020777
0.020489
0.024974
0.020553
0.023055
0.027809
0.020736
0.020711
0.020099
0.020695
0.022509
0.025438
0.020596
0.020094
0.022008
0.023432
0.022192
0.020763
0.020046
0.024083
0.025864
0.020733
0.026885
0.021945
0.021718
0.021386
0.025853
0.021651
0.020551
0.027532
0.024435
0.026850
0.020552
0.021093
0.024496
0.024737
0.021580
0.021947
0.020046
0.020307
0.020295
0.027131
0.021111
0.026367
0.020477
0.020247
0.020284
0.020828
0.020452
0.024512
0.021369
0.021371
0.023697
0.022856
0.021636
0.020989
0.020569
0.020222
0.020098
0.020469
0.022576
0.021802
0.020743
0.020256
0.023524
0.020066
0.020534
0.020836
0.022529
0.020555
0.026955
0.020999
0.022221
0.023033
0.021975
0.020174
0.020475
0.020220
0.020120
0.027416
0.020333
0.020565
0.020242
0.020137
0.021808
0.020901
0.020809
0.023616
0.020712
0.020461
0.020132
0.019901
0.022638
0.020367
0.022049
0.020993
0.022039
0.020376
0.020683
0.022405
0.020318
0.020500
0.022650
0.020988
0.020326
0.020249
0.021953
0.020740
0.023451
0.020618
0.022019
0.026048
0.023672
0.020497
0.022151
0.023687
0.020245
0.020805
0.020425
0.021227
0.021939
0.022566
0.020124
0.022895
0.024525
0.019978
0.020374
0.020385
0.020524
0.020297
0.020509
0.020331
0.020830
0.020281
0.025491
0.020314
0.020877
0.020952
0.024289
0.020404
0.021385
0.025533
0.022623
0.020625
0.020349
0.020290
0.020223
0.023469
0.023642
0.025413
0.019981
0.021870
0.020279
0.020698
0.020634
0.020221
0.020570
0.022501
0.021410
0.022399
0.020700
0.020611
0.020778
0.020828
0.024489
0.020321
0.028446
0.020423
0.020904
0.024748
0.023497
0.022547
0.020034
0.025087
0.020109
0.020004
0.021861
0.023024
0.020475
0.020521
0.020448
0.025297
0.021831
0.023994
0.020382
0.022261
0.022572
0.020775
0.020265
0.026181
0.020515
0.025959
0.020695
0.020879
0.020429
0.020523
0.022546
0.020144
0.020861
0.020542
0.032588
0.023971
0.023504
0.022876
0.020135
0.021377
0.026910
0.020546
0.020244
0.023743
0.020473
0.022205
0.021695
0.020329
0.027342
0.022754
0.020080
0.020268
0.020503
0.020709
0.020654
0.020568
0.020271
0.020060
0.020302
0.021590
0.023037
0.020508
0.025585
0.027133
0.022622
0.020263
0.020245
0.020475
0.020327
0.020413
0.020664
0.020830
0.020637
0.020283
0.024125
0.020547
0.022770
0.021669
0.020381
0.023877
0.020300
0.020872
0.021789
0.022054
0.020528
0.020124
0.022801
0.020441
0.021364
0.022594
0.020495
0.025242
0.020150
0.021431
0.023739
0.020559
0.020539
0.025623
0.020933
0.020596
0.022142
0.020231
0.022720
0.022553
0.021495
0.021211
0.024434
0.020766
0.020588
0.021443
0.023250
0.025117
0.020605
0.022624
0.020369
0.022485
0.025278
0.021513
0.023465
0.021466
0.020817
0.020433
0.025918
0.020979
0.020509
0.022600
0.020104
0.020686
0.020430
0.024561
0.020923
0.025953
0.021754
0.021663
0.020221
0.022465
0.020550
0.021738
0.022168
0.020329
0.020308
0.022253
0.024317
0.020363
0.021779
0.021063
0.020332
0.020247
0.023190
0.021065
0.022138
0.025329
0.020526
0.023668
0.025526
0.027108
0.021317
0.022701
0.024431
0.020970
0.020594
0.022098
0.021665
0.020841
0.021073
0.025176
0.024481
0.023155
0.025709
0.022178
0.026083
0.022396
0.026921
0.021989
0.021900
0.022478
0.021330
0.021347
0.020147
0.020366
0.020482
0.021588
0.020453
0.025936
0.020209
0.024383
0.022291
0.020182
0.023340
0.022654
0.020965
0.020807
0.020327
0.020308
0.020381
0.020341
0.020305
0.020508
0.026292
0.022505
0.022565
0.020888
0.020227
0.021380
0.022945
0.020022
0.022837
0.020421
0.020283
0.021459
0.020221
0.022376
0.020755
0.024258
0.020247
0.025322
0.023419
0.025829
0.020174
0.020348
0.020250
