0.002227
0.002265
0.002446
0.004474
0.008953
0.005333
0.002358
0.002241
0.002440
0.003414
0.002500
0.002242
0.002468
0.003073
0.003017
0.002909
0.002318
0.010673
0.002621
0.002236
0.002250
0.002956
0.002183
0.002210
0.002287
0.002688
0.002224
0.002234
0.002033
0.002370
0.003874
0.001993
0.002650
0.002008
0.004782
0.007000
0.002316
0.002028
0.002573
0.004707
0.005080
0.002068
0.002340
0.004545
0.002595
0.002289
0.002624
0.002672
0.003945
0.002522
0.002396
0.002611
0.003113
0.003559
0.002239
0.002219
0.002801
0.002260
0.002173
0.002200
0.002044
0.002080
0.002182
0.002184
0.002239
0.003148
0.001926
0.001636
0.004046
0.001756
0.001686
0.001898
0.001703
0.001907
0.001678
0.002122
0.002388
0.005121
0.002063
0.002821
0.002140
0.002135
0.002618
0.005278
0.004782
0.006406
0.004763
0.005486
0.001971
0.002173
0.001913
0.001865
0.003457
0.003905
0.004661
0.002116
0.003112
0.003073
0.004216
0.002358
0.002222
0.002102
0.002193
0.002425
0.002665
0.002772
0.003209
0.002238
0.002019
0.002558
0.003044
0.003487
0.002176
0.003064
0.002487
0.002256
0.002116
0.002278
0.002125
0.002243
0.002094
0.002165
0.002213
0.002130
0.002189
0.002191
0.003136
0.002722
0.004136
0.003848
0.001970
0.001838
0.002667
0.001878
0.001879
0.002930
0.002288
0.001990
0.002305
0.001963
0.002169
0.002327
0.002553
0.004415
0.002214
0.002865
0.005874
0.003018
0.002380
0.003255
0.002489
0.002623
0.002320
0.005554
0.005519
0.002253
0.002299
0.002260
0.002303
0.002473
0.002240
0.002166
0.002167
0.002135
0.002984
0.003082
0.004435
0.002274
0.002458
0.006189
0.005703
0.006109
0.002239
0.002237
0.002285
0.004316
0.002387
0.003684
0.002358
0.002253
0.004523
0.002678
0.002329
0.002019
0.002409
0.002036
0.002652
0.002205
0.002292
0.002290
0.002276
0.002371
0.002308
0.005443
0.006541
0.006322
0.002753
0.002373
0.002463
0.002561
0.002459
0.002391
0.002336
0.002355
0.002277
0.002518
0.002352
0.002257
0.002273
0.002226
0.002154
0.002233
0.002373
0.002644
0.003000
0.002483
0.002155
0.002948
0.001931
0.001948
0.001846
0.001800
0.001905
0.005282
0.005480
0.006050
0.004930
0.001956
0.002282
0.003065
0.002268
0.001989
0.002914
0.003993
0.005554
0.002536
0.002355
0.002373
0.002995
0.002402
0.003275
0.002837
0.001749
0.002360
0.002927
0.002236
0.002448
0.002498
0.004172
0.002205
0.002356
0.002124
0.002524
0.002324
0.002445
0.002737
0.002037
0.002792
0.002288
0.002264
0.002223
0.002531
0.002573
0.002793
0.002224
0.002182
0.003127
0.002502
0.002516
0.002171
0.002210
0.002355
0.002403
0.002171
0.003056
0.003276
0.004288
0.002477
0.002281
0.002170
0.002678
0.002382
0.002387
0.001913
0.001859
0.001667
0.003440
0.002096
0.003781
0.002487
0.002589
0.002509
0.002624
0.002452
0.002546
0.002411
0.002793
0.002823
0.002798
0.004165
0.005236
0.005159
0.005223
0.006053
0.005707
0.002707
0.002272
0.002460
0.002285
0.002356
0.002307
0.002644
0.005734
0.002377
0.002627
0.002363
0.001139
0.001565
0.001481
0.001609
0.003647
0.002490
0.002546
0.003799
0.005295
0.002820
0.002498
0.002766
0.003198
0.003044
0.003680
0.002118
0.002545
0.002720
0.004409
0.002401
0.002533
0.002198
0.002650
0.003384
0.002339
0.006044
0.006034
0.005580
0.002353
0.003677
0.004435
0.005555
0.002965
0.002883
0.002539
0.002477
0.002967
0.003511
0.005453
0.005447
0.002499
0.002477
0.002197
0.002436
0.002301
0.003081
0.002377
0.002378
0.002324
0.002797
0.003398
0.005055
0.006133
0.005418
0.007604
0.002879
0.002332
0.002408
0.002250
0.002286
0.002379
0.002968
0.002884
0.002229
0.002451
0.004490
0.002254
0.002092
0.002287
0.005820
0.002293
0.002236
0.002404
0.002866
0.002062
0.002450
0.002259
0.002310
0.003581
0.002519
0.002876
0.002155
0.001929
0.002115
0.002360
0.002292
0.002290
0.002256
0.002375
0.002284
0.002226
0.001863
0.001840
0.001864
0.001736
0.001871
0.002333
0.002120
0.013911
0.002331
0.006304
0.002174
0.002347
0.002243
0.002905
0.002661
0.002223
0.002198
0.002355
0.003048
0.003155
0.002649
0.002442
0.002743
0.002546
0.006786
0.002303
0.003868
0.002615
0.002686
0.002650
0.002456
0.002305
0.002522
0.002272
0.002543
0.002497
0.002346
0.002388
0.002579
0.003178
0.002222
0.002186
0.002339
0.003049
0.007312
0.005267
0.002993
0.005614
0.007772
0.002255
0.001912
0.001746
0.001810
0.001921
0.001954
0.002148
0.002596
0.001954
0.001966
0.001903
0.002825
0.002468
0.002420
0.001944
0.003096
0.002128
0.002278
0.002351
0.002241
0.002275
0.002327
0.005114
0.002181
0.003758
0.004657
0.005246
0.002240
0.002798
0.002945
0.002293
0.004037
0.002346
0.002429
0.002452
0.003005
0.002814
0.003601
0.002309
0.002213
0.002999
0.002062
0.002408
0.002269
0.002158
0.002744
0.002870
0.002662
0.004625
0.005052
0.002112
0.002101
0.002014
0.003378
0.002273
0.002103
0.002232
0.006600
0.003209
0.003523
0.005099
0.008023
0.011393
0.002461
0.002679
0.002352
0.002563
0.002464
0.003110
0.006329
0.002464
0.002268
0.004463
0.003553
0.005205
0.005033
0.005720
0.002352
0.002265
0.002262
0.002614
0.002799
0.002470
0.003480
0.003392
0.006027
0.005343
0.005812
0.002525
0.002639
0.002374
0.002302
0.002349
0.002382
0.002296
0.002013
0.002169
0.002584
0.007435
0.002689
0.003437
0.002165
0.003374
0.005773
0.002329
0.002474
0.004288
0.002259
0.002408
0.002567
0.002860
0.002239
0.002280
0.002528
0.002413
0.005204
0.001828
0.002325
0.002416
0.001877
0.002587
0.002277
0.002994
0.004087
0.011374
0.003048
0.002700
0.002949
0.002554
0.002258
0.002256
0.002155
0.002427
0.002314
0.002260
0.002288
0.002279
0.002372
0.002357
0.004315
0.005585
0.005854
0.002387
0.002478
0.005166
0.002568
0.002949
0.002379
0.002496
0.003902
0.002431
0.002272
0.002368
0.003515
0.002397
0.002327
0.002446
0.003087
0.003050
0.002702
0.002483
0.003025
0.002938
0.002545
0.002328
0.002286
0.002938
0.002472
0.002282
0.005596
0.002415
0.002305
0.002253
0.002403
0.002430
0.003254
0.002471
0.002272
0.002464
0.002703
0.002467
0.002431
0.002293
0.003334
0.002282
0.002581
0.002241
0.002549
0.002603
0.006090
0.002556
0.002868
0.002248
0.002295
0.002907
0.002427
0.002220
0.002330
0.003255
0.003553
0.002379
0.002193
0.002450
0.002330
0.002515
0.003377
0.002360
0.002801
0.002138
0.002952
0.002059
0.002013
0.002219
0.001932
0.001989
0.002058
0.002352
0.002256
0.002348
0.002318
0.003956
0.002642
0.002353
0.003983
0.002243
0.002276
0.002624
0.002900
0.003770
0.005366
0.005662
0.006400
0.005277
0.005776
0.002384
0.002536
0.002375
0.002681
0.002311
0.002425
0.003137
0.002237
0.001963
0.002807
0.005106
0.006546
0.002280
0.002532
0.002070
0.002155
0.002336
0.001867
0.001912
0.001755
0.001910
0.002139
0.002364
0.003829
0.002232
0.002350
0.001931
0.001961
0.001940
0.001877
0.001812
0.002252
0.001933
0.001776
0.002073
0.002039
0.002112
0.001996
0.002134
0.001824
0.001778
0.003232
0.002787
0.001991
0.003916
0.002395
0.002362
0.002065
0.002304
0.004775
0.002263
0.003214
0.003060
0.005462
0.002604
0.002180
0.002222
0.002978
0.003265
0.004704
0.004144
0.003174
0.002405
0.002602
0.002312
0.002381
0.002612
0.002189
0.003644
0.003146
0.002511
0.002978
0.005970
0.005298
0.002456
0.002377
0.002240
0.002167
0.002280
0.003487
0.002533
0.002623
0.002283
0.002238
0.002609
0.002304
0.002734
0.006107
0.005147
0.002597
0.002123
0.003010
0.002193
0.002733
0.002855
0.002423
0.002175
0.002068
0.002137
0.002269
0.002213
0.002263
0.002255
0.002329
0.002228
0.002176
0.002255
0.002233
0.002248
0.002245
0.002454
0.001820
0.002053
0.002011
0.002058
0.002004
0.001902
0.001900
0.002808
0.001865
0.002980
0.001960
0.004984
0.004705
0.005211
0.004973
0.005283
0.002073
0.002170
0.003107
0.002706
0.002570
0.002234
0.001985
0.002167
0.001969
0.001995
0.002356
0.002173
0.002150
0.001626
0.001804
0.001989
0.002036
0.002456
0.002678
0.002091
0.001955
0.001987
0.001889
0.002086
0.002722
0.002665
0.002491
0.002560
0.003026
0.002460
0.002445
0.007909
0.005323
0.003075
0.002797
0.003128
0.006879
0.005661
0.004595
0.002396
0.003169
0.003986
0.002652
0.002267
0.001721
0.002301
0.002064
0.002284
0.002174
0.002244
0.002323
0.002341
0.002197
0.003655
0.003398
0.002406
0.002321
0.002954
0.002333
0.002183
0.007059
0.002155
0.002132
0.002345
0.002565
0.003392
0.005223
0.006043
0.002380
0.002166
0.002482
0.002297
0.002613
0.001740
0.002290
0.002226
0.002182
0.002171
0.002622
0.002220
0.003254
0.003024
0.005404
0.002190
0.006742
0.002472
0.002120
0.002782
0.001930
0.002082
0.002012
0.002422
0.002237
0.002004
0.004977
0.003687
0.002996
0.001893
0.002057
0.002207
0.002383
0.002446
0.002296
0.002545
0.002387
0.002642
0.002436
0.002856
0.002689
0.002376
0.004271
0.002140
0.002265
0.002311
0.005007
0.002565
0.002833
0.006012
0.007936
0.002550
0.004271
0.003018
0.005471
0.004511
0.002316
0.002698
0.002224
0.002575
0.003133
0.002991
0.007843
0.002474
0.002195
0.002199
0.004323
0.003086
0.002581
0.007025
0.002385
0.005115
0.002281
0.002216
0.005075
0.003102
0.002186
0.002434
0.002724
0.002123
0.002372
0.002145
0.001874
0.002468
0.002501
0.002037
0.001967
0.002153
0.002223
0.002077
0.002770
0.001987
0.002001
0.002533
0.001942
0.002326
0.002621
0.002216
0.002196
0.002768
0.002429
0.002248
0.002274
0.002552
0.002344
0.002216
0.004050
0.002328
0.002291
0.003106
0.002399
0.002530
0.002317
0.002268
0.004180
