0.000142
0.000144
0.000141
0.000294
0.000342
0.000338
0.000143
0.000140
0.000145
0.000241
0.000141
0.000140
0.000345
0.000141
0.000345
0.000225
0.000185
0.000177
0.000179
0.000143
0.000141
0.000372
0.000141
0.000139
0.000141
0.000143
0.000140
0.000140
0.000135
0.000156
0.000332
0.000135
0.000135
0.000135
0.000263
0.000326
0.000137
0.000136
0.000158
0.000328
0.000301
0.000139
0.000129
0.000138
0.000138
0.000141
0.000130
0.000137
0.000249
0.000139
0.000138
0.000137
0.000201
0.000214
0.000138
0.000141
0.000139
0.000137
0.000334
0.000138
0.000135
0.000136
0.000138
0.000137
0.000197
0.000218
0.000189
0.000142
0.000415
0.000131
0.000141
0.000142
0.000140
0.000180
0.000141
0.000196
0.000187
0.000272
0.000154
0.000152
0.000155
0.000169
0.000179
0.000330
0.000327
0.000328
0.000326
0.000353
0.000158
0.000135
0.000133
0.000146
0.000235
0.000233
0.000328
0.000136
0.000140
0.000194
0.000274
0.000142
0.000141
0.000141
0.000140
0.000132
0.000168
0.000169
0.000145
0.000141
0.000139
0.000136
0.000214
0.000136
0.000134
0.000207
0.000135
0.000345
0.000144
0.000144
0.000143
0.000160
0.000144
0.000142
0.000136
0.000137
0.000136
0.000139
0.000212
0.000160
0.000222
0.000249
0.000129
0.000140
0.000334
0.000139
0.000138
0.000211
0.000141
0.000137
0.000136
0.000340
0.000136
0.000139
0.000335
0.000336
0.000139
0.000175
0.000337
0.000187
0.000132
0.000201
0.000144
0.000201
0.000141
0.000336
0.000400
0.000143
0.000143
0.000388
0.000332
0.000137
0.000136
0.000137
0.000145
0.000132
0.000142
0.000186
0.000274
0.000141
0.000143
0.000353
0.000340
0.000344
0.000140
0.000141
0.000143
0.000346
0.000144
0.000141
0.000141
0.000142
0.000254
0.000140
0.000174
0.000132
0.000134
0.000140
0.000141
0.000140
0.000140
0.000131
0.000140
0.000138
0.000147
0.000352
0.000355
0.000350
0.000147
0.000144
0.000354
0.000144
0.000180
0.000135
0.000143
0.000148
0.000158
0.000149
0.000158
0.000162
0.000150
0.000159
0.000162
0.000160
0.000162
0.000161
0.000186
0.000150
0.000140
0.000211
0.000138
0.000137
0.000137
0.000138
0.000144
0.000336
0.000329
0.000335
0.000331
0.000166
0.000138
0.000190
0.000140
0.000138
0.000167
0.000268
0.000264
0.000140
0.000130
0.000138
0.000178
0.000133
0.000169
0.000166
0.000138
0.000132
0.000138
0.000139
0.000139
0.000140
0.000139
0.000140
0.000139
0.000140
0.000191
0.000142
0.000140
0.000167
0.000130
0.000204
0.000132
0.000141
0.000141
0.000142
0.000140
0.000178
0.000140
0.000142
0.000196
0.000140
0.000140
0.000139
0.000139
0.000325
0.000140
0.000164
0.000185
0.000185
0.000298
0.000143
0.000142
0.000141
0.000142
0.000148
0.000142
0.000135
0.000135
0.000138
0.000135
0.000163
0.000140
0.000327
0.000339
0.000135
0.000136
0.000135
0.000140
0.000173
0.000134
0.000128
0.000182
0.000220
0.000328
0.000348
0.000342
0.000334
0.000367
0.000129
0.000136
0.000129
0.000139
0.000131
0.000137
0.000139
0.000333
0.000130
0.000137
0.000137
0.000140
0.000137
0.000146
0.000135
0.000326
0.000143
0.000145
0.000168
0.000269
0.000167
0.000145
0.000199
0.000198
0.000197
0.000344
0.000144
0.000344
0.000139
0.000136
0.000137
0.000342
0.000137
0.000129
0.000138
0.000138
0.000337
0.000334
0.000335
0.000138
0.000332
0.000207
0.000164
0.000139
0.000181
0.000147
0.000138
0.000196
0.000197
0.000357
0.000357
0.000147
0.000148
0.000150
0.000141
0.000148
0.000147
0.000137
0.000137
0.000138
0.000156
0.000329
0.000179
0.000331
0.000328
0.000324
0.000168
0.000142
0.000140
0.000139
0.000131
0.000130
0.000146
0.000140
0.000139
0.000147
0.000288
0.000139
0.000148
0.000141
0.000343
0.000140
0.000140
0.000140
0.000143
0.000170
0.000143
0.000143
0.000147
0.000229
0.000142
0.000143
0.000135
0.000147
0.000142
0.000146
0.000136
0.000145
0.000189
0.000136
0.000145
0.000169
0.000140
0.000139
0.000142
0.000140
0.000340
0.000139
0.000139
0.000170
0.000140
0.000142
0.000140
0.000142
0.000146
0.000140
0.000181
0.000142
0.000143
0.000134
0.000236
0.000197
0.000146
0.000137
0.000160
0.000147
0.000355
0.000145
0.000354
0.000145
0.000170
0.000127
0.000137
0.000144
0.000137
0.000138
0.000135
0.000171
0.000145
0.000138
0.000139
0.000341
0.000269
0.000138
0.000129
0.000163
0.000262
0.000178
0.000137
0.000140
0.000328
0.000145
0.000129
0.000130
0.000134
0.000131
0.000130
0.000122
0.000166
0.000132
0.000124
0.000133
0.000130
0.000159
0.000296
0.000132
0.000132
0.000153
0.000138
0.000146
0.000147
0.000148
0.000145
0.000364
0.000140
0.000337
0.000213
0.000346
0.000132
0.000178
0.000176
0.000140
0.000245
0.000140
0.000140
0.000141
0.000348
0.000142
0.000176
0.000130
0.000142
0.000138
0.000137
0.000210
0.000132
0.000140
0.000136
0.000203
0.000175
0.000310
0.000331
0.000139
0.000138
0.000139
0.000255
0.000139
0.000139
0.000138
0.000202
0.000141
0.000141
0.000144
0.000168
0.000181
0.000129
0.000171
0.000136
0.000139
0.000137
0.000128
0.000158
0.000135
0.000138
0.000194
0.000218
0.000329
0.000331
0.000331
0.000138
0.000136
0.000128
0.000140
0.000161
0.000143
0.000178
0.000220
0.000352
0.000349
0.000348
0.000135
0.000181
0.000148
0.000145
0.000144
0.000136
0.000144
0.000136
0.000138
0.000137
0.000252
0.000348
0.000176
0.000139
0.000192
0.000265
0.000140
0.000139
0.000265
0.000138
0.000145
0.000140
0.000185
0.000142
0.000132
0.000133
0.000140
0.000341
0.000137
0.000137
0.000168
0.000140
0.000145
0.000144
0.000144
0.000256
0.000191
0.000165
0.000223
0.000147
0.000144
0.000145
0.000148
0.000144
0.000150
0.000144
0.000145
0.000142
0.000143
0.000141
0.000260
0.000144
0.000258
0.000360
0.000156
0.000143
0.000354
0.000144
0.000141
0.000138
0.000337
0.000334
0.000137
0.000138
0.000132
0.000210
0.000136
0.000139
0.000138
0.000136
0.000137
0.000326
0.000136
0.000137
0.000155
0.000145
0.000144
0.000142
0.000177
0.000345
0.000144
0.000346
0.000136
0.000144
0.000143
0.000142
0.000139
0.000193
0.000140
0.000138
0.000140
0.000139
0.000131
0.000139
0.000140
0.000193
0.000140
0.000139
0.000128
0.000137
0.000205
0.000345
0.000138
0.000138
0.000135
0.000135
0.000242
0.000332
0.000139
0.000136
0.000146
0.000331
0.000131
0.000140
0.000136
0.000140
0.000137
0.000333
0.000136
0.000130
0.000139
0.000170
0.000158
0.000140
0.000139
0.000140
0.000139
0.000139
0.000147
0.000147
0.000146
0.000147
0.000145
0.000148
0.000145
0.000233
0.000147
0.000147
0.000168
0.000239
0.000225
0.000350
0.000348
0.000352
0.000347
0.000352
0.000140
0.000130
0.000141
0.000162
0.000139
0.000132
0.000201
0.000141
0.000149
0.000142
0.000338
0.000336
0.000135
0.000136
0.000138
0.000136
0.000136
0.000142
0.000143
0.000142
0.000143
0.000143
0.000182
0.000176
0.000380
0.000373
0.000147
0.000135
0.000144
0.000199
0.000139
0.000131
0.000139
0.000139
0.000128
0.000139
0.000139
0.000138
0.000138
0.000140
0.000142
0.000239
0.000138
0.000136
0.000130
0.000137
0.000137
0.000137
0.000139
0.000182
0.000144
0.000197
0.000197
0.000340
0.000134
0.000143
0.000143
0.000160
0.000198
0.000194
0.000347
0.000139
0.000139
0.000142
0.000142
0.000140
0.000134
0.000141
0.000140
0.000141
0.000141
0.000167
0.000297
0.000165
0.000164
0.000142
0.000142
0.000142
0.000143
0.000142
0.000142
0.000142
0.000144
0.000142
0.000141
0.000132
0.000141
0.000351
0.000236
0.000133
0.000144
0.000144
0.000174
0.000145
0.000146
0.000351
0.000145
0.000142
0.000143
0.000147
0.000143
0.000132
0.000128
0.000144
0.000137
0.000138
0.000138
0.000139
0.000160
0.000181
0.000165
0.000143
0.000142
0.000180
0.000142
0.000208
0.000206
0.000143
0.000173
0.000142
0.000149
0.000143
0.000357
0.000349
0.000382
0.000341
0.000342
0.000143
0.000346
0.000200
0.000168
0.000349
0.000372
0.000148
0.000146
0.000147
0.000146
0.000144
0.000135
0.000145
0.000145
0.000140
0.000128
0.000137
0.000166
0.000190
0.000138
0.000130
0.000172
0.000136
0.000149
0.000150
0.000171
0.000172
0.000149
0.000364
0.000152
0.000365
0.000357
0.000358
0.000132
0.000169
0.000174
0.000314
0.000417
0.000140
0.000379
0.000142
0.000344
0.000137
0.000140
0.000333
0.000128
0.000141
0.000139
0.000139
0.000165
0.000164
0.000139
0.000153
0.000234
0.000140
0.000139
0.000139
0.000215
0.000136
0.000138
0.000138
0.000130
0.000172
0.000138
0.000139
0.000206
0.000263
0.000331
0.000366
0.000137
0.000142
0.000142
0.000143
0.000144
0.000133
0.000140
0.000141
0.000180
0.000140
0.000194
0.000153
0.000236
0.000142
0.000160
0.000141
0.000142
0.000129
0.000196
0.000136
0.000137
0.000140
0.000178
0.000136
0.000135
0.000197
0.000135
0.000165
0.000139
0.000136
0.000136
0.000133
0.000146
0.000144
0.000142
0.000144
0.000142
0.000288
0.000142
0.000143
0.000141
0.000144
0.000176
0.000179
0.000140
0.000197
0.000139
0.000138
0.000336
0.000304
0.000138
0.000269
0.000238
0.000345
0.000144
0.000138
0.000143
0.000143
0.000141
0.000168
0.000162
0.000272
0.000139
0.000140
0.000142
0.000175
0.000172
0.000141
0.000161
0.000128
0.000330
0.000127
0.000136
0.000213
0.000137
0.000173
0.000173
0.000142
0.000142
0.000145
0.000133
0.000142
0.000138
0.000144
0.000130
0.000140
0.000216
0.000141
0.000139
0.000185
0.000140
0.000142
0.000138
0.000142
0.000137
0.000128
0.000135
0.000135
0.000136
0.000135
0.000134
0.000136
0.000135
0.000337
0.000135
0.000135
0.000269
0.000142
0.000135
0.000136
0.000135
0.000134
0.000238
0.000234
