0.024664
0.026166
0.028494
0.024957
0.023844
0.021067
0.023438
0.025999
0.022082
0.021098
0.021069
0.027161
0.021130
0.023215
0.023052
0.024251
0.020721
0.020706
0.020891
0.028022
0.029153
0.021414
0.023453
0.020906
0.027209
0.020362
0.026024
0.023080
0.026869
0.025313
0.023208
0.020906
0.028042
0.024747
0.025202
0.026017
0.021735
0.020744
0.020767
0.026753
0.023847
0.022918
0.023032
0.024262
0.021554
0.021210
0.021669
0.020945
0.020972
0.021763
0.023340
0.021017
0.020788
0.020695
0.025373
0.026552
0.027692
0.024373
0.020433
0.027476
0.022799
0.021196
0.020968
0.021377
0.021432
0.021138
0.020925
0.025348
0.020991
0.025944
0.021957
0.026318
0.030647
0.022096
0.020473
0.026000
0.025461
0.026274
0.020128
0.024180
0.020747
0.024850
0.031748
0.025514
0.020421
0.020423
0.020387
0.022650
0.020558
0.022330
0.020503
0.023822
0.020831
0.020917
0.022642
0.020634
0.020955
0.026526
0.022934
0.020850
0.022118
0.024291
0.026113
0.020666
0.022879
0.021162
0.020676
0.023193
0.025184
0.024096
0.027788
0.024707
0.023719
0.023531
0.020574
0.027869
0.022923
0.022264
0.021833
0.024423
0.028511
0.021795
0.028326
0.022727
0.030498
0.022046
0.024106
0.025210
0.020399
0.022221
0.020957
0.022767
0.020449
0.024961
0.021893
0.023415
0.021083
0.026301
0.026267
0.023960
0.020904
0.020945
0.025624
0.021247
0.020703
0.022477
0.031407
0.023918
0.023256
0.028300
0.026695
0.020436
0.026121
0.026190
0.026012
0.022694
0.027573
0.020141
0.020424
0.027801
0.020427
0.021910
0.020689
0.022722
0.020500
0.020218
0.020223
0.021652
0.021305
0.025096
0.020479
0.027240
0.029027
0.021519
0.020313
0.020737
0.022941
0.025670
0.020874
0.020527
0.025630
0.021482
0.020527
0.020619
0.021161
0.020845
0.021903
0.021081
0.020713
0.020638
0.032459
0.023065
0.021246
0.020937
0.020714
0.027263
0.024754
0.021344
0.023460
0.020845
0.020836
0.028378
0.022537
0.020757
0.020610
0.023739
0.022317
0.020470
0.023180
0.020495
0.022495
0.021053
0.020657
0.021704
0.021231
0.021023
0.020760
0.026603
0.020813
0.025282
0.021055
0.024771
0.025768
0.028835
0.028548
0.021299
0.021803
0.020743
0.024712
0.020777
0.020788
0.031926
0.020941
0.020272
0.022606
0.020402
0.020229
0.020218
0.023128
0.020820
0.020922
0.020661
0.020907
0.020370
0.021721
0.020302
0.021819
0.020632
0.021646
0.020535
0.025742
0.022798
0.020578
0.025641
0.020670
0.021056
0.023250
0.020638
0.025276
0.024099
0.023605
0.021403
0.026709
0.021652
0.021654
0.021248
0.027842
0.021369
0.021479
0.021899
0.020958
0.023171
0.023453
0.023811
0.025840
0.021097
0.021695
0.023132
0.027593
0.020897
0.020541
0.020884
0.023971
0.022871
0.031557
0.020456
0.028515
0.024500
0.023859
0.025168
0.023365
0.026347
0.023123
0.024089
0.027746
0.027570
0.030335
0.022833
0.023788
0.028699
0.030436
0.020745
0.020693
0.020631
0.023216
0.020708
0.021074
0.020609
0.027589
0.020465
0.022897
0.022405
0.023327
0.020754
0.026039
0.029851
0.020974
0.020990
0.025966
0.024656
0.021122
0.021472
0.024111
0.023009
0.023819
0.025684
0.021545
0.022494
0.026164
0.026892
0.024331
0.020940
0.023576
0.024986
0.021002
0.028121
0.025870
0.027222
0.021491
0.023567
0.026889
0.022320
0.023518
0.021215
0.020770
0.025796
0.021310
0.024429
0.029239
0.024369
0.020688
0.020835
0.021075
0.028294
0.025120
0.025820
0.026477
0.021250
0.023288
0.020716
0.023301
0.020339
0.022783
0.022632
0.023507
0.020325
0.023282
0.026329
0.025724
0.027702
0.021715
0.024612
0.020392
0.020684
0.020358
0.028361
0.022581
0.024508
0.025688
0.022177
0.023401
0.022813
0.020610
0.020980
0.025509
0.020594
0.020871
0.020642
0.024992
0.021081
0.026302
0.021286
0.032073
0.028252
0.021644
0.021462
0.021634
0.022970
0.025340
0.022677
0.022303
0.029826
0.021030
0.026012
0.025549
0.022369
0.022564
0.020903
0.020588
0.025008
0.028387
0.021036
0.024273
0.023642
0.022548
0.024148
0.022554
0.024518
0.030186
0.027068
0.022897
0.021330
0.025532
0.031749
0.020301
0.022963
0.026380
0.028222
0.022487
0.028344
0.029969
0.021582
0.021110
0.024083
0.024067
0.023897
0.025159
0.026249
0.025364
0.020945
0.021216
0.023348
0.020731
0.029855
0.024400
0.023154
0.023342
0.020551
0.020793
0.020887
0.024902
0.021154
0.020679
0.020520
0.021139
0.020778
0.021084
0.024135
0.020942
0.021603
0.023019
0.032728
0.024502
0.023227
0.024879
0.020802
0.024145
0.021518
0.020618
0.022850
0.020839
0.020834
0.022280
0.020530
0.021367
0.024633
0.020910
0.021264
0.025428
0.021783
0.022541
0.023771
0.027816
0.024608
0.020668
0.023932
0.028126
0.022189
0.021360
0.020782
0.022991
0.022882
0.020783
0.020780
0.025134
0.020677
0.020977
0.027062
0.020769
0.023342
0.020507
0.020467
0.025192
0.022477
0.020879
0.023238
0.029596
0.023663
0.024871
0.023021
0.023058
0.040435
0.025056
0.021871
0.023030
0.020608
0.026741
0.022197
0.027599
0.022296
0.022304
0.020462
0.023991
0.023266
0.020118
0.027526
0.020168
0.021061
0.032272
0.029126
0.024534
0.024968
0.026697
0.022742
0.022860
0.026064
0.026800
0.022290
0.027303
0.025611
0.022671
0.024803
0.020532
0.025994
0.025578
0.020418
0.022801
0.020297
0.023518
0.021035
0.020856
0.021038
0.021382
0.026232
0.024484
0.025619
0.023105
0.021667
0.020982
0.020867
0.026510
0.021570
0.029822
0.026567
0.020867
0.026972
0.020939
0.023718
0.021528
0.023900
0.022419
0.025764
0.021819
0.029642
0.023772
0.022828
0.021634
0.027659
0.021444
0.024028
0.025529
0.028139
0.021915
0.023415
0.023498
0.020932
0.023374
0.021033
0.025867
0.024320
0.020950
0.023749
0.020788
0.027572
0.021252
0.021404
0.031322
0.020963
0.026571
0.024224
0.030343
0.025421
0.028175
0.021621
0.021249
0.022864
0.020585
0.020402
0.029268
0.020684
0.021018
0.027766
0.023641
0.021069
0.024373
0.027037
0.024094
0.022323
0.022145
0.023556
0.022197
0.021991
0.022651
0.021990
0.024114
0.026572
0.022090
0.028182
0.021056
0.021161
0.022257
0.021077
0.021222
0.023232
0.023584
0.021569
0.025044
0.025770
0.028400
0.028923
0.021433
0.020853
0.025663
0.026575
0.020760
0.023110
0.020900
0.022938
0.028738
0.024503
0.022798
0.023130
0.030068
0.020322
0.020935
0.022981
0.020863
0.024307
0.029260
0.028422
0.020695
0.026608
0.025637
0.022589
0.026591
0.020843
0.026417
0.023131
0.025765
0.023265
0.020961
0.031956
0.020958
0.020762
0.022415
0.020573
0.020708
0.021119
0.022240
0.020712
0.028082
0.023316
0.020628
0.023275
0.020813
0.022694
0.023273
0.027321
0.021179
0.020557
0.020707
0.020951
0.022834
0.024446
0.021657
0.028984
0.022670
0.028981
0.021934
0.025108
0.025506
0.021964
0.025664
0.026299
0.022574
0.021852
0.028139
0.023880
0.023984
0.024149
0.023367
0.024881
0.022341
0.020076
0.020015
0.026220
0.024869
0.024891
0.020865
0.021717
0.025646
0.024023
0.021305
0.022865
0.022983
0.021042
0.027687
0.024555
0.020803
0.025302
0.025398
0.029650
0.025251
0.022856
0.021044
0.021852
0.020514
0.022797
0.020620
0.027572
0.024096
0.020746
0.023239
0.020792
0.022607
0.020636
0.024217
0.025944
0.021253
0.024434
0.022208
0.024872
0.022581
0.021139
0.020735
0.021461
0.021182
0.030582
0.022777
0.024010
0.021448
0.021119
0.021196
0.022862
0.021446
0.020950
0.025826
0.028885
0.021323
0.020602
0.021253
0.023340
0.021094
0.021195
0.020904
0.027407
0.022127
0.029830
0.022947
0.020542
0.020724
0.022927
0.020511
0.021150
0.025486
0.029731
0.020702
0.024787
0.020733
0.020593
0.025209
0.021555
0.025728
0.021876
0.021924
0.023100
0.021635
0.025409
0.021782
0.030031
0.028600
0.021090
0.021536
0.024956
0.024464
0.021324
0.023599
0.022257
0.021721
0.023648
0.029249
0.021395
0.021006
0.021455
0.023343
0.021956
0.024604
0.021408
0.021854
0.026370
0.021335
0.021005
0.021358
0.021290
0.029801
0.020890
0.020687
0.024230
0.023120
0.024837
0.021175
0.021039
0.029992
0.020625
0.021829
0.021779
0.020637
0.020709
0.023110
0.020661
0.024349
0.024165
0.031047
0.021543
0.021420
0.026073
0.021652
0.021611
0.021752
0.024101
0.024633
0.027840
0.021569
0.023159
0.021696
0.024186
0.021727
0.025482
0.027623
0.020285
0.023248
0.020911
0.023457
0.020548
0.020872
0.022696
0.028326
0.020825
0.020404
0.020217
0.021137
0.020438
0.020975
0.027938
0.023645
0.021574
0.020658
0.024581
0.021311
0.021594
0.021676
0.025638
0.029522
0.029143
0.024114
0.021911
0.021832
0.023375
0.025550
0.021710
0.020952
0.022669
0.022730
0.021240
0.021718
0.021780
0.024925
0.022630
0.025540
0.020577
0.022267
0.022678
0.024519
0.025163
0.022502
0.026052
0.023119
0.026616
0.021691
0.030303
0.023047
0.020885
0.023311
0.022924
0.028379
0.020964
0.022979
0.023780
0.022122
0.026150
0.022072
0.021494
0.025966
0.026587
0.024324
0.023674
0.021074
0.025792
0.021374
0.024046
0.025888
0.021782
0.021638
0.021801
0.025719
0.026507
0.024416
0.027244
0.022607
0.020959
0.021258
0.022994
0.026493
0.029677
0.021833
0.030950
0.023901
0.021411
0.026213
0.021010
0.021715
0.020876
0.024398
0.030508
0.023170
0.022956
0.024937
0.029504
0.030814
0.021329
0.021155
0.024464
0.022054
0.026091
0.021381
0.021348
0.027171
0.021828
0.020841
0.020703
0.025156
0.023031
0.025481
0.021064
0.023473
0.020899
0.023910
0.023606
0.021873
0.021147
0.020973
0.024035
0.023815
0.021596
0.027395
0.024931
0.023899
0.024673
0.021166
0.020726
0.023370
0.021346
0.024475
0.030111
0.025905
0.024027
0.026079
0.022850
0.022358
0.022433
