0.004437
0.004381
0.001771
0.004256
0.004401
0.001756
0.001757
0.001755
0.001821
0.003455
0.001785
0.001782
0.001836
0.001795
0.001957
0.002210
0.001789
0.002375
0.001765
0.001765
0.001756
0.002122
0.002527
0.002674
0.004249
0.001894
0.001758
0.001772
0.001769
0.001760
0.001747
0.001819
0.002053
0.002634
0.002994
0.003157
0.004072
0.004404
0.001763
0.002445
0.001752
0.002644
0.002320
0.001749
0.002138
0.001759
0.001791
0.002145
0.002503
0.001771
0.001771
0.001754
0.001752
0.001751
0.001779
0.001778
0.001771
0.002690
0.002592
0.004242
0.001968
0.003686
0.004083
0.001773
0.001841
0.002036
0.002057
0.001764
0.001766
0.001779
0.004232
0.004325
0.004291
0.001994
0.002411
0.004125
0.004233
0.003155
0.001766
0.001747
0.003666
0.001758
0.001866
0.001773
0.001780
0.001761
0.001817
0.001764
0.001765
0.001784
0.001770
0.001811
0.001749
0.002536
0.001779
0.001768
0.002119
0.001746
0.001763
0.002216
0.001755
0.001768
0.001760
0.001752
0.002222
0.002330
0.002403
0.001745
0.002057
0.001836
0.003588
0.001762
0.002059
0.001932
0.002506
0.002426
0.001790
0.001792
0.002433
0.001761
0.001745
0.001981
0.002107
0.003706
0.001773
0.002951
0.004177
0.004476
0.002035
0.002842
0.001763
0.001765
0.001800
0.001766
0.001751
0.002057
0.001804
0.001801
0.002340
0.002819
0.001764
0.001761
0.001770
0.004428
0.004264
0.004270
0.004405
0.001747
0.002055
0.003486
0.004266
0.001750
0.004254
0.001764
0.001766
0.006440
0.004255
0.001772
0.002220
0.001780
0.001754
0.002326
0.003098
0.003899
0.001759
0.002542
0.001776
0.001752
0.001751
0.001778
0.002111
0.002343
0.001789
0.004324
0.004364
0.004222
0.003186
0.001756
0.001766
0.001793
0.002358
0.003128
0.001791
0.001764
0.001780
0.001777
0.001771
0.001755
0.001755
0.001777
0.002230
0.002351
0.002334
0.003672
0.004238
0.001776
0.001761
0.001760
0.002196
0.002829
0.001755
0.001766
0.003018
0.001805
0.001761
0.001754
0.001767
0.001748
0.001757
0.002054
0.001776
0.001754
0.001768
0.002702
0.004273
0.001790
0.001766
0.001748
0.001752
0.001745
0.002472
0.002774
0.002948
0.001778
0.001818
0.001758
0.001775
0.001774
0.001754
0.002062
0.001956
0.001832
0.002048
0.001765
0.001810
0.001786
0.001754
0.002668
0.001785
0.002338
0.002064
0.002421
0.003016
0.003214
0.004324
0.004376
0.004405
0.001784
0.001792
0.001777
0.002014
0.001770
0.001789
0.001756
0.001765
0.002109
0.003174
0.004259
0.001774
0.001782
0.001840
0.002653
0.002134
0.001764
0.001765
0.002232
0.002548
0.002781
0.002994
0.002329
0.001772
0.001777
0.001765
0.001780
0.003691
0.001759
0.001788
0.002434
0.003067
0.001783
0.001895
0.001858
0.001752
0.002105
0.001760
0.001757
0.001760
0.001757
0.001760
0.001792
0.001769
0.001781
0.003485
0.001827
0.001793
0.001962
0.001778
0.002630
0.001763
0.001798
0.002027
0.002300
0.004278
0.002721
0.001769
0.002395
0.002439
0.001769
0.001780
0.002468
0.001773
0.001769
0.001990
0.002287
0.001759
0.001813
0.001950
0.001799
0.001784
0.003002
0.002302
0.001793
0.003045
0.001835
0.002690
0.002836
0.001762
0.001750
0.002835
0.003968
0.004422
0.004341
0.004254
0.004526
0.001766
0.001752
0.001781
0.001751
0.002980
0.001772
0.001811
0.001748
0.002684
0.002319
0.002313
0.002733
0.004242
0.004298
0.001771
0.001767
0.001769
0.001810
0.002546
0.003901
0.001759
0.001762
0.001765
0.001777
0.002296
0.002985
0.001772
0.002584
0.001788
0.001859
0.001764
0.001857
0.002048
0.004342
0.001893
0.001819
0.001743
0.002718
0.001779
0.001763
0.002013
0.001767
0.001747
0.003934
0.001750
0.001753
0.002306
0.004245
0.004334
0.004469
0.001794
0.003904
0.001772
0.001756
0.002096
0.001765
0.001796
0.001781
0.004287
0.004314
0.004233
0.001780
0.001779
0.003261
0.002627
0.001743
0.001766
0.001767
0.001746
0.001774
0.001785
0.001766
0.001839
0.002135
0.003544
0.002399
0.001768
0.002333
0.002223
0.001762
0.001749
0.001750
0.001762
0.002551
0.002522
0.004227
0.001761
0.001774
0.002180
0.001777
0.001755
0.003020
0.001759
0.001754
0.003121
0.001808
0.002239
0.002576
0.002675
0.001779
0.001773
0.002582
0.004225
0.004276
0.001777
0.001765
0.001892
0.001788
0.001754
0.002236
0.002209
0.001768
0.001765
0.001756
0.002339
0.001759
0.002138
0.001833
0.001774
0.001769
0.001764
0.001770
0.002327
0.001780
0.001800
0.002266
0.001759
0.001755
0.002342
0.001758
0.002685
0.001808
0.003987
0.001825
0.002252
0.003767
0.001773
0.002241
0.002452
0.003388
0.002451
0.002675
0.001777
0.002162
0.002154
0.004348
0.001753
0.001758
0.002495
0.004525
0.004221
0.001767
0.001762
0.001748
0.003014
0.003146
0.001785
0.001821
0.001950
0.002307
0.001769
0.002470
0.002957
0.003300
0.003374
0.003765
0.001818
0.001747
0.001775
0.002037
0.001956
0.003767
0.001751
0.001781
0.001831
0.001952
0.001745
0.001767
0.001765
0.001762
0.001771
0.001781
0.002045
0.003180
0.001771
0.004535
0.001772
0.002415
0.002103
0.001757
0.002446
0.001783
0.001788
0.001758
0.001820
0.002105
0.002201
0.001745
0.003662
0.001769
0.001759
0.002028
0.001759
0.001797
0.001781
0.001759
0.001772
0.001953
0.002320
0.001800
0.003283
0.001780
0.001761
0.002922
0.003374
0.003673
0.001764
0.001754
0.001852
0.001832
0.001754
0.001760
0.001771
0.001764
0.001739
0.001758
0.002619
0.004354
0.002524
0.002986
0.001799
0.001751
0.001767
0.002116
0.002216
0.001759
0.001751
0.002207
0.004282
0.004247
0.001762
0.002043
0.002226
0.001762
0.001776
0.002214
0.003215
0.003409
0.002778
0.001782
0.001845
0.001802
0.001826
0.001758
0.001804
0.002246
0.002220
0.002419
0.002426
0.004250
0.004228
0.001866
0.001803
0.001783
0.001749
0.001772
0.001757
0.001756
0.001788
0.002540
0.001781
0.001766
0.002224
0.002717
0.002118
0.001989
0.002023
0.001783
0.001763
0.001776
0.003968
0.001770
0.001749
0.001753
0.002062
0.004044
0.001824
0.001802
0.001814
0.001880
0.002233
0.001782
0.001771
0.001783
0.001825
0.001758
0.001763
0.002102
0.004308
0.001765
0.002138
0.001764
0.001784
0.001755
0.001751
0.001880
0.002038
0.001750
0.002694
0.001769
0.001765
0.001745
0.001746
0.001756
0.001755
0.001749
0.001776
0.002343
0.001771
0.001754
0.001835
0.001809
0.003224
0.004254
0.001786
0.001925
0.002215
0.004250
0.001761
0.001763
0.001774
0.001811
0.001759
0.001759
0.002469
0.001854
0.002041
0.001765
0.002793
0.001755
0.001756
0.001758
0.002992
0.003912
0.001764
0.002450
0.001762
0.001802
0.001753
0.003436
0.001769
0.001758
0.002137
0.004293
0.004405
0.001743
0.001761
0.001762
0.001787
0.001748
0.002217
0.001825
0.001752
0.002135
0.001776
0.001758
0.001758
0.002336
0.001771
0.001752
0.001745
0.001772
0.001764
0.002834
0.003893
0.001763
0.001747
0.002047
0.004389
0.001768
0.001760
0.003271
0.001747
0.001754
0.001766
0.001868
0.002842
0.001782
0.001769
0.001882
0.002108
0.004360
0.001763
0.001795
0.002036
0.001755
0.002422
0.001762
0.001751
0.001754
0.001766
0.001766
0.001771
0.002017
0.001775
0.001753
0.001788
0.004320
0.001782
0.001755
0.001776
0.001812
0.001764
0.002336
0.001777
0.001760
0.002128
0.002202
0.003014
0.001770
0.002433
0.002699
0.001908
0.001757
0.001771
0.001749
0.001789
0.002443
0.001755
0.001764
0.001760
0.001765
0.001779
0.001766
0.001741
0.002415
0.002694
0.002840
0.004832
0.001879
0.001745
0.001836
0.001747
0.002439
0.003276
0.002254
0.002306
0.004261
0.004249
0.001791
0.002806
0.001772
0.003521
0.001753
0.002138
0.001832
0.002126
0.002219
0.001795
0.001755
0.001781
0.002174
0.001778
0.001769
0.002579
0.001828
0.003724
0.001770
0.001849
0.001767
0.001904
0.001780
0.001985
0.001786
0.003549
0.001790
0.002052
0.002107
0.001750
0.001764
0.002037
0.001770
0.001771
0.001812
0.001767
0.002294
0.001767
0.001921
0.001811
0.003123
0.004467
0.002152
0.001770
0.003078
0.001848
0.001776
0.002517
0.002017
0.001766
0.003078
0.003132
0.001790
0.002217
0.004289
0.004521
0.001785
0.001771
0.001752
0.001758
0.001745
0.002261
0.002962
0.003830
0.003908
0.001748
0.001761
0.001758
0.002522
0.001752
0.001764
0.002569
0.004261
0.001754
0.002148
0.001987
0.002779
0.004442
0.004381
0.004360
0.004523
0.001906
0.001845
0.001801
0.001780
0.001775
0.001852
0.001781
0.001918
0.001765
0.002317
0.001760
0.002316
0.002668
0.004776
0.004740
0.001772
0.001785
0.001755
0.001759
0.001774
0.002335
0.004113
0.001761
0.002173
0.001799
0.001801
0.001799
0.001763
0.003909
0.001925
0.001877
0.001757
0.002855
0.001797
0.001781
0.001898
0.002353
0.001808
0.001817
0.001972
0.003195
0.001746
0.002113
0.002455
0.001888
0.001765
0.002265
0.001806
0.001855
0.001998
0.002103
0.004311
0.001973
0.001773
0.001758
0.001881
0.001764
0.002327
0.001756
0.002561
0.001928
0.002094
0.001957
0.001775
0.001752
0.001911
0.002303
0.001796
0.001761
0.001814
0.001843
0.001772
0.003911
0.001771
0.001780
0.001757
0.001754
0.001755
0.001997
0.001757
0.001995
0.001999
0.001867
0.003949
0.004356
0.002769
0.004414
0.001845
0.002619
0.001905
0.001808
0.001821
0.001847
0.002884
0.004546
0.001876
0.001844
0.001943
0.004315
0.002209
0.001793
0.003870
0.001814
0.004047
0.001748
0.001772
0.001786
0.002960
0.004356
0.001775
0.001759
0.002218
0.002276
0.001784
0.001752
0.001814
0.001765
0.001765
0.002504
0.002720
0.001746
0.001789
0.001761
0.001901
0.001767
0.002164
0.001923
0.001775
0.001767
0.002125
0.002326
0.001840
0.002330
0.001900
0.002402
0.001778
