0.002246
0.001980
0.002103
0.002129
0.002156
0.002037
0.002094
0.002009
0.002104
0.002344
0.001649
0.001464
0.001926
0.001355
0.001421
0.001444
0.001574
0.001564
0.001330
0.001710
0.001351
0.001832
0.001509
0.001508
0.001371
0.001802
0.001993
0.001758
0.001752
0.001921
0.001777
0.003139
0.004758
0.001854
0.001722
0.001484
0.002581
0.001525
0.002016
0.002026
0.001667
0.001652
0.002252
0.005158
0.002055
0.001494
0.001855
0.001873
0.001424
0.001583
0.001612
0.001824
0.003610
0.001623
0.002945
0.001669
0.002026
0.001404
0.001406
0.001646
0.001608
0.002385
0.002245
0.001778
0.001779
0.002035
0.002303
0.002194
0.001877
0.001854
0.002224
0.002085
0.001957
0.002193
0.001995
0.001930
0.001907
0.001896
0.002160
0.001990
0.002070
0.002980
0.003519
0.005518
0.002606
0.004818
0.004633
0.001816
0.001909
0.001651
0.002287
0.002501
0.001535
0.001967
0.002218
0.001997
0.001918
0.001723
0.001979
0.002078
0.002323
0.004721
0.004912
0.004855
0.002593
0.003825
0.002376
0.004770
0.002192
0.003779
0.005802
0.002718
0.003323
0.003196
0.002299
0.002077
0.002166
0.003349
0.002899
0.003747
0.002053
0.002131
0.003071
0.002049
0.002246
0.002054
0.002210
0.001518
0.001568
0.001872
0.001784
0.001340
0.001224
0.001628
0.002010
0.002094
0.002263
0.002095
0.001608
0.001639
0.001726
0.001816
0.002146
0.002707
0.001937
0.003610
0.001971
0.001775
0.002861
0.001738
0.001489
0.001432
0.002175
0.001774
0.001211
0.001832
0.002057
0.001902
0.002067
0.001782
0.002501
0.001943
0.001740
0.003115
0.004548
0.004505
0.002188
0.001988
0.002625
0.001685
0.001752
0.001478
0.001699
0.001723
0.001605
0.001838
0.002185
0.001709
0.004082
0.004605
0.003094
0.004146
0.004458
0.003964
0.001923
0.001543
0.001696
0.001857
0.004023
0.001809
0.001528
0.001936
0.001685
0.002043
0.001849
0.001961
0.003194
0.002051
0.001639
0.001787
0.001349
0.002053
0.001780
0.001558
0.001385
0.002094
0.003807
0.001524
0.002491
0.001601
0.004148
0.001527
0.001574
0.001375
0.001837
0.001605
0.002593
0.002187
0.002091
0.001911
0.001816
0.001789
0.001895
0.004451
0.005210
0.005980
0.004785
0.004748
0.002196
0.001699
0.001804
0.002315
0.002098
0.002197
0.001844
0.001911
0.002098
0.002166
0.001521
0.001123
0.001215
0.001608
0.001131
0.001253
0.001200
0.001284
0.001222
0.003524
0.005764
0.004618
0.002004
0.002800
0.002385
0.002323
0.002406
0.002105
0.002088
0.002605
0.002322
0.006355
0.004440
0.005645
0.001711
0.001870
0.001720
0.002180
0.001946
0.002031
0.003091
0.004975
0.002011
0.002194
0.001837
0.002156
0.001884
0.001966
0.001637
0.001784
0.001834
0.001778
0.001647
0.001573
0.001834
0.001643
0.001851
0.001739
0.002613
0.003727
0.001787
0.001722
0.001950
0.002099
0.002045
0.002229
0.002156
0.002965
0.001930
0.002086
0.001904
0.002209
0.001867
0.003127
0.002020
0.001666
0.001189
0.001133
0.001403
0.001082
0.001080
0.001355
0.001271
0.001160
0.001117
0.001115
0.002811
0.001346
0.001356
0.001395
0.001847
0.001246
0.001062
0.001092
0.001962
0.002301
0.003657
0.002872
0.004351
0.002196
0.010870
0.002134
0.003802
0.001996
0.003455
0.002113
0.001667
0.001803
0.002329
0.006333
0.004802
0.002088
0.002396
0.001955
0.002225
0.001857
0.001854
0.001946
0.004428
0.001982
0.001847
0.001826
0.001773
0.001702
0.001562
0.001449
0.001598
0.002109
0.001679
0.001638
0.004133
0.003696
0.001921
0.001584
0.001536
0.002858
0.002835
0.001492
0.001440
0.001363
0.001303
0.001486
0.001452
0.001940
0.001669
0.001695
0.002888
0.002434
0.003150
0.003408
0.004203
0.005311
0.002072
0.002356
0.001570
0.001929
0.002210
0.001941
0.002047
0.005160
0.003485
0.002241
0.002391
0.002612
0.006854
0.009311
0.002457
0.001986
0.001585
0.002185
0.001957
0.001736
0.005681
0.007247
0.003050
0.005616
0.002085
0.002900
0.001997
0.009352
0.002243
0.002148
0.002154
0.002013
0.002915
0.002143
0.002006
0.002230
0.002134
0.001933
0.002314
0.003372
0.002029
0.001911
0.003534
0.002066
0.002073
0.003311
0.003121
0.003933
0.001906
0.002750
0.003031
0.001985
0.001713
0.004051
0.002021
0.001901
0.002773
0.001936
0.002056
0.002021
0.003255
0.001958
0.001801
0.000996
0.000884
0.000956
0.000988
0.001754
0.001094
0.014591
0.001290
0.000932
0.000870
0.001236
0.001155
0.001819
0.002801
0.002539
0.002696
0.002319
0.002182
0.001850
0.001931
0.001732
0.002480
0.004317
0.002770
0.003863
0.002383
0.001792
0.003048
0.003161
0.002859
0.001833
0.001779
0.002631
0.001891
0.001792
0.001710
0.001836
0.001843
0.001839
0.002153
0.002164
0.002557
0.002049
0.002194
0.002269
0.005017
0.001609
0.001511
0.002162
0.001536
0.001907
0.001710
0.001701
0.001721
0.001762
0.001669
0.001636
0.001839
0.001817
0.001516
0.002141
0.003611
0.001684
0.003016
0.004177
0.001851
0.001574
0.001657
0.004471
0.004136
0.005195
0.002141
0.001678
0.001738
0.001674
0.001893
0.001851
0.001680
0.001933
0.002044
0.001804
0.001578
0.001876
0.002102
0.003711
0.001951
0.002129
0.001995
0.001727
0.001611
0.001290
0.001926
0.001920
0.001823
0.002282
0.004111
0.007122
0.005074
0.005876
0.002264
0.002508
0.002626
0.002198
0.002249
0.002097
0.002151
0.002461
0.002118
0.002118
0.004747
0.004653
0.003681
0.001618
0.001925
0.002777
0.003476
0.002136
0.001839
0.002151
0.002144
0.003000
0.001640
0.002733
0.001825
0.002129
0.002122
0.001688
0.001742
0.001982
0.001326
0.001897
0.001227
0.001415
0.001462
0.001780
0.002557
0.001420
0.002017
0.002647
0.004396
0.004468
0.001997
0.001729
0.002469
0.002784
0.004697
0.002498
0.001780
0.001794
0.001687
0.001791
0.001760
0.002125
0.003410
0.001705
0.002976
0.001753
0.001714
0.002113
0.001692
0.001990
0.001312
0.001410
0.001061
0.001503
0.001228
0.003066
0.001144
0.001297
0.001028
0.001435
0.001447
0.002760
0.001415
0.001300
0.009326
0.001357
0.002828
0.001620
0.001560
0.001434
0.001337
0.001832
0.001371
0.001432
0.001339
0.001415
0.004571
0.001454
0.001281
0.001404
0.001284
0.001657
0.001505
0.003658
0.003117
0.001459
0.001962
0.002041
0.002114
0.001862
0.001787
0.002306
0.001760
0.000839
0.001137
0.000892
0.001396
0.003017
0.007410
0.001955
0.001643
0.004105
0.001638
0.002492
0.002328
0.002033
0.001590
0.001828
0.001952
0.002004
0.001820
0.002094
0.001595
0.001803
0.004021
0.001802
0.001691
0.001831
0.002170
0.001837
0.002762
0.002711
0.001777
0.001787
0.002307
0.001789
0.001948
0.002070
0.002325
0.001962
0.001904
0.001954
0.001897
0.001890
0.001958
0.001627
0.001862
0.002369
0.002495
0.001938
0.002052
0.001963
0.002122
0.004586
0.004631
0.002170
0.002205
0.002386
0.002040
0.004392
0.001252
0.001417
0.001326
0.001323
0.001349
0.001175
0.001278
0.001462
0.001361
0.001317
0.001401
0.001545
0.001285
0.001243
0.001147
0.001512
0.001277
0.001555
0.001652
0.002121
0.001971
0.001782
0.002520
0.002292
0.001961
0.002235
0.001928
0.002186
0.001923
0.002009
0.001868
0.001752
0.001834
0.001923
0.003080
0.001971
0.001579
0.001754
0.001766
0.002099
0.002594
0.001899
0.001817
0.001705
0.001674
0.001653
0.001773
0.001661
0.001613
0.001562
0.002192
0.001629
0.001568
0.001909
0.002109
0.001139
0.000966
0.001252
0.001159
0.001082
0.001059
0.001980
0.001918
0.001902
0.001988
0.001944
0.003820
0.003969
0.003239
0.004597
0.002174
0.001945
0.002282
0.001928
0.001450
0.001487
0.001291
0.001340
0.002010
0.001258
0.003556
0.002854
0.002516
0.002520
0.002361
0.002018
0.003060
0.004653
0.007975
0.002206
0.002013
0.002322
0.002192
0.001540
0.001509
0.001361
0.001761
0.001739
0.001450
0.001866
0.001486
0.001498
0.001652
0.001550
0.001718
0.001891
0.001565
0.002144
0.001934
0.001984
0.002241
0.002124
0.002295
0.002110
0.001988
0.002065
0.001931
0.004196
0.002197
0.001440
0.002223
0.001801
0.001762
0.001521
0.001780
0.002029
0.001971
0.001696
0.001890
0.003075
0.004904
0.001787
0.004811
0.005516
0.008394
0.001810
0.001697
0.002525
0.002396
0.001928
0.001406
0.001612
0.001978
0.001468
0.001543
0.001698
0.001808
0.001691
0.001826
0.002344
0.001770
0.001634
0.001742
0.002223
0.001791
0.003972
0.002656
0.001931
0.003204
0.001963
0.002077
0.002444
0.002150
0.001983
0.003728
0.006368
0.005816
0.005795
0.005365
0.009423
0.005979
0.004004
0.002182
0.001965
0.002335
0.002330
0.001653
0.001796
0.002235
0.001724
0.001822
0.001804
0.002026
0.003790
0.002031
0.001642
0.001584
0.002211
0.003841
0.003693
0.001794
0.001986
0.001573
0.001741
0.002555
0.002966
0.001721
0.001943
0.002369
0.001958
0.001913
0.005170
0.001832
0.002479
0.003711
0.002501
0.002985
0.001969
0.002990
0.004498
0.001894
0.001832
0.002190
0.002761
0.002516
0.002038
0.002620
0.002009
0.001952
0.002007
0.001954
0.004503
0.002605
0.002015
0.001804
0.003736
0.002029
0.001954
0.001968
0.002119
0.002095
0.002691
0.004538
0.002101
0.002139
0.003000
0.002956
0.001065
0.001119
0.002171
0.001062
0.001054
0.001564
0.002068
0.001099
0.001121
0.001095
0.002386
0.003717
0.002376
0.002326
0.004849
0.007272
0.002157
0.003626
0.005837
0.002706
0.002586
0.002551
0.005055
0.004538
0.002983
0.002950
0.003706
0.002117
0.002128
0.002480
0.003754
0.002694
0.003609
0.002443
0.002111
0.001954
0.002573
0.002749
0.002025
0.002008
0.002102
0.002784
0.002007
0.001991
0.002192
0.001866
0.002162
0.001913
0.002095
0.003280
0.001574
0.001603
0.002552
0.001703
0.001763
0.001781
0.002141
0.001606
0.001759
