0.002916
0.001774
0.001741
0.002967
0.001453
0.000639
0.000894
0.000594
0.001084
0.000814
0.000748
0.000871
0.000820
0.006180
0.000806
0.000726
0.000842
0.001153
0.000835
0.001105
0.001259
0.001024
0.000854
0.001093
0.001313
0.001404
0.000828
0.000717
0.000757
0.000930
0.000732
0.000846
0.000894
0.000900
0.001638
0.002463
0.000764
0.000813
0.000865
0.002838
0.000784
0.000947
0.000745
0.000831
0.000770
0.000763
0.001011
0.000841
0.001059
0.000856
0.000838
0.001080
0.001246
0.001707
0.000904
0.000984
0.000853
0.000810
0.000866
0.000728
0.000960
0.000885
0.000910
0.000828
0.000979
0.000987
0.001062
0.001379
0.001564
0.001908
0.004551
0.001921
0.002332
0.002905
0.000763
0.001230
0.001305
0.001979
0.000724
0.000760
0.000787
0.000991
0.001082
0.001498
0.000983
0.000796
0.000755
0.000736
0.000696
0.000850
0.000724
0.000536
0.000972
0.000608
0.001569
0.000670
0.000570
0.000637
0.001297
0.000696
0.000905
0.000663
0.000628
0.000817
0.000872
0.000807
0.000587
0.000799
0.000679
0.001046
0.001554
0.001541
0.001081
0.001647
0.001609
0.000842
0.000671
0.001152
0.001418
0.000613
0.000541
0.000854
0.000801
0.000812
0.000714
0.000768
0.001165
0.000915
0.000749
0.000923
0.000762
0.000748
0.000722
0.000759
0.000705
0.001800
0.001791
0.000941
0.001659
0.000760
0.000592
0.000671
0.000849
0.000725
0.001000
0.001445
0.001718
0.000715
0.000648
0.001568
0.001489
0.000735
0.000869
0.000648
0.000992
0.000713
0.001812
0.000967
0.001618
0.000857
0.000740
0.000773
0.000812
0.000766
0.000753
0.000984
0.000952
0.000953
0.001380
0.001154
0.002696
0.002515
0.001812
0.000770
0.000851
0.000847
0.000713
0.000771
0.000956
0.001143
0.000905
0.000786
0.000760
0.000762
0.000775
0.001221
0.000837
0.000880
0.000769
0.001022
0.000837
0.000751
0.000710
0.000766
0.000698
0.000784
0.001073
0.001189
0.001383
0.002027
0.001848
0.000965
0.000764
0.000838
0.001617
0.002029
0.000807
0.000745
0.000708
0.000733
0.000728
0.000723
0.000841
0.000972
0.000805
0.001024
0.000573
0.000624
0.000840
0.000603
0.000567
0.000908
0.001789
0.001821
0.001515
0.000694
0.000642
0.000831
0.000675
0.000987
0.000630
0.000828
0.001748
0.001671
0.001597
0.001879
0.000820
0.000757
0.000948
0.000954
0.000702
0.001309
0.001322
0.001470
0.000587
0.000445
0.000503
0.000504
0.000687
0.000659
0.000500
0.000459
0.000898
0.000597
0.000514
0.000789
0.000547
0.000757
0.000631
0.000608
0.000939
0.000861
0.000853
0.000971
0.000751
0.000761
0.000781
0.001061
0.000662
0.000845
0.000924
0.001028
0.000837
0.001894
0.000975
0.000754
0.001394
0.000736
0.000991
0.000781
0.000729
0.001073
0.000910
0.001372
0.001209
0.001279
0.000706
0.002040
0.001639
0.001708
0.000712
0.001000
0.000789
0.001119
0.000946
0.000764
0.000853
0.000793
0.001038
0.000928
0.000848
0.000852
0.000822
0.000872
0.000916
0.001164
0.000733
0.000745
0.000884
0.000804
0.000821
0.000681
0.001620
0.001271
0.000703
0.000668
0.000655
0.001003
0.000613
0.000528
0.000571
0.000694
0.000848
0.000756
0.000870
0.000900
0.000570
0.000557
0.000704
0.000576
0.000712
0.000637
0.001423
0.000670
0.000785
0.000901
0.000855
0.001656
0.001656
0.001898
0.002106
0.001851
0.001127
0.000903
0.000915
0.000764
0.000854
0.000759
0.000751
0.000754
0.001830
0.001836
0.000844
0.000811
0.000695
0.001045
0.000708
0.000615
0.000725
0.000618
0.000645
0.000878
0.002208
0.000664
0.000626
0.001198
0.000751
0.000834
0.000892
0.000704
0.000780
0.000756
0.000787
0.000723
0.000700
0.000945
0.000964
0.000769
0.000802
0.001014
0.000792
0.000692
0.001064
0.000690
0.000935
0.000749
0.000636
0.000842
0.000950
0.000669
0.001089
0.000966
0.000682
0.001170
0.001528
0.001582
0.001632
0.001588
0.000743
0.000738
0.000724
0.000641
0.000658
0.000769
0.001094
0.001055
0.000794
0.000675
0.000968
0.000526
0.000590
0.000554
0.000535
0.003978
0.000548
0.002630
0.000822
0.007804
0.000750
0.000728
0.000536
0.000531
0.000723
0.001176
0.001437
0.001169
0.000978
0.001055
0.000735
0.000820
0.000863
0.001277
0.001756
0.002330
0.000949
0.000765
0.000837
0.000596
0.000619
0.000883
0.000934
0.000597
0.000722
0.000695
0.000678
0.001008
0.000857
0.000730
0.001954
0.000835
0.000747
0.000743
0.000833
0.000743
0.000787
0.000867
0.000820
0.000883
0.000838
0.000853
0.000790
0.000808
0.000850
0.001663
0.001141
0.000975
0.000763
0.001181
0.000715
0.000730
0.000680
0.000747
0.001030
0.000814
0.000733
0.000897
0.000830
0.001293
0.000552
0.000757
0.000543
0.000517
0.000849
0.000767
0.000748
0.001059
0.000727
0.000804
0.000783
0.000824
0.000734
0.000781
0.000758
0.000757
0.000876
0.000795
0.001593
0.000563
0.000783
0.000695
0.000813
0.000779
0.001663
0.002572
0.003577
0.003471
0.000572
0.000543
0.000495
0.000526
0.000764
0.000769
0.001639
0.000731
0.000605
0.000564
0.000549
0.000794
0.000601
0.000985
0.000934
0.000872
0.001092
0.001942
0.001235
0.000822
0.000762
0.000985
0.000910
0.001944
0.000811
0.000740
0.000718
0.000767
0.001010
0.000829
0.000973
0.001002
0.000700
0.000721
0.001246
0.000952
0.000632
0.000675
0.000898
0.000809
0.000683
0.000909
0.002205
0.001574
0.000811
0.003695
0.001026
0.001591
0.000834
0.000670
0.000663
0.000860
0.000693
0.000657
0.000705
0.000713
0.001553
0.001106
0.000642
0.000920
0.001118
0.000894
0.000665
0.000680
0.000784
0.000858
0.000586
0.000871
0.000897
0.000558
0.000592
0.001402
0.000755
0.000590
0.000828
0.000655
0.000711
0.000715
0.002605
0.000731
0.000615
0.003056
0.000615
0.000559
0.000941
0.000636
0.000540
0.000541
0.000614
0.000740
0.000555
0.000534
0.000581
0.000522
0.000620
0.000557
0.000588
0.000801
0.000823
0.000676
0.000923
0.000964
0.000758
0.000776
0.000717
0.001114
0.000875
0.000965
0.000698
0.000717
0.000734
0.002026
0.000756
0.000841
0.001304
0.002642
0.000767
0.000730
0.000671
0.001462
0.000652
0.000481
0.000555
0.000545
0.000610
0.001540
0.000559
0.000549
0.000508
0.001386
0.000639
0.000583
0.000900
0.000825
0.000563
0.000713
0.000577
0.000676
0.000797
0.000610
0.000633
0.001355
0.001781
0.001586
0.000813
0.000734
0.000721
0.001030
0.000862
0.000742
0.000744
0.001021
0.000922
0.000881
0.001054
0.001146
0.000745
0.000796
0.000806
0.000745
0.001968
0.001771
0.000756
0.000871
0.000792
0.000745
0.000837
0.000915
0.000807
0.000851
0.000779
0.000568
0.001096
0.000695
0.002399
0.000717
0.000749
0.001894
0.001012
0.000716
0.000737
0.000674
0.000802
0.000772
0.000633
0.000675
0.000758
0.000666
0.000678
0.000687
0.000957
0.000652
0.000918
0.000730
0.000686
0.001166
0.001567
0.001112
0.000742
0.000812
0.000770
0.000599
0.000795
0.000796
0.000950
0.000716
0.000700
0.000715
0.000794
0.000665
0.000602
0.000916
0.000835
0.000677
0.000813
0.000904
0.001256
0.001172
0.000809
0.000819
0.001155
0.001084
0.000671
0.001333
0.001570
0.000888
0.000657
0.000745
0.000906
0.000767
0.000746
0.001092
0.001223
0.000878
0.000630
0.000957
0.000645
0.001099
0.000596
0.000799
0.000844
0.001143
0.000821
0.001398
0.000712
0.000883
0.000690
0.000707
0.000874
0.000700
0.000554
0.000714
0.000623
0.000841
0.001009
0.000642
0.000844
0.000664
0.000755
0.000867
0.000697
0.000653
0.001556
0.001946
0.001697
0.000860
0.000627
0.000565
0.000535
0.000574
0.000577
0.000727
0.000912
0.000958
0.000929
0.000741
0.001377
0.000881
0.000733
0.000746
0.000965
0.000662
0.000670
0.000677
0.000718
0.000690
0.000869
0.001306
0.000925
0.001686
0.000762
0.000985
0.000961
0.001199
0.000712
0.000844
0.000685
0.000957
0.000816
0.000738
0.000669
0.000687
0.000726
0.001092
0.000861
0.000814
0.000952
0.001347
0.005143
0.000831
0.000720
0.000700
0.001088
0.001557
0.001822
0.000847
0.000736
0.002341
0.000743
0.000749
0.001321
0.001135
0.001007
0.001592
0.000945
0.000961
0.001077
0.007295
0.000947
0.003399
0.002068
0.002032
0.000858
0.001242
0.000792
0.002804
0.000713
0.000715
0.000826
0.000684
0.000686
0.000764
0.000781
0.000668
0.000709
0.000870
0.000839
0.000753
0.000760
0.000740
0.000670
0.000702
0.001121
0.000593
0.000623
0.000620
0.000821
0.001289
0.001818
0.000709
0.000586
0.000535
0.001030
0.001773
0.001692
0.001684
0.000761
0.000870
0.000901
0.000851
0.000744
0.000790
0.001442
0.000851
0.000801
0.000761
0.000850
0.000726
0.000768
0.001155
0.000751
0.000746
0.000887
0.001214
0.002500
0.001428
0.001021
0.000711
0.000633
0.000687
0.001258
0.001388
0.000861
0.000795
0.000645
0.000614
0.000578
0.000717
0.000708
0.001012
0.000839
0.000655
0.000651
0.000859
0.000664
0.000669
0.000943
0.000716
0.000716
0.000786
0.000820
0.000913
0.000851
0.001092
0.000890
0.000846
0.000749
0.000935
0.000795
0.000750
0.000761
0.000917
0.000995
0.001460
0.004449
0.001118
0.000810
0.001370
0.002249
0.000859
0.001908
0.002103
0.000915
0.000762
0.000948
0.000653
0.001160
0.001319
0.001238
0.000815
0.000769
0.000667
0.001968
0.000684
0.000999
0.000550
0.001445
0.000785
0.000550
0.001979
0.000620
0.000762
0.000906
0.001450
0.001046
0.000755
0.000746
0.000726
0.000917
0.000975
0.000747
0.000859
0.000752
0.000894
0.000740
0.000734
0.000740
0.000790
0.000857
0.000766
0.000946
0.000693
0.001045
0.000657
0.000657
0.000739
0.000906
0.001459
0.001443
0.001218
0.000829
0.000607
0.000626
0.000572
0.001453
0.003190
0.001630
0.001302
0.001694
0.001429
0.001473
0.001466
0.001414
0.001431
