1.3010000000000012e-6
0.0009983579999999982
4.844000000000003e-6
4.6516231143115e-8
3.799844303411678e-5
5.418673973180832e-7
1.373500000000003e-5
0.0023343040000000006
1.6189000000000193e-5
3.5337228523466833e-7
7.850971831694597e-5
3.9306948446759373e-7
0.00017895800000000022
0.002909955
0.00024146800000000157
4.4528342296425875e-6
8.245472669200864e-5
5.295017385534546e-6
0.0022924890000000035
0.0039374960000000065
0.0022737990000000004
5.441687874371523e-5
9.549247449208037e-5
5.125367137313406e-5
0.023420278999999985
0.018003414000000013
0.021932042000000013
0.00017623108786183264
0.00011385074704638102
0.00012656291816008825
